0
0.309016994
0.587785252
0.809016994
0.951056516
1
0.951056516
0.809016994
0.587785252
0.309016994
1.22465E-16
-0.309016994
-0.587785252
-0.809016994
-0.951056516
-1
-0.951056516
-0.809016994
-0.587785252
-0.309016994
-2.44929E-16
0.309016994
0.587785252
0.809016994
0.951056516
1
0.951056516
0.809016994
0.587785252
0.309016994
3.67394E-16
-0.309016994
-0.587785252
-0.809016994
-0.951056516
-1
-0.951056516
-0.809016994
-0.587785252
-0.309016994
-4.89859E-16
0.309016994
0.587785252
0.809016994
0.951056516
1
0.951056516
0.809016994
0.587785252
0.309016994
-1.16403E-15
-0.309016994
-0.587785252
-0.809016994
-0.951056516
-1
-0.951056516
-0.809016994
-0.587785252
-0.309016994
-7.34788E-16
0.309016994
0.587785252
0.809016994
0.951056516
1
0.951056516
0.809016994
0.587785252
0.309016994
-2.69546E-15
-0.309016994
-0.587785252
-0.809016994
-0.951056516
-1
-0.951056516
-0.809016994
-0.587785252
-0.309016994
-9.79717E-16
0.309016994
0.587785252
0.809016994
0.951056516
1
0.951056516
0.809016994
0.587785252
0.309016994
1.10218E-15
-0.309016994
-0.587785252
-0.809016994
-0.951056516
-1
-0.951056516
-0.809016994
-0.587785252
-0.309016994
2.32807E-15
0.309016994
0.587785252
0.809016994
0.951056516
1
0.951056516
0.809016994
0.587785252
0.309016994
-2.2056E-15
-0.309016994
-0.587785252
-0.809016994
-0.951056516
-1
-0.951056516
-0.809016994
-0.587785252
-0.309016994
-1.46958E-15
0.309016994
0.587785252
0.809016994
0.951056516
1
0.951056516
0.809016994
0.587785252
0.309016994
-1.96067E-15
-0.309016994
-0.587785252
-0.809016994
-0.951056516
-1
-0.951056516
-0.809016994
-0.587785252
-0.309016994
5.39092E-15
0.309016994
0.587785252
0.809016994
0.951056516
1
0.951056516
0.809016994
0.587785252
0.309016994
-1.71574E-15
-0.309016994
-0.587785252
-0.809016994
-0.951056516
-1
-0.951056516
-0.809016994
-0.587785252
-0.309016994
-1.95943E-15
0.309016994
0.587785252
0.809016994
0.951056516
1
0.951056516
0.809016994
0.587785252
0.309016994
-1.47081E-15
-0.309016994
-0.587785252
-0.809016994
-0.951056516
-1
-0.951056516
-0.809016994
-0.587785252
-0.309016994
-2.20436E-15
0.309016994
0.587785252
0.809016994
0.951056516
1
0.951056516
0.809016994
0.587785252
0.309016994
-1.22588E-15
-0.309016994
-0.587785252
-0.809016994
-0.951056516
-1
-0.951056516
-0.809016994
-0.587785252
-0.309016994
4.65613E-15
0.309016994
0.587785252
0.809016994
0.951056516
1
0.951056516
0.809016994
0.587785252
0.309016994
-9.80955E-16
-0.309016994
-0.587785252
-0.809016994
-0.951056516
-1
-0.951056516
-0.809016994
-0.587785252
-0.309016994
4.4112E-15
0.309016994
0.587785252
0.809016994
0.951056516
1
0.951056516
0.809016994
0.587785252
0.309016994
-7.84145E-15
-0.309016994
-0.587785252
-0.809016994
-0.951056516
-1
-0.951056516
-0.809016994
-0.587785252
-0.309016994
-2.93915E-15
0.309016994
0.587785252
0.809016994
0.951056516
1
0.951056516
0.809016994
0.587785252
0.309016994
-4.91097E-16
-0.309016994
-0.587785252
-0.809016994
-0.951056516
-1
-0.951056516
-0.809016994
-0.587785252
-0.309016994
3.92135E-15
0.309016994
0.587785252
0.809016994
0.951056516
1
0.951056516
0.809016994
0.587785252
0.309016994
-7.35159E-15
-0.309016994
-0.587785252
-0.809016994
-0.951056516
-1
-0.951056516
-0.809016994
-0.587785252
-0.309016994
1.07818E-14
0.309016994
0.587785252
0.809016994
0.951056516
1
0.951056516
0.809016994
0.587785252
0.309016994
-1.23796E-18
-0.309016994
-0.587785252
-0.809016994
-0.951056516
-1
-0.951056516
-0.809016994
-0.587785252
-0.309016994
3.43149E-15
0.309016994
0.587785252
0.809016994
0.951056516
1
0.951056516
0.809016994
0.587785252
0.309016994
-6.86174E-15
-0.309016994
-0.587785252
-0.809016994
-0.951056516
-1
-0.951056516
-0.809016994
-0.587785252
-0.309016994
-3.91887E-15
0.309016994
0.587785252
0.809016994
0.951056516
1
0.951056516
0.809016994
0.587785252
0.309016994
4.88621E-16
-0.309016994
-0.587785252
-0.809016994
-0.951056516
-1
-0.951056516
-0.809016994
-0.587785252
-0.309016994
2.94163E-15
0.309016994
0.587785252
0.809016994
0.951056516
1
0.951056516
0.809016994
0.587785252
0.309016994
-6.37188E-15
-0.309016994
-0.587785252
-0.809016994
-0.951056516
-1
-0.951056516
-0.809016994
-0.587785252
-0.309016994
-4.40873E-15
0.309016994
0.587785252
0.809016994
0.951056516
1
0.951056516
0.809016994
0.587785252
0.309016994
9.78479E-16
-0.309016994
-0.587785252
-0.809016994
-0.951056516
-1
-0.951056516
-0.809016994
-0.587785252
-0.309016994
2.45177E-15
0.309016994
0.587785252
0.809016994
0.951056516
1
0.951056516
0.809016994
0.587785252
0.309016994
-5.88202E-15
-0.309016994
-0.587785252
-0.809016994
-0.951056516
-1
-0.951056516
-0.809016994
-0.587785252
-0.309016994
9.31227E-15
0.309016994
0.587785252
0.809016994
0.951056516
1
0.951056516
0.809016994
0.587785252
0.309016994
-1.27425E-14
-0.309016994
-0.587785252
-0.809016994
-0.951056516
-1
-0.951056516
-0.809016994
-0.587785252
-0.309016994
1.96191E-15
0.309016994
0.587785252
0.809016994
0.951056516
1
0.951056516
0.809016994
0.587785252
0.309016994
8.81869E-15
-0.309016994
-0.587785252
-0.809016994
-0.951056516
-1
-0.951056516
-0.809016994
-0.587785252
-0.309016994
8.82241E-15
0.309016994
0.587785252
0.809016994
0.951056516
1
0.951056516
0.809016994
0.587785252
0.309016994
1.9582E-15
-0.309016994
-0.587785252
-0.809016994
-0.951056516
-1
-0.951056516
-0.809016994
-0.587785252
-0.309016994
1.56829E-14
0.309016994
0.587785252
0.809016994
0.951056516
1
0.951056516
0.809016994
0.587785252
0.309016994
-4.9023E-15
-0.309016994
-0.587785252
-0.809016994
-0.951056516
-1
-0.951056516
-0.809016994
-0.587785252
-0.309016994
-5.8783E-15
0.309016994
0.587785252
0.809016994
0.951056516
1
0.951056516
0.809016994
0.587785252
0.309016994
-1.17628E-14
-0.309016994
-0.587785252
-0.809016994
-0.951056516
-1
-0.951056516
-0.809016994
-0.587785252
-0.309016994
9.82193E-16
0.309016994
0.587785252
0.809016994
0.951056516
1
0.951056516
0.809016994
0.587785252
0.309016994
9.79841E-15
-0.309016994
-0.587785252
-0.809016994
-0.951056516
-1
-0.951056516
-0.809016994
-0.587785252
-0.309016994
7.84269E-15
0.309016994
0.587785252
0.809016994
0.951056516
1
0.951056516
0.809016994
0.587785252
0.309016994
2.93791E-15
-0.309016994
-0.587785252
-0.809016994
-0.951056516
-1
-0.951056516
-0.809016994
-0.587785252
-0.309016994
1.47032E-14
0.309016994
0.587785252
0.809016994
0.951056516
1
0.951056516
0.809016994
0.587785252
0.309016994
-3.92258E-15
-0.309016994
-0.587785252
-0.809016994
-0.951056516
-1
-0.951056516
-0.809016994
-0.587785252
-0.309016994
2.15637E-14
0.309016994
0.587785252
0.809016994
0.951056516
1
0.951056516
0.809016994
0.587785252
0.309016994
-1.07831E-14
-0.309016994
-0.587785252
-0.809016994
-0.951056516
-1
-0.951056516
-0.809016994
-0.587785252
-0.309016994
2.84242E-14
0.309016994
0.587785252
0.809016994
0.951056516
1
0.951056516
0.809016994
0.587785252
0.309016994
-1.76436E-14
-0.309016994
-0.587785252
-0.809016994
-0.951056516
-1
-0.951056516
-0.809016994
-0.587785252
-0.309016994
3.52847E-14
0.309016994
0.587785252
0.809016994
0.951056516
1
0.951056516
0.809016994
0.587785252
0.309016994
3.91763E-15
-0.309016994
-0.587785252
-0.809016994
-0.951056516
-1
-0.951056516
-0.809016994
-0.587785252
-0.309016994
1.37235E-14
0.309016994
0.587785252
0.809016994
0.951056516
1
0.951056516
0.809016994
0.587785252
0.309016994
-2.94287E-15
-0.309016994
-0.587785252
-0.809016994
-0.951056516
-1
-0.951056516
-0.809016994
-0.587785252
-0.309016994
-7.83774E-15
0.309016994
0.587785252
0.809016994
0.951056516
1
0.951056516
0.809016994
0.587785252
0.309016994
-9.80336E-15
-0.309016994
-0.587785252
-0.809016994
-0.951056516
-1
-0.951056516
-0.809016994
-0.587785252
-0.309016994
-9.77242E-16
0.309016994
0.587785252
0.809016994
0.951056516
1
0.951056516
0.809016994
0.587785252
0.309016994
-1.66639E-14
-0.309016994
-0.587785252
-0.809016994
-0.951056516
-1
-0.951056516
-0.809016994
-0.587785252
-0.309016994
-2.25385E-14
0.309016994
0.587785252
0.809016994
0.951056516
1
0.951056516
0.809016994
0.587785252
0.309016994
4.89735E-15
-0.309016994
-0.587785252
-0.809016994
-0.951056516
-1
-0.951056516
-0.809016994
-0.587785252
-0.309016994
-1.5678E-14
0.309016994
0.587785252
0.809016994
0.951056516
1
0.951056516
0.809016994
0.587785252
0.309016994
-1.96315E-15
-0.309016994
-0.587785252
-0.809016994
-0.951056516
-1
-0.951056516
-0.809016994
-0.587785252
-0.309016994
-8.81746E-15
0.309016994
0.587785252
0.809016994
0.951056516
1
0.951056516
0.809016994
0.587785252
0.309016994
-8.82365E-15
-0.309016994
-0.587785252
-0.809016994
-0.951056516
-1
-0.951056516
-0.809016994
-0.587785252
-0.309016994
-1.95696E-15
0.309016994
0.587785252
0.809016994
0.951056516
1
0.951056516
0.809016994
0.587785252
0.309016994
1.27376E-14
-0.309016994
-0.587785252
-0.809016994
-0.951056516
-1
-0.951056516
-0.809016994
-0.587785252
-0.309016994
4.90354E-15
0.309016994
0.587785252
0.809016994
0.951056516
1
0.951056516
0.809016994
0.587785252
0.309016994
5.87707E-15
-0.309016994
-0.587785252
-0.809016994
-0.951056516
-1
-0.951056516
-0.809016994
-0.587785252
-0.309016994
1.1764E-14
0.309016994
0.587785252
0.809016994
0.951056516
1
0.951056516
0.809016994
0.587785252
0.309016994
-9.83431E-16
-0.309016994
-0.587785252
-0.809016994
-0.951056516
-1
-0.951056516
-0.809016994
-0.587785252
-0.309016994
1.86245E-14
0.309016994
0.587785252
0.809016994
0.951056516
1
0.951056516
0.809016994
0.587785252
0.309016994
-7.84393E-15
-0.309016994
-0.587785252
-0.809016994
-0.951056516
-1
-0.951056516
-0.809016994
-0.587785252
-0.309016994
2.5485E-14
0.309016994
0.587785252
0.809016994
0.951056516
1
0.951056516
0.809016994
0.587785252
0.309016994
-1.47044E-14
-0.309016994
-0.587785252
-0.809016994
-0.951056516
-1
-0.951056516
-0.809016994
-0.587785252
-0.309016994
3.92382E-15
0.309016994
0.587785252
0.809016994
0.951056516
1
0.951056516
0.809016994
0.587785252
0.309016994
6.85678E-15
-0.309016994
-0.587785252
-0.809016994
-0.951056516
-1
-0.951056516
-0.809016994
-0.587785252
-0.309016994
-1.76374E-14
0.309016994
0.587785252
0.809016994
0.951056516
1
0.951056516
0.809016994
0.587785252
0.309016994
-2.84254E-14
-0.309016994
-0.587785252
-0.809016994
-0.951056516
-1
-0.951056516
-0.809016994
-0.587785252
-0.309016994
1.76448E-14
0.309016994
0.587785252
0.809016994
0.951056516
1
0.951056516
0.809016994
0.587785252
0.309016994
-6.86421E-15
-0.309016994
-0.587785252
-0.809016994
-0.951056516
-1
-0.951056516
-0.809016994
-0.587785252
-0.309016994
-3.91639E-15
0.309016994
0.587785252
0.809016994
0.951056516
1
0.951056516
0.809016994
0.587785252
0.309016994
1.4697E-14
-0.309016994
-0.587785252
-0.809016994
-0.951056516
-1
-0.951056516
-0.809016994
-0.587785252
-0.309016994
3.13658E-14
0.309016994
0.587785252
0.809016994
0.951056516
1
0.951056516
0.809016994
0.587785252
0.309016994
-2.05852E-14
-0.309016994
-0.587785252
-0.809016994
-0.951056516
-1
-0.951056516
-0.809016994
-0.587785252
-0.309016994
9.8046E-15
0.309016994
0.587785252
0.809016994
0.951056516
1
0.951056516
0.809016994
0.587785252
0.309016994
9.76004E-16
-0.309016994
-0.587785252
-0.809016994
-0.951056516
-1
-0.951056516
-0.809016994
-0.587785252
-0.309016994
-1.17566E-14
0.309016994
0.587785252
0.809016994
0.951056516
1
0.951056516
0.809016994
0.587785252
0.309016994
2.25372E-14
-0.309016994
-0.587785252
-0.809016994
-0.951056516
-1
-0.951056516
-0.809016994
-0.587785252
-0.309016994
2.35256E-14
0.309016994
0.587785252
0.809016994
0.951056516
1
0.951056516
0.809016994
0.587785252
0.309016994
-1.2745E-14
-0.309016994
-0.587785252
-0.809016994
-0.951056516
-1
-0.951056516
-0.809016994
-0.587785252
-0.309016994
1.96439E-15
0.309016994
0.587785252
0.809016994
0.951056516
1
0.951056516
0.809016994
0.587785252
0.309016994
8.81622E-15
-0.309016994
-0.587785252
-0.809016994
-0.951056516
-1
-0.951056516
-0.809016994
-0.587785252
-0.309016994
-1.95968E-14
0.309016994
0.587785252
0.809016994