-1.360
-0.139
3.523
1.082
-0.139
-3.801
-1.360
-0.139
2.302
-2.581
1.082
-0.139
5.964
-2.581
-5.022
-0.139
2.302
2.302
-3.756
-2.535
2.348
1.127
-2.535
1.127
1.127
-1.314
-0.094
-2.535
-0.094
2.348
2.348
2.348
-2.535
2.348
-1.314
-0.094
-3.756
1.127
2.348
2.348
-2.535
4.789
1.127
1.127
-1.314
-2.535
4.789
-0.094
-2.535
-1.314
2.348
2.348
-3.756
-1.314
2.348
-3.756
3.569
-2.535
3.569
-1.314
2.348
-1.314
2.348
2.348
-0.094
-3.756
-3.756
1.127
2.348
-1.314
-1.314
2.348
2.348
-3.756
3.569
-4.976
3.569
-1.314
-0.094
-0.094
-2.535
9.672
-3.756
-1.314
-1.314
3.569
-1.314
-0.094
-0.094
2.348
-2.535
-0.094
1.127
2.348
-2.535
-1.314
1.127
3.569
-3.756
2.348
-3.756
2.348
-1.314
3.569
-1.314
1.127
-0.094
-0.094
-1.314
-2.535
-0.094
1.127
-1.314
2.348
-3.756
2.348
-1.314
-1.314
-1.314
4.789
-1.314
-1.314
-0.094
3.569
1.127
-1.314
-2.535
2.348
-0.094
-0.094
-2.535
1.127
1.127
1.127
-3.756
2.348
-3.756
2.348
-0.094
-0.094
-2.535
-1.314
2.348
6.010
1.127
-4.976
-0.094
3.569
-0.094
-2.535
-3.756
1.127
2.348
-1.314
-2.535
-0.094
1.127
4.789
-0.094
-3.756
1.127
2.348
-0.094
-1.314
-0.094
2.348
-0.094
-1.314
-2.535
2.348
-0.094
-0.094
-3.756
1.127
-0.094
2.348
-3.756
-1.314
2.348
1.127
-1.314
-0.094
-0.094
2.348
-1.314
-0.094
-0.094
-0.094
1.127
-0.094
-1.314
-1.314
-1.314
1.127
-0.094
-1.314
1.127
3.569
-6.197
3.569
-4.976
4.789
-2.535
2.348
-3.756
2.348
1.127
-0.094
1.127
-1.314
2.348
-1.314
-4.976
-0.094
2.348
-2.535
-0.094
-1.314
-0.094
-0.094
-0.094
1.127
1.127
1.127
-0.094
-0.094
1.127
1.127
-1.314
-2.535
-0.094
1.127
-2.535
-1.314
1.127
3.569
-0.094
-0.094
-2.535
3.569
-1.314
-0.094
-0.094
1.127
1.127
-0.094
-4.976
4.789
-0.094
1.127
-2.535
3.569
1.127
2.348
-4.976
3.569
6.010
-0.094
-1.314
1.127
2.348
2.348
-2.535
1.127
3.569
2.348
1.127
-1.314
6.010
-2.535
4.789
-3.756
3.569
-1.314
3.569
-2.535
1.127
-2.535
6.010
3.569
-6.197
4.789
-1.314
2.348
-1.314
-0.094
3.569
-1.314
3.569
-4.976
1.127
-0.094
2.348
-2.535
-1.314
-0.094
1.127
-1.314
-0.094
-0.094
-2.535
-0.094
1.127
1.127
1.127
2.348
2.348
-0.094
1.127
1.127
-2.535
-0.094
-4.976
-0.094
-0.094
1.127
-2.535
2.348
3.569
1.127
-2.535
-2.535
1.127
-1.314
1.127
-1.314
2.348
-0.094
1.127
1.127
2.348
-4.976
1.127
-1.314
1.127
-2.535
-1.314
1.127
2.348
-0.094
-1.314
-1.314
-0.094
1.127
-0.094
-0.094
-0.094
3.569
-0.094
-0.094
-1.314
-0.094
1.127
-3.756
-0.094
-0.094
1.127
-1.314
-1.314
1.127
1.127
-2.535
-1.314
2.348
1.127
1.127
-1.314
-0.094
1.127
-1.314
-0.094
1.127
-0.094
-0.094
-4.976
2.348
1.127
1.127
-3.756
1.127
1.127
1.127
-3.756
1.127
-0.094
1.127
2.348
-2.535
4.789
-1.314
3.569
-4.976
4.789
-1.314
-2.535
-4.976
1.127
3.569
-1.314
-0.094
1.127
-0.094
-0.094
-0.094
-0.094
4.789
-6.197
2.348
-1.314
4.789
-0.094
1.127
-2.535
-1.314
1.127
1.127
-0.094
-2.535
-1.314
-0.094
1.127
-2.535
1.127
-0.094
2.348
-0.094
-0.094
-0.094
2.348
1.127
-0.094
-1.314
-0.094
-1.314
-0.094
2.348
-2.535
-0.094
-0.094
-2.535
1.127
1.127
-1.314
-1.314
-0.094
3.569
1.127
-1.314
-2.535
1.127
-0.094
-0.094
-0.094
2.348
-1.314
-1.314
-1.314
-0.094
-0.094
-0.094
1.127
-2.535
1.127
1.127
3.569
-1.314
-3.756
2.348
1.127
-3.756
-0.094
-6.197
8.451
-1.314
1.127
-7.418
2.348
3.569
-0.094
-0.094
-6.197
1.127
1.127
-0.094
-3.756
-0.094
-0.094
1.127
-0.094
-0.094
1.127
2.348
-0.094
-1.314
-1.314
-0.094
2.348
-0.094
-1.314
-6.197
8.451
-7.418
3.569
-8.639
6.010
-4.976
2.348
2.348
-0.094
3.569
-3.756
2.348
-0.094
3.569
-3.756
-0.094
-3.756
1.127
-1.314
-3.756
2.348
-2.535
7.231
-4.976
1.127
-2.535
3.569
-0.094
-4.976
2.348
2.348
-2.535
-1.314
-1.314
2.348
-1.314
-1.314
-1.314
2.348
-0.094
3.569
1.127
-2.535
-2.535
-1.314
-0.094
-0.094
1.127
1.127
-0.094
-0.094
-2.535
8.451
-1.314
-0.094
-2.535
-1.314
1.127
1.127
-0.094
-2.535
-1.314
-2.535
2.348
-6.197
-1.314
2.348
6.010
2.348
-3.756
1.127
2.348
1.127
-3.756
1.127
1.127
2.348
-3.756
-2.535
-2.535
3.569
-2.535
3.569
-3.756
-0.094
-2.535
-0.094
1.127
2.348
2.348
-2.535
-2.535
-1.314
-0.094
-4.976
1.127
1.127
1.127
-0.094
-0.094
1.127
-2.535
-1.314
-2.535
2.348
-1.314
1.127
1.127
2.348
-3.756
3.569
-6.197
6.010
-1.314
2.348
-4.976
-2.535
1.127
2.348
8.451
-6.197
-1.314
1.127
3.569
-7.418
-3.756
1.127
4.789
-0.094
-1.314
2.348
2.348
2.348
1.127
-0.094
-1.314
4.789
-0.094
-6.197
-3.756
1.127
2.348
-1.314
-0.094
2.348
-0.094
-0.094
-0.094
-1.314
1.127
1.127
-4.976
1.127
-0.094
4.789
-1.314
-1.314
-1.314
2.348
-0.094
-2.535
4.789
-4.976
3.569
-6.197
3.569
2.348
3.569
-2.535
2.348
2.348
3.569
-1.314
-0.094
3.569
4.789
-0.094
-3.756
1.127
2.348
-0.094
-0.094
2.348
-0.094
-0.094
-1.314
2.348
2.348
-0.094
3.569
-3.756
2.348
-2.535
3.569
-2.535
4.789
1.127
1.127
-1.314
1.127
2.348
-1.314
-0.094
-1.314
-0.094
-1.314
-0.094
-0.094
1.127
-1.314
-1.314
-0.094
-0.094
1.127
2.348
-0.094
2.348
-1.314
-3.756
-1.314
-0.094
-0.094
-3.756
1.127
-4.976
6.010
-3.756
3.569
-3.756
1.127
1.127
-0.094
-0.094
-1.314
1.127
-1.314
-2.535
-0.094
3.569
-0.094
-2.535
-1.314
1.127
-1.314
-4.976
1.127
1.127
3.569
-1.314
-0.094
-1.314
2.348
-0.094
1.127
-2.535
1.127
-0.094
1.127
-1.314
2.348
1.127
-1.314
-1.314
-0.094
-0.094
-1.314
-0.094
-0.094
-0.094
-1.314
-1.314
-0.094
-0.094
-0.094
-0.094
2.348
-0.094
-1.314
-0.094
1.127
-0.094
-0.094
-0.094
-1.314
-0.094
-1.314
-1.314
-0.094
-0.094
-0.094
-3.756
2.348
-1.314
3.569
-2.535
1.127
-0.094
2.348
2.348
1.127
1.127
-1.314
-1.314
-0.094
1.127
-2.535
-1.314
3.569
-1.314
1.127
-3.756
2.348
-1.314
2.348
-4.976
-0.094
1.127
4.789
-1.314
-0.094
-0.094
2.348
-3.756
2.348
-0.094
-0.094
-4.976
-1.314
-0.094
3.569
-0.094
-1.314
-0.094
-0.094
-0.094
-1.314
2.348
1.127
1.127
-0.094
1.127
-1.314
1.127
-2.535
-1.314
-2.535
-0.094
-0.094
-2.535
3.569
-2.535
6.010
-3.756
1.127
-2.535
3.569
1.127
-2.535
2.348
-3.756
2.348
-1.314
1.127
-0.094
-0.094
-1.314
-0.094
-0.094
-0.094
-0.094
2.348
-0.094
-2.535
1.127
-0.094
1.127
-0.094
-0.094
1.127
1.127
2.348
-0.094
-0.094
-1.314
-0.094
-0.094
1.127
-1.314
-0.094
-0.094
2.348
-2.535
-2.535
-0.094
-0.094
-0.094
1.127
1.127
2.348
-4.976
6.010
-2.535
1.127
-3.756
1.127
1.127
-0.094
-1.314
2.348
-1.314
-0.094
-2.535
1.127
1.127
-0.094
-2.535
1.127
1.127
-1.314
-2.535
2.348
3.569
-0.094
-2.535
-0.094
2.348
-0.094
-2.535
-1.314
-0.094
2.348
-1.314
-1.314
-1.314
2.348
-1.314
-1.314
-1.314
1.127
1.127
-0.094
1.127
-0.094
-0.094
-1.314
-0.094
-1.314
1.127
-1.314
-0.094
-0.094
1.127
-0.094
-1.314
-0.094
3.569
-1.314
-1.314
-0.094
1.127
-1.314
-0.094
1.127
3.569
-0.094
-2.535
-0.094
1.127
-0.094
-1.314
-1.314
1.127
2.348
-1.314
-1.314
1.127
-0.094
-0.094
2.348
-1.314
1.127
-1.314
3.569
1.127
-1.314
-2.535
1.127
4.789
3.569
-4.976
-1.314
-1.314
2.348
-2.535
-0.094
-0.094
-0.094
-0.094
-2.535
-1.314
-0.113
2.328
3.549
-0.113
-1.334
1.107
1.107
-0.113
-2.555
1.107
-0.113
-1.334
-3.775
3.549
1.107
-2.555
-0.113
2.328
2.328
-1.334
-1.334
2.328
1.107
-0.113