1       50       50      10       
2      100      60        51
3      150      75        20
4      150     150         18
5      300     200        16
6      325     275        17 
7      200     300        12 
8      200     325        14 
9      290     350        19
10     150     425        22
11      60      400       24
12      60      390       20
13      80      375       12
14      65      340        8
15      85      325        7 
16      30      310        5
17      80      300        4 
18     140     280         12
19     135     225         13
20      75      160        8 
21      75      250  	   5
22      25      260        10