-37911.0
17582.0
19795.0
-26968.0
53636.0
-52320.0
122530.
-30716.0
-63768.0
-4908.00
63794.0
16343.0
-9105.00
-15369.0
-41404.0
-15871.0
83125.0
40330.0
31103.0
-37010.0
-42247.0
67002.0
14221.0
-43871.0
20012.0
3727.00
-35569.0
-12.0000
81992.0
-60669.0
19334.0
47577.0
-46580.0
-38344.0
120221.
-66811.0
81055.0
-11333.0
6562.00
-109695.
-70192.0
47765.0
24749.0
-45990.0
37369.0
-3687.00
48308.0
72268.0
-180.000
86533.0
-1537.00
-42.0000
-95308.0
-73348.0
-42981.0
-98443.0
51468.0
73234.0
82784.0
-120069.
-27771.0
-11799.0
9068.00
19838.0
794.000
59438.0
16450.0
41041.0
52398.0
8130.00
118053.
73065.0
-29865.0
-15475.0
27659.0
66155.0
-4159.00
-33027.0
27792.0
33787.0
-104641.
56286.0
29027.0
7904.00
-110841.
3339.00
22232.0
-50486.0
59564.0
6385.00
-68935.0
-30230.0
24989.0
36405.0
19085.0
38583.0
-19925.0
-56130.0
56193.0
-27782.0
7931.00
26802.0
-64107.0
-93087.0
53769.0
25572.0
42131.0
14768.0
6905.00
83760.0
17020.0
1296.00
41944.0
19531.0
118843.
2387.00
-18927.0
63741.0
37528.0
-96946.0
-38835.0
24164.0
-58397.0
-57854.0
41526.0
60305.0
64874.0
-39634.0
53371.0
-32785.0
10284.0
49499.0
-10968.0
-92241.0
95382.0
-13092.0
-65294.0
7253.00
1972.00
38677.0
43152.0
50149.0
26340.0
-73876.0
-70453.0
-70849.0
-67657.0
68184.0
-4759.00
-40048.0
31174.0
6123.00
-25201.0
88234.0
-51540.0
-27183.0
-876.000
-87419.0
-39730.0
37049.0
-2545.00
-10538.0
24277.0
28269.0
38722.0
25767.0
-18245.0
19468.0
40403.0
37393.0
-1141.00
53552.0
36960.0
-44454.0
31987.0
32714.0
-20766.0
-36940.0
18900.0
95473.0
-48162.0
71585.0
51063.0
-15689.0
9438.00
-13444.0
-19275.0
-44650.0
12471.0
69347.0
57541.0
-82989.0
50179.0
-100642.
61310.0
-63269.0
-65141.0
-21435.0
64980.0
-39924.0
-38274.0
-20038.0
25186.0
22241.0
25339.0
-34594.0
-50148.0
-102197.
91822.0
-48270.0
34266.0
-28441.0
-10526.0
65332.0
27968.0
43998.0
-47636.0
51077.0
48482.0
-36012.0
58628.0
-31303.0
-69539.0
67845.0
-24088.0
39292.0
-28816.0
-16443.0
63082.0
-5888.00
-22492.0
24689.0
43571.0
51186.0
-31426.0
-51181.0
-35992.0
-51243.0
-9328.00
51061.0
853.000
-133772.
-14478.0
19148.0
2607.00
-54523.0
-23823.0
136258.
-19858.0
7239.00
74577.0
39795.0
-13942.0
47314.0
104023.
-25460.0
6389.00
-43728.0
27021.0
-25380.0
-19242.0
-9191.00
-95076.0
56033.0
-25731.0
30434.0
21223.0
7673.00
21129.0
19301.0
-27149.0
-11131.0
50206.0
-53181.0
63875.0
-895.000
44003.0
-14232.0
-36706.0
30947.0
68152.0
20498.0
-48769.0
31777.0
64807.0
41105.0
-9166.00
-17273.0
-95177.0
89208.0
-31456.0
-84739.0
-74359.0
-9153.00
343.000
-50693.0
17541.0
74129.0
10524.0
-18313.0
-283.000
-87967.0
82601.0
70533.0
-56824.0
-6686.00
13126.0
-8790.00
-48913.0
-91365.0
-114637.
39078.0
17358.0
-25427.0
-9051.00
-22885.0
-13165.0
1774.00
-11386.0
41573.0
-28404.0
62780.0
-79425.0
-7255.00
139249.
-10049.0
-75058.0
32594.0
53939.0
-6392.00
-8822.00
-14593.0
28365.0
29469.0
76465.0
1335.00
17073.0
-84707.0
-75769.0
-32299.0
72463.0
16326.0
-92265.0
43029.0
-61889.0
-98230.0
-112988.
-89073.0
49443.0
133709.
15750.0
-30431.0
-118921.
15668.0
-41258.0
25709.0
29656.0
-48100.0
12510.0
44175.0
-88588.0
46925.0
51072.0
42335.0
56486.0
2664.00
10498.0
33884.0
-66640.0
-26700.0
75888.0
29343.0
-43330.0
-43649.0
-8224.00
-22524.0
61653.0
67903.0
-52338.0
-17661.0
64445.0
62811.0
-81466.0
-25685.0
28965.0
41706.0
3109.00
22869.0
64211.0
27406.0
31998.0
90206.0
-35428.0
47047.0
-54861.0
-4939.00
-52497.0
20694.0
53284.0
-10150.0
21283.0
25551.0
-41630.0
-89181.0
-6616.00
14823.0
-16982.0
-57764.0
-89221.0
293.000
31153.0
-39740.0
-50966.0
20668.0
-23544.0
-71163.0
-74190.0
-371.000
30939.0
-4695.00
98331.0
-21092.0
68637.0
60475.0
-123858.
-18924.0
-1315.00
52713.0
-38189.0
-13655.0
10353.0
-71686.0
-12448.0
44490.0
29085.0
-68630.0
3071.00
11428.0
41356.0
35398.0
12038.0
105515.
-20389.0
-51090.0
-652.000
115277.
-95206.0
-64483.0
34238.0
37017.0
-1132.00
38127.0
43778.0
29742.0
55274.0
-19761.0
-105223.
-40956.0
-45338.0
6653.00
-57181.0
25716.0
-82555.0
-12783.0
-10524.0
-68442.0
13932.0
-60818.0
35223.0
49140.0
17574.0
-77018.0
-80233.0
103923.
11355.0
31539.0
27036.0
-46743.0
17126.0
-25478.0
-39414.0
-62022.0
-73735.0
30783.0
-6327.00
27071.0
42393.0
8570.00
44072.0
25413.0
-120850.
16656.0
-78359.0
-20092.0
-27171.0
-11853.0
-45894.0
45907.0
-18746.0
-100803.
3787.00
-9708.00
28298.0
-39557.0
-709.000
60228.0
-43561.0
-35430.0
-22165.0
4401.00
-55845.0
-37674.0
-8937.00
-32001.0
-87538.0
8960.00
73512.0
-93614.0
11554.0
-42393.0
27612.0
7850.00
-98546.0
-23985.0
72156.0
79693.0
-94863.0
45224.0
-32541.0
-8655.00
-11476.0
-64103.0
5701.00
53720.0
3799.00
27290.0
30152.0
-41129.0
-24215.0
-7239.00
-54123.0
-28308.0
-27687.0
-2720.00
-47011.0
-22770.0
-212134.
29819.0
-104352.
55306.0
10524.0
-63533.0
-86968.0
11266.0
-61468.0
-2125.00
-63555.0
-83285.0
-106386.
-21994.0
-20031.0
-60558.0
-38491.0
61281.0
9083.00
9858.00
20832.0
-60013.0
-8196.00
-60718.0
-95119.0
-22102.0
77386.0
-65214.0
23895.0
96856.0
55051.0
-77928.0
-78705.0
3349.00
41676.0
-90228.0
-22792.0
-28634.0
54003.0
34660.0
-75793.0
18371.0
56808.0
-42444.0
-31398.0
-25320.0
18715.0
30179.0
5501.00
-69639.0
-34326.0
-17210.0
-36161.0
62844.0
-17435.0
11701.0
-5820.00
-20916.0
-140004.
-91038.0
-31222.0
-78737.0
-102810.
35300.0
-47447.0
87244.0
2651.00
-126458.
111354.
-101846.
-27269.0
-48309.0
42899.0
21120.0
-18605.0
-20354.0
-89259.0
32214.0
-22208.0
-98072.0
-37882.0
35943.0
39024.0
-36896.0
-32883.0
-36201.0
8103.00
14259.0
23131.0
11885.0
33325.0
-14996.0
17216.0
110170.
-7060.00
-44068.0
-13470.0
13154.0
-77186.0
-15946.0
78668.0
2359.00
134821.
59258.0
-31251.0
88556.0
54368.0
-56608.0
79107.0
-23000.0
132072.
10100.0
-15401.0
-38311.0
2120.00
58550.0
-72235.0
38728.0
-49309.0
-48907.0
41662.0
16525.0
-60646.0
-19910.0
-13168.0
-168971.
-56331.0
21632.0
26181.0
-23761.0
-16883.0
270.000
26975.0
-140112.
42442.0
-18909.0
-95841.0
71607.0
21281.0
38770.0
-25477.0
43782.0
-56365.0
-101051.
69548.0
-77386.0
37905.0
83641.0
-64150.0
-51086.0
-20658.0
50990.0
9642.00
-61917.0
52162.0
19294.0
117544.
-39383.0
105055.
-2527.00
994.000
65434.0
-63273.0
3275.00
-26404.0
-72681.0
132999.
-12875.0
5641.00
5545.00
52381.0
-82451.0
53505.0
-9538.00
46342.0
-118956.
65242.0
-79803.0
77621.0
131148.
48867.0
39899.0
82541.0
-54715.0
49773.0
-58608.0
65031.0
-95752.0
58099.0
-101319.
73083.0
-10808.0
10409.0
-42553.0
24190.0
-15132.0
-815.000
-140689.
85909.0
-84051.0
20805.0
-351.000
119654.
-63096.0
41135.0
-1584.00
111574.
-51899.0
213428.
110682.
8859.00
75976.0
16564.0
-112407.
170219.
42612.0
45971.0
-134509.
146365.
40701.0
177743.
-37859.0
50580.0
31885.0
5523.00
3009.00
444.000
81742.0
-145077.
-39423.0
103928.
-41938.0
36968.0
-11471.0
-11504.0
-135982.
116252.
-76680.0
131348.
1249.00
-13616.0
-18789.0
124205.
129044.
108955.
40.0000
26755.0
-83501.0
110029.
-31148.0
106375.
-119254.
8735.00
37044.0
79905.0
-1606.00
-39572.0
37976.0
35920.0
-64051.0
53847.0
-24768.0
143860.
33571.0
102130.
8465.00
11276.0
-91984.0
25300.0
84569.0
8643.00
4515.00
41437.0
-6743.00
90339.0
63422.0
130690.
15093.0
51302.0
24940.0
89026.0
22203.0
47927.0
46507.0
-28923.0
25444.0
-2609.00
-48703.0
-12970.0
27700.0
39484.0
-12875.0
23537.0
12566.0
-34667.0
53331.0
69408.0
17679.0
-114776.
-11534.0
40431.0
13514.0
-68431.0
78572.0
-19019.0
22600.0
-2808.00
-25971.0
-15443.0
-38873.0
49812.0
-124891.
-39519.0
83479.0
-58365.0
-12423.0
-1490.00
-847.000
-2083.00
-17512.0
30159.0
-23300.0
-34241.0
-39834.0
-29358.0
-12742.0
47874.0
-846.000
2434.00
52090.0
-66544.0
-14409.0
28181.0
21607.0
-185046.
-35588.0
-15276.0
-63692.0
-73555.0
2134.00
-18505.0
45084.0
-2857.00
-80330.0
68953.0
88040.0
-16192.0
14885.0
-26222.0
35054.0
113043.
66731.0
-17880.0
113636.
5804.00
-146455.
-18790.0
-21550.0
-5323.00
35223.0
62035.0
5009.00
39026.0
-24621.0
-58454.0
-379.000
17858.0
49579.0
56723.0
-91855.0
97280.0
53355.0
18033.0
79352.0
3555.00
-16485.0
-14416.0
-14065.0
-26292.0
24495.0
36013.0
65550.0
-65212.0
41109.0
111168.
-51237.0
-9326.00
-119626.
34943.0
-35686.0
7645.00
-24805.0
16743.0
-41068.0
-16682.0
11769.0
-87990.0
-8796.00
-81110.0
10532.0
-13558.0
78212.0
-17428.0
-61443.0
-20264.0
-10786.0
105130.
-49386.0
-29097.0
21320.0
13982.0
-24795.0
91014.0
55902.0
54558.0
-36767.0
54344.0
76082.0
-28362.0
14634.0
-20714.0
30357.0
-54441.0
105795.
-61923.0
5298.00
76869.0
-41663.0
-23173.0
-95329.0
107399.
39229.0
-26999.0
-144096.
98451.0
-29773.0
19938.0
21885.0
-56446.0
-7902.00
-41331.0
-86737.0
130326.
40037.0
-51604.0
-7222.00
-8054.00
-916.000
52835.0
-38414.0
-76206.0
-14751.0
105750.
76311.0
61539.0
-94407.0
72522.0
-90868.0
80610.0
36779.0
8954.00
80267.0
-13645.0
27075.0
-25196.0
77219.0
-13660.0
116418.
44748.0
-62891.0
8563.00
-458.000
-56817.0
-18219.0
-72558.0
-1382.00
48526.0
-20978.0
42940.0
22019.0
-75428.0
-4319.00
-17409.0
82354.0
39329.0
-10981.0
7918.00
38062.0
16613.0
73758.0
-32185.0
28809.0
7068.00
27980.0
-77876.0
-112263.
29456.0
93390.0
27733.0
6488.00
-4715.00
55223.0
21172.0
29533.0
-80392.0
-60727.0
5949.00
-9818.00
18777.0
-852.000
-49190.0
19289.0
38205.0
14649.0
-35454.0
-18848.0
90700.0
4295.00
-84844.0
60950.0
43335.0
28604.0
-53972.0
-71099.0
18764.0
-50651.0
58315.0
12021.0
-58120.0
47294.0
-46592.0
71491.0
-12826.0
-85098.0
-57549.0
-2603.00
-83525.0
31787.0
-21737.0
573.000
74736.0
42581.0
-69712.0
4467.00
-61179.0
-100847.
55985.0
45744.0
11144.0
-122027.
-35025.0
22622.0
58173.0
93559.0
56927.0
-71157.0
47842.0
51886.0
49577.0
-3388.00
-15859.0
56355.0
-31581.0
108705.
-27736.0
94630.0
-85476.0
80894.0
-17765.0
-60707.0
-11406.0
-54230.0
-38571.0
-6730.00
1464.00
75927.0
51871.0
-2430.00
123801.
-107725.
-61662.0
-85327.0
16885.0
82754.0
-63089.0
11605.0
-5404.00
16174.0
-69904.0
-40070.0
19489.0
100025.
-71747.0
24731.0
3333.00
-37542.0
-6207.00
10143.0
35991.0
44484.0
-701.000
-110849.
95101.0
116297.
39251.0
-20637.0
-32387.0
-52181.0
-10850.0
-171433.
-64622.0
-90429.0
-3881.00
14307.0
-118726.
-34755.0
-10535.0
-8562.00
-138565.
-96192.0
-22154.0
15107.0
9556.00
-22799.0
-49256.0
-8125.00
-2828.00
15251.0
-12767.0
17664.0
-23342.0
58516.0
-6374.00
-70395.0
51767.0
-129365.
-108852.
27229.0
8525.00
39320.0
39077.0
-28046.0
62734.0
113658.
-28901.0
9276.00
18431.0
46216.0
-27011.0
129340.
-46740.0
80685.0
-18633.0
79371.0
33477.0
13431.0
-26821.0
76152.0
-53150.0
-6466.00
94197.0
16073.0
12349.0
8923.00
83227.0
2192.00
-5969.00
-25557.0
-14958.0
-66188.0
48092.0
40962.0
-5147.00
-58319.0
-44032.0
-80177.0
12368.0
-90284.0
46781.0
-20848.0
-54037.0
-80588.0
-119865.
24276.0
6490.00
-75257.0
-48558.0
44827.0
49077.0
49525.0
-42228.0
42393.0
-86074.0
-88459.0
31603.0
9640.00
28103.0
-19021.0
-47872.0
-64507.0
-1145.00
33859.0
23073.0
-114408.
-20523.0
-67229.0
-31976.0
-14016.0
-23788.0
-87268.0
-30853.0
42443.0
-51317.0
18216.0
36095.0
-44355.0
-63773.0
-49006.0
37218.0
-66509.0
93315.0
-33135.0
19691.0
20863.0
41605.0
34076.0
8977.00
-78324.0
51543.0
-61870.0
-25000.0
-77494.0
-6085.00
-46826.0
18737.0
-30149.0
103370.
-31269.0
-81979.0
-68006.0
-60429.0
91757.0
4503.00
16847.0
60373.0
-93546.0
47950.0
105259.
48611.0
-103770.
-94256.0
30127.0
34944.0
-23744.0
44623.0
-34529.0
51285.0
-12691.0
14742.0
-5331.00
-11129.0
59890.0
25298.0
16871.0
-15630.0
10274.0
56727.0
-41625.0
-22399.0
-35209.0
-72226.0
8913.00
34189.0
-70744.0
121919.
-37021.0
12996.0
41341.0
23540.0
40158.0
2366.00
-23424.0
18283.0
-57405.0
68671.0
-99718.0
63840.0
-67.0000
-42449.0
-38477.0
19836.0
-16290.0
105974.
-44751.0
-23664.0
3049.00
39633.0
-50598.0
23205.0
7747.00
33380.0
-120377.
-40457.0
-31278.0
-27623.0
49834.0
-21302.0
17480.0
90620.0
-21347.0
-118387.
52914.0
32077.0
70913.0
-11502.0
19330.0
-11015.0
-15522.0
6318.00
-132112.
-43383.0
-9985.00
15295.0
-8952.00
50007.0
-21892.0
61197.0
-12888.0
-41720.0
61457.0
-93635.0
-5716.00
-38694.0
77168.0
51563.0
83078.0
30310.0
106839.
-82763.0
1356.00
80345.0
135283.
-75424.0
123235.
10173.0
15817.0
41651.0
19847.0
-3834.00
-101947.
-42901.0
19649.0
38097.0
-65521.0
19440.0
-37224.0
46377.0
-1762.00
-53308.0
-21653.0
-9708.00
-38895.0
-3160.00
-70158.0
-132374.
13728.0
26102.0
23701.0
67206.0
-74492.0
57690.0
57173.0
-126561.
-14494.0
-5173.00
118359.
-85130.0
2922.00
48150.0
-19551.0
-61802.0
132315.
-42637.0
-59339.0
-120231.
-6152.00
-78090.0
-36515.0
-11789.0
-24067.0
-37636.0
14911.0
2742.00
49359.0
-50360.0
-87481.0
-95908.0
49725.0
88858.0
-57992.0
-27148.0
31098.0
-55496.0
-17290.0
-8372.00
-16391.0
-23422.0
52462.0
-83529.0
2561.00
-35845.0
-1391.00
71135.0
32872.0
55368.0
67735.0
-2849.00
-71467.0
-68066.0
23182.0
105387.
-163306.
-47435.0
-45371.0
-55001.0
-87961.0
-34272.0
15845.0
-101435.
69932.0
54861.0
-23018.0
-3428.00
26158.0
57791.0
-16918.0
-5232.00
47019.0
73999.0
28252.0
-13005.0
-42538.0
-99598.0
-45624.0
22814.0
-14748.0
28448.0
92972.0
40654.0
-13598.0
-18697.0
53999.0
-93143.0
33657.0
-51049.0
-45331.0
52952.0
90896.0
-26989.0
-9357.00
-39924.0
-60265.0
-87113.0
16866.0
24247.0
-10062.0
119866.
-48686.0
16286.0
15490.0
4853.00
-62506.0
-111812.
-100044.
-113834.
-103615.
-18345.0
-19804.0
-12695.0
4068.00
33021.0
16753.0
18856.0
62854.0
15134.0
7001.00
-87703.0
21597.0
-51101.0
153979.
-40998.0
87272.0
-64278.0
-5317.00
-72644.0
7002.00
-26351.0
-31922.0
14882.0
-61637.0
56600.0
50779.0
-25981.0
-57271.0
-1788.00
-26119.0
11548.0
14492.0
-49586.0
-66777.0
92674.0
-73925.0
-72629.0
-39975.0
17843.0
-17607.0
114271.
-105542.
59947.0
-104114.
86190.0
-8847.00
57333.0
-18398.0
61854.0
-24004.0
70086.0
-60558.0
-12803.0
63976.0
53583.0
-95343.0
27492.0
82767.0
85406.0
-63358.0
59344.0
-42645.0
-109795.
78566.0
40087.0
23000.0
-27973.0
-40855.0
-36404.0
-4224.00
-51316.0
37355.0
-15439.0
8750.00
-13134.0
44983.0
-9129.00
55934.0
102427.
21784.0
-53285.0
-27196.0
-17759.0
-19301.0
50094.0
4462.00
32523.0
24738.0
-26222.0
-76125.0
-30535.0
22769.0
-42047.0
-27336.0
60766.0
-5643.00
5864.00
-1477.00
89360.0
15806.0
51697.0
90098.0
-53935.0
-58630.0
-13995.0
-33744.0
-5478.00
-24559.0
21483.0
-59738.0
73760.0
-72102.0
86870.0
-37803.0
136248.
-69489.0
10516.0
-22933.0
23607.0
387.000
-111971.
10698.0
-7886.00
-48556.0
70385.0
115277.
12570.0
33399.0
-6408.00
88902.0
-16240.0
-37090.0
58181.0
-28563.0
-75695.0
91249.0
57308.0
-96519.0
55147.0
-48235.0
-42619.0
-46000.0
-68460.0
-17249.0
60698.0
-3179.00
-63449.0
75042.0
19395.0
-54002.0
41153.0
-9814.00
-32687.0
7633.00
-13962.0
4774.00
24474.0
36186.0
-66314.0
9665.00
21529.0
-94842.0
74001.0
49968.0
-13780.0
-28469.0
-36325.0
65982.0
-72464.0
-3227.00
-68275.0
1291.00
-105261.
-2490.00
-150762.
-6753.00
-42595.0
-26308.0
68586.0
-104928.
24854.0
-135131.
18735.0
125251.
-104533.
11272.0
41622.0
-28536.0
16032.0
60047.0
82543.0
-43640.0
-69192.0
1242.00
-46419.0
97904.0
-20980.0
-61826.0
-61455.0
99011.0
-65717.0
-121498.
-25281.0
111056.
33679.0
-1399.00
-40135.0
-77855.0
30157.0
-61659.0
-46449.0
68657.0
7181.00
51342.0
54636.0
42065.0
-34152.0
66556.0
-58318.0
17953.0
26278.0
25384.0
-37307.0
-46346.0
-3024.00
12348.0
8064.00
-60373.0
8015.00
-79777.0
-64483.0
89110.0
-9797.00
-44682.0
-43806.0
-80293.0
-65924.0
19571.0
6810.00
42837.0
35533.0
34537.0
-22971.0
82193.0
2649.00
-17576.0
84117.0
96087.0
-16422.0
74460.0
35283.0
28952.0
-21668.0
26104.0
-14184.0
-74927.0
31067.0
5584.00
-112781.
58486.0
-14950.0
-58229.0
63992.0
11386.0
-74297.0
82317.0
6222.00
105868.
102803.
81039.0
18559.0
-95657.0
-7558.00
-123723.
66938.0
-23177.0
72826.0
2753.00
40960.0
10662.0
-8008.00
105339.
11819.0
-107184.
54052.0
-32500.0
45453.0
-98124.0
45678.0
-18471.0
-4422.00
19079.0
24810.0
47206.0
57135.0
38932.0
12498.0
49255.0
-23560.0
7300.00
111395.
-74623.0
54270.0
-112983.
43312.0
86396.0
64259.0
100033.
4688.00
43961.0
19801.0
-47256.0
20389.0
-25859.0
-80727.0
-43070.0
92681.0
-91233.0
84760.0
-126595.
12522.0
-24234.0
17702.0
5448.00
40321.0
43634.0
64470.0
-102051.
-62552.0
56170.0
-9525.00
-16453.0
-519.000
56306.0
92645.0
-54282.0
-54340.0
-74481.0
-23058.0
-50722.0
11408.0
-48013.0
-6567.00
30183.0
-5983.00
27044.0
-33819.0
-85562.0
-66587.0
-34033.0
20473.0
45524.0
8765.00
-55470.0
-17088.0
65932.0
-11622.0
87283.0
71735.0
1738.00
91724.0
14011.0
74495.0
85767.0
-39881.0
-162132.
-59552.0
19120.0
-1677.00
23421.0
122779.
46449.0
29643.0
38150.0
18754.0
-113487.
17999.0
-42823.0
4099.00
-94881.0
24382.0
16959.0
-14890.0
-51536.0
23404.0
-60734.0
-154451.
38724.0
-37147.0
89102.0
86301.0
-53498.0
92819.0
81215.0
-10246.0
-98389.0
-15663.0
-22735.0
-7390.00
18820.0
-83926.0
-3173.00
93698.0
-67499.0
-72046.0
142308.
-3030.00
64857.0
-122550.
-22551.0
-52908.0
-11255.0
-17917.0
-17515.0
-1960.00
-42858.0
3056.00
14630.0
-19544.0
46404.0
31433.0
-15806.0
-45939.0
-38920.0
-76523.0
126425.
-12112.0
49353.0
-59178.0
59735.0
-23022.0
126801.
11053.0
-26008.0
-125691.
29295.0
-36036.0
6240.00
39507.0
-17599.0
2937.00
-26354.0
-45464.0
48573.0
-51519.0
59485.0
-96676.0
22295.0
-55694.0
43184.0
-171707.
11187.0
19486.0
9830.00
98539.0
72099.0
-7382.00
-55982.0
-55244.0
6245.00
69690.0
-76562.0
-36678.0
-19132.0
-5565.00
-21298.0
-7741.00
43583.0
-3554.00
102272.
30351.0
-44004.0
-18048.0
55280.0
43520.0
2587.00
74513.0
87269.0
26573.0
-72444.0
-81709.0
-75538.0
-13359.0
10795.0
-29097.0
-42488.0
43937.0
-55439.0
-55823.0
2330.00
-160121.
18697.0
59453.0
-10481.0
-32468.0
-62110.0
-53104.0
4918.00
2923.00
-22664.0
23959.0
-18357.0
77784.0
4427.00
-17725.0
8040.00
-29657.0
56806.0
30785.0
5130.00
-637.000
-5586.00
-87636.0
39636.0
58357.0
111283.
12824.0
-105143.
-16564.0
-81382.0
44330.0
-50848.0
-42940.0
-4442.00
53923.0
-113225.
-27090.0
-59025.0
-98471.0
24692.0
-113719.
66744.0
1347.00
-91219.0
22240.0
-4551.00
79991.0
-21503.0
-8052.00
57045.0
21907.0
47559.0
-9951.00
73946.0
-677.000
-87524.0
-9239.00
14848.0
19071.0
101380.
-6963.00
-178201.
18815.0
-59578.0
29067.0
53701.0
102237.
-14562.0
39253.0
-61539.0
15711.0
-23060.0
-41657.0
-16216.0
-46081.0
76504.0
113095.
51536.0
-25669.0
-29848.0
26047.0
91355.0
32855.0
-70085.0
28415.0
-39902.0
49824.0
-6904.00
30014.0
80374.0
-16141.0
-47818.0
-73224.0
-140228.
145304.
45641.0
-110930.
39005.0
-37333.0
66281.0
41516.0
49355.0
19099.0
28991.0
59411.0
-25554.0
83471.0
-15190.0
-79103.0
19214.0
25044.0
-44341.0
4266.00
47595.0
95049.0
-52413.0
21448.0
-19189.0
-44374.0
-83937.0
55121.0
-12281.0
9069.00
-55619.0
26047.0
-8127.00
-45746.0
1616.00
18857.0
-41024.0
18112.0
36582.0
-44756.0
-92366.0
901.000
47173.0
22924.0
-11040.0
20340.0
51241.0
21047.0
189431.
-75609.0
7519.00
60603.0
40501.0
729.000
-12012.0
-5992.00
61865.0
43810.0
4140.00
57178.0
29603.0
19099.0
26606.0
-36278.0
-41546.0
10258.0
55349.0
-77385.0
82948.0
-18522.0
49793.0
84226.0
3776.00
17394.0
54976.0
-11153.0
60656.0
-22262.0
-57131.0
-6593.00
-9096.00
-37893.0
-20724.0
27779.0
-62368.0
8450.00
-11852.0
35321.0
51237.0
-36008.0
60207.0
129271.
-2703.00
-46005.0
-57070.0
-44738.0
-11568.0
-16063.0
-15352.0
-46251.0
-143448.
69440.0
32584.0
-38224.0
-21379.0
-60366.0
22967.0
108261.
96187.0
68324.0
-17761.0
61795.0
21674.0
-93988.0
26431.0
-42874.0
47853.0
55222.0
55744.0
-70840.0
41543.0
48835.0
-32650.0
-11221.0
-12865.0
60732.0
-133641.
-42159.0
-100684.
-33718.0
-24440.0
76950.0
-26922.0
18347.0
-22805.0
52268.0
-97901.0
23113.0
2868.00
-68333.0
21321.0
27222.0
-38303.0
107004.
-69230.0
44870.0
-72455.0
108025.
29651.0
80833.0
-36807.0
-18421.0
-6604.00
3082.00
-53314.0
-51502.0
13672.0
-27098.0
-73118.0
32740.0
1853.00
6678.00
-15892.0
26479.0
12429.0
49907.0
3240.00
-78659.0
20362.0
-37096.0
-30425.0
36846.0
-24310.0
28883.0
-22555.0
49153.0
-42577.0
13652.0
6454.00
4733.00
-22447.0
-17704.0
-28324.0
85688.0
-43036.0
-32984.0
-83079.0
24066.0
40220.0
27949.0
-992.000
-27839.0
92514.0
82063.0
25251.0
70637.0
-49350.0
-5444.00
36824.0
-3206.00
-73808.0
44197.0
-12488.0
-29609.0
-33196.0
46295.0
776.000
34225.0
32730.0
7891.00
-26549.0
8624.00
2750.00
-32176.0
-3210.00
-40783.0
-133915.
-81367.0
-35890.0
-63634.0
-25417.0
-77855.0
-11821.0
28841.0
38881.0
-1100.00
73063.0
4759.00
-98006.0
52382.0
-50029.0
-56055.0
71847.0
23162.0
124487.
-91309.0
-39643.0
-66778.0
36397.0
-31049.0
-4246.00
-28485.0
43061.0
22094.0
104166.
-95048.0
21414.0
19055.0
-12421.0
-46360.0
34593.0
10849.0
14965.0
107968.
25170.0
-165068.
-20442.0
59462.0
90060.0
-34863.0
32641.0
-97940.0
8276.00
-35961.0
-3702.00
44314.0
-16462.0
-142027.
53928.0
-67959.0
-16284.0
27733.0
-34305.0
-7241.00
54436.0
-11310.0
-47833.0
-29889.0
48540.0
-10544.0
-48870.0
25508.0
58375.0
-57447.0
32483.0
-25227.0
99967.0
6283.00
-50438.0
26754.0
-15586.0
-67931.0
-58274.0
-3785.00
18681.0
-48023.0
-68448.0
51717.0
-12148.0
-102621.
36002.0
-11703.0
69299.0
-20746.0
-572.000
-52826.0
18194.0
-108584.
83211.0
-98439.0
-14561.0
-65890.0
101162.
-15465.0
54588.0
-2764.00
-23397.0
56327.0
-2086.00
-91519.0
-25642.0
-68310.0
-41611.0
184.000
80131.0
-25853.0
40366.0
33176.0
-8965.00
98942.0
65563.0
-3178.00
35713.0
7074.00
3365.00
-83227.0
-101832.
23255.0
32099.0
421.000
40144.0
24092.0
-18812.0
33644.0
30448.0
124366.
12427.0
49457.0
21233.0
53355.0
-39180.0
-34852.0
-26989.0
4612.00
-150325.
15403.0
-11964.0
-67844.0
-85156.0
-5410.00
-97637.0
-49700.0
-60269.0
-61160.0
17451.0
33715.0
-31466.0
50654.0
27822.0
34646.0
-16899.0
98668.0
4538.00
84826.0
-17216.0
39141.0
3151.00
93447.0
-109679.
-43763.0
-18126.0
-80377.0
6266.00
136721.
185827.
7895.00
8901.00
-22031.0
-83947.0
69825.0
-29636.0
-22537.0
-49775.0
26396.0
75980.0
77149.0
-36114.0
43786.0
-41409.0
32569.0
69960.0
37184.0
46224.0
-72807.0
-23785.0
40635.0
113128.
1127.00
70898.0
-45001.0
-20241.0
-27398.0
-70089.0
-13896.0
31319.0
15392.0
-13744.0
-29640.0
-37405.0
21559.0
-58025.0
-3389.00
-28278.0
41955.0
-16979.0
24482.0
64313.0
-11248.0
70770.0
47164.0
44118.0
-66985.0
47789.0
90665.0
-97524.0
109874.
3109.00
966.000
44148.0
67912.0
111079.
15033.0
-53137.0
51903.0
26269.0
12695.0
-39701.0
38706.0
28866.0
31297.0
-13928.0
-34427.0
24970.0
-19056.0
30149.0
-87103.0
-25351.0
-55175.0
-52993.0
19648.0
-22131.0
-79305.0
3399.00
136831.
15657.0
-118.000
-49691.0
19337.0
-54868.0
97954.0
59746.0
-54742.0
-29972.0
12829.0
-33135.0
-84147.0
28944.0
-11158.0
89136.0
1688.00
-13151.0
675.000
-57601.0
-33248.0
14374.0
16106.0
-18657.0
23960.0
-51269.0
42290.0
-12958.0
18243.0
20040.0
-63079.0
47587.0
-66607.0
77305.0
-47011.0
142267.
-30532.0
-15129.0
-76951.0
24317.0
49646.0
24385.0
12451.0
48767.0
26502.0
17573.0
47106.0
-18645.0
-70869.0
-81198.0
58913.0
65053.0
-13406.0
77154.0
5285.00
-65219.0
36824.0
-53932.0
-49455.0
17229.0
-24593.0
40544.0
906.000
12040.0
44893.0
-110186.
-24693.0
-135732.
-7807.00
-31344.0
93860.0
9057.00
20459.0
-41868.0
14241.0
-69519.0
8218.00
-58883.0
26243.0
-65094.0
-63901.0
4441.00
44830.0
-59026.0
97589.0
-41492.0
54800.0
928.000
115990.
-61884.0
-80668.0
-54356.0
45024.0
-93549.0
-7266.00
44815.0
-86761.0
-69470.0
43487.0
170868.
3350.00
-30736.0
55676.0
22286.0
10972.0
-39020.0
165399.
47741.0
100760.
37101.0
-7336.00
113646.
14412.0
-35450.0
83688.0
20266.0
158178.
22808.0
78553.0
-79052.0
32147.0
-17927.0
124306.
62235.0
49022.0
-50185.0
69475.0
36495.0
49593.0
-71776.0
-84599.0
-55749.0
-2092.00
-50226.0
37805.0
-6534.00
-12787.0
56380.0
-6360.00
83110.0
-43046.0
-15430.0
21558.0
99084.0
68695.0
50153.0
-145298.
3847.00
-32545.0
-14830.0
-48960.0
-17944.0
-68247.0
-82905.0
-16915.0
-21082.0
-75494.0
-56980.0
66355.0
51574.0
-61841.0
-23598.0
-28635.0
14089.0
11833.0
88023.0
43885.0
-39121.0
35381.0
-5114.00
-71971.0
-38668.0
-47464.0
-12538.0
93428.0
107637.
23549.0
-82741.0
105409.
-26020.0
6899.00
-87442.0
-63033.0
-47499.0
-21353.0
46477.0
89669.0
60090.0
13995.0
-42305.0
-14283.0
-63593.0
-56057.0
-14445.0
-48717.0
-89653.0
61373.0
6379.00
-16478.0
-53917.0
47206.0
-72409.0
117634.
66905.0
-51358.0
-51339.0
-58460.0
-50842.0
47148.0
-104721.
-145699.
58225.0
-131867.
110840.
42257.0
9036.00
-58734.0
17308.0
23897.0
-23769.0
-2130.00
3785.00
-37867.0
57863.0
-38706.0
100174.
-63466.0
-41705.0
56075.0
9839.00
40278.0
5889.00
-136.000
48754.0
-84185.0
89193.0
12366.0
74560.0
-39134.0
22840.0
-70582.0
-70254.0
55295.0
-41352.0
-101415.
-32492.0
11832.0
28012.0
-20958.0
-39935.0
52771.0
-111933.
12660.0
-46714.0
-65066.0
-24615.0
-70582.0
38037.0
78674.0
-33733.0
-97347.0
-22614.0
-13666.0
-37616.0
-20465.0
-22974.0
81892.0
-95619.0
43856.0
-112059.
30009.0
66030.0
-67398.0
-52804.0
41771.0
-84696.0
47126.0
9393.00
75731.0
-17232.0
26949.0
17263.0
36738.0
-90580.0
80856.0
44021.0
36408.0
15359.0
113590.
22978.0
-79428.0
3959.00
61001.0
-26416.0
-27034.0
-20250.0
66490.0
47677.0
58917.0
237116.
49076.0
-47278.0
-30280.0
78055.0
53962.0
-23549.0
13305.0
-100375.
58313.0
-72312.0
910.000
3192.00
-52141.0
56042.0
-114216.
12466.0
-8403.00
-40795.0
-4669.00
24707.0
30642.0
4533.00
-73947.0
75715.0
-1514.00
4437.00
-67330.0
26624.0
-54473.0
57006.0
-55844.0
-32354.0
-130434.
74043.0
87572.0
73929.0
2440.00
134728.
-32147.0
25977.0
-27774.0
31597.0
-77431.0
-21430.0
-27615.0
10319.0
8678.00
90952.0
58594.0
47878.0
19528.0
67023.0
70045.0
29924.0
-54261.0
44255.0
41782.0
54772.0
-24259.0
18629.0
-78296.0
64191.0
30630.0
194448.
-43815.0
-41799.0
96909.0
-23105.0
58623.0
5457.00
-100583.
-27635.0
-70997.0
-78122.0
-118794.
126029.
33460.0
44895.0
-6726.00
16761.0
66935.0
-54429.0
-47860.0
-102871.
32617.0
-12559.0
31010.0
-43563.0
16062.0
-24005.0
-91439.0
99715.0
-9870.00
-33829.0
-55226.0
73936.0
-27828.0
-13952.0
21004.0
-80802.0
-27288.0
-6983.00
-16376.0
28107.0
31159.0
-42727.0
-17705.0
-15344.0
-39882.0
6992.00
63260.0
42307.0
115151.
-29255.0
-59606.0
-22506.0
2562.00
22904.0
85392.0
-7748.00
-4203.00
-95908.0
5789.00
-19144.0
-13831.0
68423.0
77576.0
80303.0
97733.0
-47445.0
44681.0
-43596.0
-4225.00
45107.0
26723.0
-54049.0
-2849.00
100786.
102202.
83644.0
59161.0
17968.0
2382.00
31088.0
25590.0
-28602.0
21552.0
73346.0
68495.0
24890.0
47901.0
61345.0
-84895.0
71154.0
-14712.0
114841.
74292.0
58976.0
69598.0
-19286.0
-31577.0
10056.0
-19593.0
2604.00
-97289.0
40245.0
57880.0
-33669.0
28178.0
16725.0
-682.000
25538.0
-40651.0
78536.0
44636.0
-22021.0
52582.0
15537.0
-26084.0
32102.0
-41113.0
81474.0
-7669.00
43230.0
61448.0
-21039.0
-84505.0
-92293.0
42110.0
40559.0
-80635.0
-23003.0
-64727.0
-71704.0
3432.00
42650.0
-93463.0
-1242.00
-7493.00
-18903.0
-20489.0
-129365.
46265.0
-50050.0
51665.0
52496.0
-41387.0
36891.0
-6997.00
6689.00
74634.0
-4680.00
52695.0
-7355.00
41903.0
45245.0
-103177.
12380.0
14544.0
-16660.0
-28338.0
17869.0
-50304.0
-53409.0
2401.00
-65461.0
-45261.0
-74614.0
-47366.0
102051.
-89223.0
13236.0
23803.0
-18235.0
-52336.0
-36275.0
-49746.0
25451.0
28243.0
17410.0
-45024.0
36705.0
8329.00
-46931.0
18381.0
48413.0
-99886.0
-18184.0
67154.0
-119361.
-66043.0
31497.0
-5055.00
-13431.0
-16572.0
48786.0
-83848.0
55631.0
39458.0
-10454.0
-52400.0
4765.00
-15990.0
13850.0
-78257.0
-13512.0
-18379.0
46851.0
23469.0
-52563.0
5016.00
20467.0
48632.0
-64975.0
5529.00
39288.0
41125.0
-50096.0
52780.0
1992.00
1344.00
-67894.0
131710.
-65365.0
-29479.0
-26849.0
65963.0
28886.0
-27721.0
-69442.0
-18757.0
-11157.0
-73906.0
-12046.0
-66531.0
-38934.0
19287.0
-55431.0
-76992.0
26691.0
23638.0
-45362.0
70547.0
-75930.0
-45634.0
5593.00
-94667.0
-100386.
-39907.0
9231.00
32859.0
-40518.0
76558.0
53477.0
-41584.0
-83801.0
118897.
-91876.0
98254.0
-68626.0
-76369.0
73349.0
1386.00
-15827.0
-18591.0
7640.00
-21365.0
41114.0
110029.
7540.00
65349.0
82906.0
45530.0
14640.0
-41954.0
141679.
40921.0
119202.
-8883.00
120987.
51248.0
101389.
1215.00
102105.
-113722.
-14359.0
71688.0
-30591.0
128594.
-50909.0
17266.0
63219.0
-141068.
59600.0
-25124.0
66127.0
-234609.
-26274.0
-5403.00
-16834.0
-42459.0
42083.0
-56449.0
81688.0
8444.00
41108.0
-59408.0
-59355.0
-38991.0
60667.0
-154889.
3194.00
-148206.
59186.0
303.000
31769.0
-22095.0
128238.
-123155.
-56282.0
23470.0
-44897.0
-52032.0
18538.0
-102586.
-1476.00
-10615.0
50969.0
-107433.
73668.0
-76901.0
-34479.0
-4267.00
-15080.0
-57159.0
32083.0
8770.00
-48604.0
-1058.00
-18944.0
12162.0
78253.0
69895.0
-97908.0
55162.0
11524.0
-10782.0
-134221.
5823.00
-90550.0
57649.0
14123.0
44388.0
53041.0
796.000
48682.0
59648.0
-91363.0
-59327.0
-77183.0
-93704.0
-24476.0
-59965.0
88155.0
-58014.0
50344.0
55395.0
-102059.
52486.0
-47310.0
93906.0
37594.0
40103.0
-71165.0
26428.0
-116863.
145028.
-9484.00
49381.0
-67644.0
5156.00
-100372.
51294.0
-44528.0
12140.0
12772.0
-45147.0
37907.0
2901.00
1701.00
88563.0
-26208.0
34306.0
-20452.0
69486.0
-22589.0
-98212.0
26612.0
60838.0
-70859.0
47725.0
28087.0
-118288.
74933.0
44316.0
62657.0
44869.0
107432.
-74866.0
52831.0
-24802.0
28326.0
-3241.00
12281.0
-69085.0
40294.0
-5097.00
76957.0
-36964.0
78913.0
-38999.0
110803.
4339.00
84647.0
58555.0
144297.
-78355.0
58471.0
-103494.
99901.0
-52750.0
-17481.0
-57508.0
68640.0
-138329.
30097.0
-34705.0
62620.0
-70801.0
30834.0
15999.0
-40575.0
21154.0
100922.
-43312.0
118267.
-42641.0
-47642.0
-39834.0
53001.0
-31272.0
74655.0
-40288.0
24300.0
-142953.
-23721.0
-3819.00
14804.0
59053.0
30172.0
-17395.0
68495.0
42651.0
-110408.
33638.0
-38958.0
101314.
1340.00
12186.0
-90667.0
20781.0
-53504.0
-33684.0
34239.0
-79919.0
3191.00
-40457.0
-50125.0
-33172.0
-60068.0
-35118.0
-37728.0
32087.0
-17956.0
65524.0
49526.0
68376.0
21631.0
-50839.0
59017.0
-48150.0
-36880.0
-3173.00
25558.0
-55223.0
-34797.0
172669.
-50008.0
52724.0
-93826.0
106491.
30394.0
-18668.0
37573.0
50134.0
-23810.0
125963.
559.000
-30131.0
-115548.
14317.0
-65606.0
45480.0
-81205.0
8706.00
86502.0
27728.0
61319.0
-86203.0
-45857.0
25311.0
-65204.0
69612.0
-74261.0
130348.
-197513.
77286.0
-14687.0
42842.0
43011.0
44989.0
145621.
-48042.0
117368.
-81756.0
147517.
-40560.0
-83774.0
70608.0
-24087.0
19772.0
120153.
21751.0
104849.
5340.00
153313.
53503.0
58366.0
58598.0
36839.0
-2552.00
89642.0
15621.0
119841.
-118258.
-35566.0
-29635.0
177808.
-1577.00
112105.
-92860.0
51819.0
39859.0
-11546.0
-95371.0
-43432.0
-71403.0
213459.
-37230.0
55658.0
-80199.0
63283.0
-172458.
-125553.
-53203.0
54541.0
5655.00
50400.0
-101125.
90328.0
-95784.0
58569.0
-147156.
-67682.0
-46388.0
22812.0
-142747.
38759.0
-142468.
37529.0
-158262.
-38268.0
102238.
-98414.0
60455.0
-127168.
-143026.
-80228.0
56672.0
-68121.0
48127.0
-212427.
59361.0
-178930.
-83249.0
-173137.
-55895.0
-8511.00
44939.0
-27771.0
150079.
-118971.
-67920.0
-136563.
9018.00
2703.00
128139.
-79635.0
26873.0
-171721.
3214.00
-49215.0
6614.00
-85280.0
83572.0
-66977.0
45173.0
-126824.
42350.0
-104005.
109865.
-22670.0
90127.0
-6901.00
74097.0
-111825.
67695.0
-34742.0
93033.0
18928.0
206223.
-23106.0
71351.0
126190.
119316.
25233.0
186642.
-100646.
100493.
-47999.0
173765.
12915.0
41447.0
-34070.0
37304.0
-88872.0
46694.0
231707.
61923.0
137716.
-49598.0
82822.0
-42050.0
302377.
57715.0
98897.0
-64494.0
200329.
-131502.
110147.
-67288.0
161729.
-55481.0
130688.
-129263.
141048.
-20038.0
99337.0
-178413.
200300.
-41982.0
197526.
-56159.0
192152.
-53427.0
61194.0
-55466.0
141875.
-30497.0
127449.
-92520.0
71249.0
-203279.
50493.0
-254948.
151078.
-171919.
104576.
-139469.
26848.0
-113074.
193916.
-98845.0
68973.0
-132777.
68376.0
-273969.
35190.0
-90510.0
207959.
-103253.
60461.0
-197210.
-19673.0
-132577.
182522.
-162996.
-97413.0
-198578.
-122370.
-94842.0
-406762.
-3565.00
-365859.
-2891.00
-415173.
148283.
-378555.
49804.0
-321096.
88798.0
-349440.
136004.
-406269.
122711.
-326855.
138640.
-370983.
60131.0
-434814.
218171.
-455211.
213535.
-344157.
105087.
-270962.
248620.
-390625.
242956.
-250090.
236706.
-185265.
162534.
-240620.
262683.
-226055.
243954.
-165369.
294073.
-208206.
200434.
-334581.
194995.
-164430.
326779.
-251032.
308063.
-330582.
304342.
-196250.
332462.
-161866.
391395.
-182118.
414652.
-147810.
381780.
-112401.
407729.
-151371.
371999.
-63105.0
359480.
-86186.0
302797.
-1.44705E+006
203237.
-1.31045E+006
370293.
-1.34531E+006
443992.
-1.47834E+006
456782.
-1.34375E+006
497798.
-1.33322E+006
538006.
-1.20239E+006
687181.
-1.13777E+006
641776.
-1.17897E+006
797059.
-1.11982E+006
795447.
-1.01730E+006
776208.
-1.00078E+006
867838.
-973787.
889050.
-996719.
961681.
-911707.
962997.
-900956.
969054.
-748105.
1.02657E+006
-753483.
1.23432E+006
-729708.
1.15738E+006
-823889.
1.17278E+006
-635234.
1.21983E+006
-636496.
1.26766E+006
-562603.
1.33418E+006
-528661.
1.38625E+006
-408264.
1.11305E+006
-302382.
1.27907E+006
-237356.
1.22034E+006
-191791.
1.19785E+006
-284802.
1.38155E+006
-233554.
1.17424E+006
-33862.0
1.37079E+006
8430.00
19372.0
77277.0
26194.0
54521.0
-67175.0
-3473.00
-104279.
50743.0
-3668.00
64669.0
70066.0
71399.0
1716.00
127218.
112209.
64654.0
-73779.0
167694.
53234.0
113331.
-59983.0
110315.
38608.0
155948.
-30150.0
117620.
24185.0
130960.
-388.000
42122.0
-4977.00
95298.0
-28427.0
77560.0
-102341.
120056.
-90468.0
-22369.0
-57830.0
90378.0
-33667.0
119180.
-124184.
39619.0
-63418.0
114495.
-30754.0
158868.
-40693.0
43124.0
-104854.
174082.
171.000
140518.
-138200.
22633.0
-84603.0
58209.0
-20760.0
35552.0
-79413.0
13065.0
-71745.0
30954.0
8749.00
-10460.0
2067.00
-148942.
-51453.0
40513.0
49854.0
20896.0
-127945.
75378.0
-108237.
-35478.0
5655.00
-57227.0
-76762.0
26909.0
-82682.0
-59877.0
6262.00
74749.0
-82971.0
-89130.0
-3830.00
14125.0
-10747.0
-27366.0
-313.000
28784.0
-35650.0
16176.0
21523.0
-56631.0
-23456.0
-129245.
-38616.0
-182964.
-38751.0
-33605.0
5792.00
-74847.0
68491.0
-7698.00
-53330.0
-35713.0
-29698.0
-118372.
-79499.0
75522.0
26423.0
-67241.0
85725.0
-95847.0
-79720.0
91879.0
-44953.0
-61299.0
95334.0
-54540.0
-36801.0
-58454.0
102766.
-51940.0
-78493.0
-242215.
90056.0
16777.0
7381.00
69421.0
108349.
-19913.0
11753.0
-54868.0
-82974.0
8297.00
86702.0
-121090.
75479.0
40294.0
39148.0
84373.0
184114.
-95666.0
6885.00
42044.0
75414.0
-48742.0
155907.
-127912.
99978.0
2991.00
67969.0
52245.0
-38167.0
-52297.0
83742.0
-70995.0
4680.00
16941.0
18879.0
-92431.0
78969.0
-37597.0
14576.0
-65802.0
-34512.0
90422.0
-36897.0
36498.0
131589.
-74213.0
62330.0
19886.0
8512.00
97052.0
63694.0
-142232.
-14326.0
121962.
74835.0
41035.0
12400.0
10352.0
-17483.0
111940.
60308.0
68276.0
-13027.0
16022.0
-33209.0
74134.0
-51831.0
-23937.0
66254.0
-80728.0
29784.0
83461.0
-88590.0
131180.
7826.00
-119924.
-145860.
-27620.0
23895.0
-12266.0
-3568.00
-40129.0
-44797.0
66784.0
-174014.
33006.0
-90240.0
-112128.
-31211.0
-37954.0
-73241.0
33780.0
-43539.0
-77674.0
-40212.0
-3210.00
52842.0
-84937.0
28396.0
-18508.0
-8116.00
36308.0
29017.0
46431.0
-110985.
27277.0
-96180.0
5696.00
87045.0
-170017.
37396.0
-22041.0
-96380.0
-26555.0
-113443.
19715.0
-117781.
-40980.0
-88803.0
-26244.0
21986.0
32044.0
-102857.
89205.0
-30294.0
-71604.0
18295.0
101446.
45379.0
-22286.0
41957.0
2332.00
-29263.0
-9229.00
123533.
29523.0
79261.0
10611.0
-65763.0
-50965.0
-41221.0
-14078.0
-9089.00
-20810.0
57344.0
6291.00
-38352.0
-3011.00
100143.
26188.0
30399.0
-12943.0
79837.0
-48182.0
55693.0
-9865.00
67527.0
-8011.00
67375.0
-216.000
10814.0
-86891.0
68243.0
-26611.0
172335.
19113.0
48717.0
-71763.0
-30054.0
-35891.0
143041.
24863.0
135557.
-29200.0
30429.0
4701.00
45006.0
-125351.
13532.0
35663.0
-26448.0
15633.0
13107.0
20194.0
36835.0
-19665.0
-66299.0
-600.000
126956.
28211.0
9768.00
3502.00
71858.0
-49258.0
22537.0
150382.
116180.
131329.
-42066.0
-45337.0
-28357.0
146867.
-19567.0
-16611.0
-41550.0
46379.0
-63286.0
49707.0
-46746.0
-12073.0
16041.0
-90083.0
37682.0
-29342.0
-100091.
56931.0
31789.0
50646.0
136548.
-47709.0
-112137.
3571.00
1454.00
99170.0
10985.0
39886.0
-102591.
29129.0
57849.0
130886.
-21314.0
110914.
-165550.
56407.0
-4784.00
-18370.0
-74940.0
-25277.0
-60835.0
-14202.0
-82886.0
-13698.0
-14856.0
-29925.0
-14489.0
3917.00
32113.0
14694.0
-107275.
-43355.0
75029.0
56455.0
-44750.0
-4047.00
-82625.0
-70010.0
131339.
-45606.0
1522.00
-61730.0
-66504.0
-154315.
4541.00
-51123.0
-35289.0
-60387.0
39860.0
-119460.
-100574.
19192.0
14652.0
-62584.0
-6379.00
-41696.0
71353.0
-72393.0
29233.0
-230612.
-76063.0
-3781.00
46688.0
-166570.
-24786.0
-96310.0
-4482.00
-60093.0
94730.0
-30787.0
145899.
-31306.0
74737.0
38131.0
53374.0
-59182.0
41750.0
-99932.0
55450.0
53145.0
38634.0
-91564.0
21108.0
-49702.0
3834.00
-30511.0
111275.
-3608.00
-71671.0
70692.0
51617.0
-149022.
49001.0
31886.0
-52599.0
-45554.0
248459.
-80770.0
42307.0
43659.0
75873.0
-63890.0
-37238.0
36974.0
37864.0
26356.0
-69564.0
110646.
-2310.00
50514.0
102900.
38297.0
-44952.0
-62278.0
-22245.0
79876.0
16746.0
80996.0
28103.0
98926.0
-139588.
144970.
15444.0
26338.0
-80438.0
-8664.00
-60502.0
5669.00
-194833.
34144.0
-100566.
67693.0
64180.0
27012.0
-46354.0
38716.0
-105272.
157000.
741.000
59243.0
-53557.0
-62103.0
-30148.0
-80917.0
-32664.0
123669.
-16806.0
77251.0
-50063.0
-18068.0
-23770.0
-46010.0
-116520.
33570.0
-39792.0
73898.0
26554.0
-41082.0
-63410.0
42260.0
69646.0
87990.0
-13690.0
-33542.0
27282.0
71729.0
-14210.0
-40449.0
-18063.0
-58881.0
9069.00
35268.0
48783.0
-20781.0
-1289.00
-26372.0
-234.000
-39560.0
-20359.0
-7457.00
-17245.0
-67128.0
-15200.0
-77960.0
-75718.0
27403.0
-48776.0
96548.0
-58580.0
5043.00
66450.0
1806.00
17597.0
-18764.0
62090.0
-72364.0
37117.0
-133143.
48231.0
20658.0
-8099.00
30271.0
-9421.00
19748.0
35129.0
-36937.0
-59027.0
-78503.0
57606.0
-78413.0
29215.0
-19395.0
87811.0
-46386.0
20899.0
-98622.0
-62663.0
-30508.0
39839.0
9883.00
-40757.0
-5808.00
14886.0
-4977.00
26498.0
4578.00
111181.
-3213.00
65633.0
4184.00
-85564.0
27478.0
-28296.0
-8321.00
-2204.00
154426.
22594.0
31504.0
-49401.0
100296.
114516.
18598.0
12290.0
98380.0
14202.0
-35011.0
-42184.0
5610.00
-77908.0
44197.0
75244.0
24874.0
-49896.0
19447.0
-18627.0
-9603.00
19337.0
16237.0
-91704.0
19083.0
-583.000
62292.0
-12443.0
-50815.0
-28292.0
81723.0
-98058.0
52352.0
4788.00
-30875.0
-49051.0
23780.0
-71297.0
-44242.0
-36148.0
42412.0
21558.0
28427.0
6294.00
-18575.0
4024.00
-37606.0
-32150.0
-112361.
-47086.0
92460.0
-41751.0
-12743.0
51882.0
-95074.0
-473.000
-19179.0
-64674.0
-61988.0
23867.0
17274.0
-103390.
-3895.00
16501.0
109490.
-31416.0
42497.0
99228.0
80730.0
16432.0
28076.0
-37468.0
36216.0
-107776.
-40998.0
110301.
24120.0
-83732.0
-62882.0
40479.0
-43202.0
13072.0
20038.0
-47647.0
-374.000
-58173.0
9383.00
-61426.0
60028.0
1630.00
36886.0
24155.0
-29221.0
-56957.0
13629.0
-12408.0
40285.0
9438.00
91548.0
56318.0
-111903.
-12913.0
2288.00
-42456.0
-73122.0
57909.0
55899.0
16803.0
28398.0
71558.0
24359.0
-11161.0
14540.0
-46276.0
52638.0
-75091.0
19141.0
25012.0
-44385.0
58746.0
2509.00
-159934.
20490.0
405.000
22127.0
12800.0
35693.0
-11132.0
-19434.0
-39133.0
-57264.0
114482.
-15568.0
-55613.0
-100616.
11352.0
-51112.0
-83434.0
-50767.0
69927.0
-117252.
98301.0
68180.0
31734.0
-117209.
-13846.0
29581.0
52258.0
-42514.0
321.000
26917.0
28969.0
-45206.0
13401.0
-88493.0
28752.0
-82244.0
57739.0
-5755.00
-23893.0
40528.0
124916.
-90264.0
88378.0
-41494.0
46288.0
-124043.
-90838.0
-17040.0
-1722.00
88704.0
7417.00
72711.0
-27894.0
-11401.0
10413.0
-26251.0
-87569.0
20428.0
21397.0
34967.0
-41127.0
-149.000
67388.0
56050.0
-40359.0
-83032.0
4270.00
92652.0
142064.
4725.00
3023.00
55449.0
-9604.00
-21375.0
-5026.00
93.0000
59993.0
15693.0
29214.0
-61708.0
-82507.0
18005.0
9733.00
-8988.00
145341.
42699.0
47545.0
-9386.00
-39482.0
-33967.0
-43645.0
109999.
-13684.0
-39236.0
83152.0
-15823.0
-54689.0
-2876.00
17502.0
86112.0
14287.0
23450.0
-8267.00
88051.0
-50152.0
-38898.0
-14853.0
96167.0
-151176.
116582.
-27251.0
93693.0
-62398.0
32846.0
1192.00
34486.0
-116909.
-71098.0
-67474.0
36151.0
71256.0
-52550.0
-78528.0
1079.00
-35623.0
81012.0
-6006.00
109230.
-97638.0
-31759.0
90439.0
-37395.0
80574.0
-55677.0
62448.0
-27459.0
103695.
-120051.
-97502.0
-108309.
25496.0
39098.0
76763.0
-24297.0
-102803.
-59031.0
-81868.0
-32783.0
33213.0
16480.0
41579.0
36457.0
-33647.0
-13425.0
8940.00
478.000
146782.
-31802.0
112416.
-74292.0
8134.00
-5749.00
-70899.0
-47134.0
-45155.0
-99421.0
53299.0
-21198.0
-108530.
-34889.0
-6329.00
-74268.0
-32886.0
24043.0
72480.0
-39496.0
23293.0
43676.0
105166.
-86648.0
-19170.0
18377.0
67899.0
34715.0
-122648.
-37505.0
-10511.0
-19832.0
46590.0
-50683.0
161122.
36972.0
77035.0
-11963.0
8410.00
-18821.0
1592.00
103118.
26716.0
62250.0
60035.0
-92778.0
47997.0
-10485.0
7149.00
8932.00
100934.
-28468.0
83253.0
33285.0
-53787.0
-13779.0
56270.0
37468.0
-18519.0
73144.0
16444.0
20287.0
109159.
112218.
-19762.0
-38932.0
-99009.0
32010.0
27872.0
7419.00
-183664.
-84529.0
-66565.0
-1875.00
16019.0
-10218.0
40132.0
-86774.0
-66419.0
123999.
78529.0
79517.0
-127987.
-87880.0
-48662.0
33371.0
43107.0
-43175.0
-17907.0
-56179.0
23947.0
-39430.0
-67476.0
-3817.00
84514.0
13293.0
-123599.
-60058.0
75845.0
-29548.0
-90057.0
-39512.0
38333.0
-54607.0
11670.0
98479.0
10144.0
77819.0
1665.00
82506.0
86488.0
9573.00
54387.0
850.000
-47654.0
-20696.0
11654.0
-34666.0
106877.
-2688.00
-18126.0
-49854.0
-11623.0
5682.00
-69978.0
12714.0
55976.0
-47470.0
112716.
486.000
-3958.00
53387.0
57860.0
4097.00
30116.0
96259.0
-58932.0
79655.0
-55745.0
-146024.
148303.
-39689.0
-130478.
74935.0
24348.0
78889.0
-33257.0
-28445.0
-125039.
-86340.0
-29757.0
24546.0
-9070.00
98856.0
-29114.0
29779.0
43766.0
-90502.0
47968.0
115564.
-85393.0
-28068.0
1986.00
87045.0
-100560.
-1397.00
-63266.0
44532.0
-13379.0
-116933.
41030.0
47586.0
66142.0
43308.0
-30651.0
-40682.0
28826.0
-54397.0
-64177.0
71761.0
-5475.00
29497.0
-16870.0
-132491.
3458.00
60592.0
47088.0
-57537.0
6349.00
-18155.0
22.0000
-41542.0
-23788.0
-35625.0
118678.
-94653.0
68472.0
-3216.00
-8310.00
-21431.0
3500.00
-27690.0
46582.0
-35537.0
81225.0
64147.0
-35533.0
-68089.0
60239.0
42520.0
17687.0
41854.0
96316.0
48869.0
-35100.0
48232.0
30190.0
84940.0
50580.0
-5037.00
-51920.0
-13118.0
-63296.0
-4580.00
68051.0
54486.0
83181.0
26017.0
45864.0
-73818.0
-28389.0
-21781.0
43621.0
-18917.0
45277.0
-66670.0
-45477.0
-74735.0
75069.0
-51876.0
57485.0
130773.
34492.0
108130.
-37929.0
14967.0
-41047.0
-29740.0
26182.0
-36536.0
102201.
110024.
-73282.0
31924.0
-21866.0
70916.0
-87058.0
78901.0
56229.0
-3056.00
4420.00
40494.0
-107064.
-58651.0
-6902.00
25796.0
-38432.0
48515.0
-58623.0
75702.0
-35126.0
-18011.0
53690.0
-20488.0
-37386.0
-45429.0
49670.0
59354.0
-19128.0
29950.0
-88253.0
14002.0
10999.0
17250.0
-97722.0
-11246.0
-11746.0
-100529.
-22092.0
-30583.0
42644.0
-55671.0
-112633.
111074.
-69317.0
111782.
5331.00
22690.0
-36154.0
-3501.00
-13166.0
111843.
-38979.0
-107676.
4265.00
43957.0
-3911.00
-25563.0
82173.0
-28413.0
-554.000
-69013.0
-13476.0
-8955.00
9693.00
-38075.0
-18172.0
-120161.
41611.0
-114588.
31388.0
28371.0
-66299.0
1526.00
-48342.0
40017.0
2857.00
-75881.0
22282.0
-13740.0
-35949.0
-54093.0
-102882.
-26768.0
9206.00
-79372.0
-21476.0
-93371.0
-49120.0
-107062.
-57651.0
52572.0
100557.
41073.0
-99196.0
-4427.00
-1656.00
-86501.0
23531.0
2131.00
91343.0
-10135.0
-41180.0
7712.00
44080.0
47580.0
6596.00
-16134.0
-38562.0
61674.0
-459.000
43407.0
27466.0
96707.0
23308.0
-13796.0
-112235.
46593.0
-76354.0
72166.0
-60336.0
-100912.
13077.0
-84929.0
-75021.0
19683.0
-42883.0
-58791.0
-1812.00
-51813.0
19751.0
-40739.0
52632.0
24382.0
-1701.00
-19813.0
-101157.
-3913.00
62447.0
105351.
14876.0
-88301.0
76560.0
-1277.00
-29957.0
-14673.0
-184161.
79004.0
31902.0
-10390.0
-101640.
-58463.0
-8241.00
-96205.0
-79800.0
72108.0
26850.0
-27336.0
-38368.0
70765.0
10468.0
-33540.0
-13739.0
-103073.
-62217.0
-48658.0
948.000
-93643.0
112684.
4425.00
-5651.00
-99335.0
9181.00
-22119.0
-48623.0
-1142.00
60943.0
30910.0
-14422.0
57952.0
-41813.0
-100378.
-36423.0
-682.000
32315.0
17908.0
-18628.0
-31597.0
-117058.
20017.0
68884.0
-36109.0
-22954.0
93761.0
-102178.
79000.0
-68105.0
28712.0
-17740.0
-22444.0
-24861.0
49238.0
57583.0
100443.
3499.00
9319.00
122841.
-8633.00
-10306.0
104390.
-59708.0
-19661.0
107609.
18632.0
-49739.0
-38150.0
22752.0
-7362.00
-40880.0
7943.00
-125182.
14343.0
105644.
29513.0
14211.0
46736.0
-110796.
21599.0
-10772.0
-36807.0
-74466.0
-71788.0
-133552.
-105888.
-23707.0
18407.0
-71375.0
-3842.00
-30898.0
-66517.0
-63629.0
16832.0
-96654.0
4406.00
-43696.0
20097.0
-146588.
60044.0
2125.00
-76141.0
58030.0
-61169.0
14282.0
-7817.00
-8347.00
-22687.0
-18820.0
42779.0
-8334.00
-89358.0
-106711.
38922.0
-80622.0
-46020.0
102138.
-33089.0
-421.000
-28380.0
-108240.
-29410.0
58251.0
39680.0
-21291.0
41166.0
-48468.0
-101871.
-33963.0
32794.0
-17799.0
17862.0
-7865.00
48767.0
84553.0
33546.0
15662.0
-13256.0
69671.0
-22742.0
-80665.0
83080.0
-20627.0
82890.0
-47187.0
-65270.0
4232.00
-13550.0
39807.0
-45938.0
-13682.0
-118529.
-6861.00
-10043.0
109856.
153816.
-15904.0
-51581.0
-6399.00
17788.0
-44168.0
58850.0
-4411.00
113552.
22298.0
-17237.0
-47172.0
9534.00
11851.0
3643.00
67707.0
-48739.0
28392.0
59706.0
35064.0
3260.00
-28107.0
-594.000
-61776.0
41117.0
43440.0
-75540.0
17620.0
-100300.
6226.00
39735.0
-13306.0
117277.
-56097.0
-25501.0
9024.00
-23441.0
78288.0
86873.0
87624.0
44004.0
5135.00
68239.0
-32326.0
-6583.00
-9712.00
23275.0
35214.0
-65578.0
5969.00
-17649.0
29407.0
-21048.0
-52651.0
-10478.0
-8411.00
-878.000
108864.
-977.000
-4395.00
97550.0
-42015.0
-16744.0
60496.0
53473.0
18598.0
-28507.0
-8251.00
-34047.0
-83722.0
-42038.0
23975.0
47980.0
-103242.
-25356.0
-61070.0
12781.0
-13374.0
40592.0
-72810.0
73921.0
-72149.0
-2319.00
-7007.00
97908.0
71199.0
23432.0
-74072.0
-38275.0
33028.0
-25654.0
-31798.0
-80020.0
62853.0
-64182.0
-16405.0
-3961.00
114494.
-102894.
-5414.00
-49481.0
-43487.0
-28457.0
2004.00
-31494.0
132118.
-55925.0
-74978.0
16981.0
-34563.0
-62768.0
-51323.0
-140725.
81131.0
-32321.0
-34241.0
39897.0
39983.0
-13802.0
-7178.00
-1810.00
-2527.00
-29360.0
23761.0
76082.0
-47004.0
-28768.0
-28443.0
40261.0
-10167.0
-34540.0
19223.0
1687.00
-60258.0
89842.0
86141.0
26567.0
-36065.0
104546.
-3141.00
-49841.0
-2382.00
-30316.0
-7610.00
-8804.00
3247.00
28606.0
40954.0
54162.0
69715.0
6605.00
3286.00
4088.00
36201.0
32846.0
-3100.00
23625.0
-27633.0
44115.0
38315.0
40541.0
116079.
79945.0
116257.
3398.00
-50382.0
15302.0
-25575.0
79649.0
36333.0
-44081.0
14894.0
9207.00
3158.00
-37896.0
-66211.0
36428.0
-105572.
-23391.0
-54977.0
116857.
54236.0
60004.0
74676.0
-15593.0
-71536.0
-24797.0
-125000.
4725.00
17348.0
-122995.
-99900.0
28869.0
48652.0
-3527.00
2224.00
52074.0
-8863.00
-9079.00
-39296.0
-35242.0
-10501.0
-1016.00
-75420.0
-100398.
-62240.0
-113765.
22502.0
-61952.0
-45627.0
81481.0
-36564.0
-45669.0
-67283.0
-93869.0
-19308.0
-107552.
-13236.0
-60448.0
-20101.0
-26956.0
-39062.0
24288.0
130231.
-45067.0
71308.0
-26160.0
-85009.0
-17990.0
70552.0
110382.
18481.0
31735.0
2298.00
57429.0
34354.0
-51960.0
-18098.0
49128.0
-73896.0
-13717.0
112812.
-28984.0
80933.0
57748.0
-45167.0
-57425.0
26553.0
-49191.0
-53745.0
-3180.00
12298.0
100561.
101744.
44439.0
15343.0
58384.0
37324.0
29475.0
4815.00
-31195.0
-32329.0
-29339.0
-38632.0
54354.0
106801.
-6343.00
-153412.
10177.0
28822.0
25743.0
20954.0
-14711.0
57607.0
74644.0
-23499.0
-7714.00
53444.0
81030.0
63591.0
6972.00
-60574.0
-127877.
-69569.0
-90288.0
2133.00
43943.0
55024.0
-47665.0
-26575.0
9403.00
-20060.0
-40599.0
-54732.0
103758.
40771.0
-13535.0
76294.0
96168.0
-68920.0
7128.00
130882.
81780.0
-78918.0
45039.0
158895.
-75418.0
174014.
73364.0
33106.0
-72479.0
40737.0
152454.
7565.00
-74647.0
-11393.0
-26867.0
92477.0
14019.0
-6209.00
20420.0
29830.0
83922.0
74314.0
-73341.0
-23907.0
82297.0
2062.00
5015.00
54398.0
-89950.0
-35536.0
121084.
-68612.0
91585.0
-32868.0
-55539.0
27292.0
3933.00
-33591.0
-446.000
-74386.0
75580.0
58366.0
164576.
-24211.0
-18911.0
-49304.0
-20880.0
97836.0
111852.
-50466.0
78064.0
18559.0
14315.0
12254.0
-7766.00
-62071.0
-40693.0
11932.0
-7720.00
24772.0
76001.0
-37604.0
13168.0
-56725.0
-5630.00
40029.0
51270.0
-73097.0
-20690.0
53194.0
-2012.00
-93737.0
62901.0
-35554.0
104181.
-114573.
-83804.0
-90680.0
-66027.0
20011.0
-87058.0
-35898.0
-63629.0
-1441.00
-8564.00
-10343.0
41998.0
38515.0
22311.0
28722.0
23849.0
-86057.0
-23397.0
109456.
37570.0
88737.0
99012.0
-39360.0
1451.00
-63519.0
-649.000
38553.0
43943.0
-69237.0
40172.0
52986.0
86539.0
77590.0
37213.0
115069.
-67208.0
1553.00
-23541.0
37850.0
28110.0
26775.0
9173.00
39537.0
47140.0
18628.0
17197.0
43772.0
-73859.0
64484.0
49682.0
-28624.0
-66582.0
-61184.0
-43194.0
44016.0
-202133.
-24242.0
19024.0
10887.0
-4108.00
-86182.0
17866.0
66371.0
85801.0
-45257.0
1498.00
-64062.0
63984.0
-69341.0
22503.0
-31911.0
49459.0
-84613.0
-21452.0
20343.0
53458.0
65804.0
-25285.0
-77775.0
10797.0
-28444.0
36508.0
-11702.0
-55010.0
55281.0
-41769.0
-30720.0
30445.0
-20559.0
-10063.0
-40153.0
-10402.0
100673.
68885.0
-32673.0
65022.0
-67380.0
84164.0
45937.0
-46635.0
-66416.0
-52448.0
60134.0
44203.0
-19096.0
6185.00
51652.0
-23781.0
28449.0
-59303.0
-58110.0
-43658.0
10371.0
-93685.0
-2960.00
-28273.0
99573.0
3869.00
29292.0
-65226.0
-30445.0
32938.0
-43118.0
12796.0
63079.0
-41025.0
-21842.0
39653.0
67028.0
26517.0
1647.00
-44005.0
-16009.0
-13028.0
-2924.00
50216.0
-3874.00
83397.0
150087.
36734.0
577.000
-12756.0
-25883.0
-100954.
-57967.0
-76639.0
-14135.0
31578.0
47846.0
-33358.0
19463.0
-75115.0
-32451.0
-10583.0
-1003.00
-11089.0
61031.0
-43278.0
-108366.
46004.0
65683.0
178994.
10393.0
-61101.0
117455.
-35042.0
-31336.0
-8263.00
-13350.0
-73053.0
10830.0
-12797.0
-88063.0
51777.0
77130.0
92819.0
9354.00
31678.0
-22803.0
33086.0
109479.
-50576.0
-22079.0
-3143.00
-362.000
-21057.0
21469.0
-62709.0
77345.0
53886.0
-27073.0
-38671.0
48166.0
89569.0
-19631.0
-83879.0
54194.0
34248.0
62731.0
-3260.00
-13455.0
17794.0
-5773.00
83471.0
-94044.0
117347.
34028.0
-18914.0
-47127.0
35272.0
-104881.
13062.0
-45153.0
14867.0
-4.00000
26204.0
17477.0
64363.0
16652.0
8870.00
-61599.0
-31546.0
-40653.0
-9774.00
54535.0
91920.0
-43148.0
19313.0
17486.0
18001.0
34689.0
83730.0
-85554.0
20821.0
11144.0
9751.00
-97549.0
56231.0
-5922.00
-11135.0
-36149.0
112705.
-3243.00
84466.0
-83313.0
35592.0
25658.0
88460.0
-85290.0
-12398.0
38223.0
-787.000
16561.0
-56539.0
32228.0
43091.0
17987.0
33334.0
-64010.0
4517.00
-76347.0
-105230.
15212.0
-39441.0
-9643.00
-30517.0
-53776.0
-10324.0
-5806.00
-55942.0
-54607.0
-34467.0
-30636.0
104349.
-157268.
-545.000
-62283.0
40004.0
42361.0
-10554.0
-786.000
-30689.0
-6244.00
-97059.0
64386.0
2541.00
-50362.0
131876.
-34300.0
-30192.0
-72645.0
-53669.0
-13808.0
62349.0
48787.0
8060.00
-31704.0
-32098.0
-53388.0
54489.0
44013.0
-33090.0
-98808.0
-146525.
-36029.0
28946.0
-16669.0
-31284.0
-140062.
-5708.00
44772.0
44179.0
-47279.0
-42725.0
-58948.0
38251.0
114374.
16505.0
54120.0
-42750.0
-75007.0
-96377.0
-83316.0
-71382.0
-96981.0
-90306.0
-99289.0
-13900.0
48035.0
51909.0
-46432.0
76158.0
-20882.0
-87941.0
30949.0
-14459.0
-17184.0
10431.0
25403.0
-36929.0
29952.0
83251.0
30391.0
63375.0
-16812.0
-130601.
32048.0
-70723.0
25885.0
-61450.0
63971.0
77872.0
2082.00
60658.0
-43588.0
-31756.0
21152.0
21923.0
74957.0
-71875.0
97574.0
-1338.00
26301.0
46601.0
-1329.00
27631.0
64467.0
-32335.0
95817.0
8832.00
-11691.0
-95.0000
-62185.0
-17112.0
-73500.0
-29879.0
-39988.0
-74610.0
40119.0
-38030.0
128283.
-35319.0
10461.0
-46868.0
-97521.0
23545.0
43719.0
-21601.0
-56.0000
-78648.0
-131531.
-4269.00
-33664.0
-16869.0
-71952.0
84193.0
24108.0
-52024.0
17278.0
16077.0
35627.0
-38014.0
-27333.0
-31861.0
-56521.0
21775.0
42673.0
114254.
20656.0
-6059.00
-16215.0
38187.0
-91249.0
-27432.0
-6330.00
-49309.0
-58897.0
9697.00
-42098.0
112339.
-40930.0
43997.0
-9802.00
19752.0
9917.00
589.000
36964.0
-7248.00
-53456.0
89221.0
148747.
62700.0
-18632.0
-75409.0
16633.0
-8118.00
25239.0
-126097.
-33962.0
67861.0
-52485.0
78298.0
-2191.00
-56450.0
-69318.0
62475.0
-103535.
11173.0
10971.0
-88062.0
32830.0
4732.00
-5023.00
40688.0
-14813.0
49398.0
12702.0
-1618.00
-71360.0
18683.0
-12688.0
4264.00
-69878.0
-66226.0
-46378.0
66848.0
-1618.00
-18614.0
23512.0
-100637.
6419.00
-651.000
24078.0
3133.00
64160.0
24803.0
83475.0
-36141.0
-64454.0
-10512.0
74431.0
-13969.0
-2151.00
-29293.0
-32748.0
-41832.0
-39888.0
67070.0
-94901.0
-71640.0
36968.0
-38829.0
-27249.0
24131.0
46570.0
99416.0
-83236.0
38518.0
-13356.0
51442.0
-20671.0
-87808.0
43413.0
1366.00
-18375.0
40030.0
-37328.0
-13714.0
-4366.00
-34599.0
-47731.0
-62452.0
-60.0000
-132700.
76634.0
19279.0
-28851.0
-17358.0
-42688.0
64661.0
-13655.0
68809.0
-8434.00
72436.0
-701.000
134640.
1627.00
155930.
-32806.0
57258.0
-27744.0
-86659.0
2907.00
-17227.0
-12194.0
-122695.
3616.00
85554.0
-34727.0
44954.0
59553.0
-45494.0
27783.0
-48029.0
63439.0
25186.0
-2753.00
-21398.0
-100207.
-86406.0
25384.0
-11712.0
2195.00
-6929.00
55838.0
80779.0
-76977.0
-96930.0
-137230.
158206.
-17045.0
88496.0
-26273.0
-16847.0
-101370.
-23202.0
94161.0
103672.
-119559.
72478.0
-89806.0
101492.
-50559.0
-76669.0
-60725.0
-14289.0
-89821.0
114299.
88982.0
-24087.0
-76349.0
42986.0
-66691.0
13013.0
-104550.
100409.
-3998.00
735.000
34673.0
10918.0
-49818.0
-10776.0
9056.00
-131561.
5912.00
75386.0
-105272.
66122.0
-36615.0
-119089.
-43223.0
81147.0
-21025.0
-20717.0
71985.0
-6155.00
-51715.0
-33129.0
-89567.0
31121.0
-27573.0
44130.0
-36560.0
55250.0
-86005.0
-43020.0
43690.0
17527.0
107605.
76053.0
-39807.0
21335.0
-57846.0
-6976.00
46802.0
-51275.0
50207.0
-108208.
10457.0
-130139.
72461.0
52642.0
62187.0
72688.0
-130715.
119941.
17627.0
28140.0
-46522.0
131440.
-11048.0
8312.00
39478.0
47818.0
77769.0
40154.0
33523.0
-20234.0
48206.0
49605.0
45659.0
-9166.00
53272.0
-157202.
-39597.0
-150574.
-54401.0
-52550.0
63546.0
86599.0
-78450.0
44328.0
46118.0
42851.0
-21106.0
11726.0
54430.0
-11438.0
80669.0
-20222.0
65475.0
28964.0
51796.0
71453.0
30989.0
-43866.0
60116.0
67313.0
-67359.0
72616.0
-7396.00
2205.00
23420.0
-31746.0
-5565.00
15755.0
20714.0
-85563.0
-32801.0
27658.0
69219.0
-68411.0
28160.0
-159992.
54340.0
-607.000
34625.0
-34179.0
-22252.0
-45748.0
-25879.0
-59626.0
13218.0
5189.00
6329.00
-41740.0
-29497.0
-110933.
57400.0
-12705.0
-31363.0
4299.00
-43392.0
-30913.0
16368.0
5381.00
-44855.0
-53949.0
157349.
-54850.0
-15322.0
-27784.0
96978.0
7147.00
-35261.0
24911.0
47771.0
-40897.0
32021.0
25830.0
-20247.0
8821.00
-12345.0
41230.0
77757.0
32301.0
-44147.0
28930.0
73151.0
-71178.0
32179.0
10026.0
-12817.0
27127.0
14118.0
49198.0
47857.0
31342.0
-59841.0
-43903.0
38990.0
2390.00
-52876.0
169496.
-4869.00
9536.00
-129829.
77979.0
14384.0
44006.0
-40646.0
103457.
-65826.0
-51713.0
-18105.0
76629.0
-22412.0
-20081.0
-5738.00
896.000
-96861.0
-71387.0
7398.00
-83798.0
-46673.0
-1711.00
-84955.0
45829.0
-52952.0
-54602.0
14074.0
80351.0
-16459.0
-31717.0
34550.0
-35544.0
120753.
-7948.00
-93670.0
-12078.0
1694.00
-86797.0
90411.0
-12155.0
-43789.0
-25814.0
23503.0
20340.0
74830.0
1765.00
-114637.
-16146.0
32812.0
-24565.0
36515.0
76712.0
-40135.0
-92999.0
13894.0
12644.0
-8532.00
-17219.0
-25474.0
44965.0
-8505.00
41205.0
-60018.0
52568.0
-53368.0
-88168.0
18627.0
8033.00
-670.000
20860.0
2670.00
-7830.00
-59501.0
-18512.0
43469.0
-48762.0
-598.000
-65349.0
44236.0
18054.0
-9993.00
-82827.0
-21759.0
-73351.0
109349.
-3433.00
59015.0
31869.0
-89251.0
14161.0
-33217.0
11520.0
15817.0
-25244.0
90045.0
10333.0
31325.0
16359.0
-19663.0
3086.00
33632.0
-8881.00
15876.0
-76476.0
66805.0
-47023.0
7265.00
719.000
100396.
-181739.
8542.00
64993.0
46011.0
15789.0
11930.0
44561.0
-17476.0
-43522.0
-84007.0
-53625.0
12124.0
25487.0
-50700.0
40923.0
24359.0
56078.0
11260.0
39846.0
2920.00
98614.0
112813.
-65289.0
78071.0
-43066.0
-52395.0
-40905.0
30714.0
-38451.0
-46479.0
-89767.0
-57338.0
-38893.0
-11760.0
98733.0
-64169.0
-96806.0
30162.0
27709.0
37067.0
87196.0
56439.0
43447.0
-88475.0
-24003.0
-40.0000
86406.0
66436.0
4127.00
-62813.0
65126.0
28241.0
58246.0
62383.0
-10126.0
-53137.0
63726.0
-46369.0
27212.0
8312.00
-21050.0
-68033.0
41265.0
49976.0
-69019.0
94886.0
111915.
226.000
80042.0
2377.00
61731.0
-17175.0
66975.0
-121407.
-62680.0
6658.00
75957.0
-80225.0
49776.0
-2691.00
-45066.0
58457.0
8112.00
42368.0
52498.0
24877.0
8013.00
-70523.0
7159.00
-1761.00
101547.
144909.
101465.
-42216.0
101813.
27078.0
114929.
-36034.0
61127.0
-48067.0
-41542.0
-3893.00
63270.0
-2486.00
138606.
51905.0
35092.0
-41092.0
-77167.0
117010.
28670.0
-59800.0
-18974.0
-67544.0
35548.0
28366.0
35281.0
62161.0
-67384.0
-46963.0
-40223.0
16877.0
-55164.0
-62128.0
25539.0
-68867.0
-24135.0
3500.00
82894.0
78219.0
-92053.0
53177.0
85971.0
31246.0
-49431.0
-37958.0
-20358.0
-113706.
-26714.0
3783.00
80573.0
-36533.0
33287.0
-87846.0
75742.0
-88507.0
-93501.0
-38530.0
-37964.0
-47153.0
-38018.0
-86099.0
106772.
-42655.0
-54794.0
49978.0
52331.0
-58074.0
138454.
42036.0
-648.000
60262.0
-98967.0
-26094.0
-64695.0
40289.0
60902.0
28867.0
52712.0
86064.0
-23146.0
48284.0
-18660.0
-11967.0
-28843.0
-43534.0
-36617.0
77472.0
-38074.0
-20577.0
-11374.0
-49355.0
-34963.0
82674.0
6372.00
-56466.0
-114904.
-22812.0
-30652.0
32429.0
-45595.0
-6737.00
125021.
59320.0
-62986.0
66444.0
7197.00
11374.0
-39144.0
-39161.0
15750.0
-13655.0
8584.00
-6185.00
12452.0
-26951.0
16397.0
31624.0
82931.0
-89388.0
42107.0
71283.0
-63516.0
16125.0
-86171.0
49276.0
26418.0
-97650.0
-60202.0
-76361.0
-48099.0
-44296.0
98992.0
-40522.0
-17741.0
67258.0
4659.00
-17514.0
-33561.0
21539.0
61484.0
-5947.00
93111.0
43922.0
6482.00
9170.00
11156.0
-45113.0
4721.00
79886.0
23931.0
34728.0
21307.0
117.000
-11168.0
-55920.0
42802.0
132362.
67243.0
-18727.0
64008.0
-62719.0
7914.00
-195.000
-45454.0
-3596.00
-14901.0
-17827.0
-24120.0
44918.0
29284.0
14573.0
2418.00
40529.0
27582.0
78455.0
-37811.0
-31447.0
89148.0
90594.0
33082.0
7409.00
-22566.0
8030.00
70952.0
23403.0
-1596.00
-18666.0
78456.0
725.000
31246.0
-12611.0
-50512.0
-2836.00
-76505.0
16644.0
27661.0
-28222.0
40106.0
-45528.0
107074.
26962.0
23704.0
28347.0
78707.0
41980.0
-2833.00
22906.0
36636.0
-69694.0
-8836.00
30593.0
15577.0
-44629.0
-20249.0
-78070.0
3267.00
-6522.00
-5524.00
-45062.0
-38403.0
-20586.0
58121.0
14667.0
5175.00
40832.0
-15708.0
-11729.0
6873.00
-137295.
-3802.00
-74098.0
21159.0
27018.0
16720.0
-29589.0
18533.0
3295.00
40439.0
31123.0
53945.0
1991.00
5448.00
35449.0
-92198.0
75753.0
-79926.0
-41969.0
-12055.0
-14033.0
29170.0
47850.0
28669.0
-58656.0
21459.0
-90684.0
-7462.00
-33479.0
-37903.0
-47352.0
38360.0
-31443.0
43269.0
-89494.0
127169.
-5306.00
-27165.0
48982.0
-39355.0
106059.
-68863.0
-53572.0
-54764.0
2074.00
-66972.0
32895.0
-17599.0
-100825.
43416.0
-106126.
-48276.0
-45147.0
6387.00
-36014.0
-39550.0
-60739.0
3795.00
3896.00
-76507.0
52049.0
-155880.
110564.
10975.0
-23728.0
54413.0
85817.0
17477.0
-31777.0
-67771.0
172.000
-18547.0
11014.0
-46831.0
-13458.0
24254.0
-44189.0
-73311.0
-92721.0
34490.0
47170.0
-67472.0
-646.000
-32463.0
20517.0
-5518.00
-32766.0
-82061.0
-57558.0
-23183.0
-28219.0
61529.0
-3126.00
12668.0
1150.00
-7164.00
-35939.0
96822.0
9300.00
72665.0
-19931.0
-24066.0
