72962.0
219953.
64269.0
186883.
77584.0
177222.
-14844.0
83426.0
84295.0
144985.
95279.0
54869.0
79335.0
96412.0
117612.
168943.
114077.
58507.0
120194.
122701.
65234.0
122262.
-13675.0
172634.
45526.0
28191.0
2035.00
192338.
-126229.
134134.
61724.0
259501.
71797.0
175814.
-933.000
22137.0
120431.
95384.0
43930.0
154454.
-55866.0
200351.
-52727.0
162083.
14688.0
764.000
-163452.
57218.0
-63009.0
-25633.0
-60674.0
179224.
20971.0
109596.
28769.0
164714.
-65791.0
157073.
-63252.0
68989.0
-113471.
151172.
-22934.0
155523.
-17513.0
140400.
195085.
-8749.00
84180.0
9158.00
58087.0
35213.0
42569.0
188119.
81787.0
50466.0
126996.
122332.
107528.
122817.
5148.00
137073.
11361.0
91977.0
-57010.0
139301.
-39742.0
102312.
28297.0
30287.0
-82100.0
50440.0
-73036.0
144936.
14724.0
221715.
27560.0
175531.
-15333.0
58476.0
-31325.0
132545.
30671.0
85117.0
26085.0
-6128.00
-79337.0
145602.
6013.00
107505.
-53186.0
121888.
-21216.0
-46125.0
-43189.0
200116.
-66614.0
217149.
5259.00
178572.
-56354.0
124074.
-67087.0
64423.0
-216758.
129383.
-163974.
193165.
71686.0
-39946.0
111505.
184703.
151741.
43086.0
202542.
57293.0
85913.0
110182.
135512.
7082.00
38286.0
51134.0
13418.0
77887.0
-21891.0
-26477.0
79084.0
93686.0
27801.0
33487.0
-8266.00
172731.
17881.0
186689.
111192.
-22584.0
7872.00
173075.
-43849.0
131657.
62220.0
77860.0
9388.00
57421.0
41615.0
-22295.0
-94756.0
101178.
79232.0
107205.
24423.0
73685.0
-43752.0
131755.
56386.0
89321.0
-49263.0
6280.00
-127415.
58900.0
-103199.
45710.0
-64833.0
37642.0
-74124.0
-10062.0
-54892.0
182524.
-106848.
85658.0
-101143.
130473.
41635.0
54213.0
-31591.0
48322.0
-56037.0
51313.0
120583.
100379.
125111.
110987.
13717.0
-20091.0
-4214.00
96004.0
-3247.00
-13725.0
43594.0
29644.0
13747.0
149830.
96095.0
108143.
2212.00
65079.0
6807.00
170084.
-39157.0
215853.
87400.0
119559.
-23959.0
36728.0
-4898.00
-45124.0
42677.0
50033.0
31409.0
68067.0
-39718.0
-10341.0
-73038.0
113841.
77007.0
-64417.0
-15470.0
82442.0
16945.0
108863.
-10719.0
-7889.00
-65750.0
-116212.
106965.
54517.0
-43603.0
103514.
19489.0
-5874.00
-104468.
123429.
-80155.0
103210.
-6201.00
128462.
40801.0
-12149.0
106995.
-111779.
-61916.0
41627.0
-59021.0
-12628.0
-6988.00
75603.0
-75922.0
-6153.00
25850.0
106130.
40507.0
2167.00
-102614.
95613.0
25970.0
593.000
-518.000
89790.0
21977.0
38819.0
15207.0
10360.0
-103933.
46926.0
113783.
-2549.00
35774.0
5249.00
11343.0
-75341.0
33222.0
-63079.0
-97150.0
54850.0
-5679.00
530.000
-101394.
114453.
-70329.0
-66577.0
-21861.0
-44760.0
-46192.0
19835.0
63785.0
69703.0
69702.0
-78621.0
33675.0
202596.
24078.0
209642.
144053.
85569.0
-78282.0
17873.0
-56104.0
-3629.00
-7576.00
128205.
-15926.0
-4726.00
47915.0
-70497.0
-78610.0
141267.
46482.0
-70141.0
9443.00
17932.0
4827.00
-44104.0
61260.0
42800.0
83524.0
13489.0
-62165.0
-15481.0
68369.0
-48184.0
-33944.0
18534.0
-104748.
-36453.0
92826.0
-26282.0
11411.0
-65588.0
50088.0
15794.0
-21317.0
54534.0
69685.0
149804.
61804.0
23678.0
-17465.0
11241.0
-47460.0
-61995.0
-29381.0
-28292.0
-124329.
45278.0
-12419.0
-24187.0
2143.00
-77192.0
-103906.
133010.
15230.0
-17429.0
-84616.0
-16553.0
3153.00
16309.0
48529.0
-27707.0
13255.0
-5232.00
-101042.
65492.0
-106284.
62175.0
-14085.0
3719.00
-25143.0
-67115.0
-54142.0
-6082.00
99916.0
15219.0
70867.0
-86235.0
167859.
-160945.
107554.
-72427.0
-126.000
-13653.0
-7123.00
50781.0
3890.00
-91333.0
-47890.0
-96613.0
-52743.0
-66511.0
141697.
-69859.0
-117922.
-127968.
-11059.0
-5956.00
-47099.0
-61950.0
-28092.0
84868.0
-25010.0
-6033.00
30595.0
-120389.
-3381.00
7516.00
-53171.0
-23885.0
-32767.0
21767.0
-45954.0
-20666.0
27421.0
-149499.
-26702.0
76370.0
-97540.0
-152855.
-63155.0
-151317.
8655.00
-122329.
21164.0
-117134.
-75031.0
-32210.0
-101145.
-25456.0
-1545.00
-94306.0
-69873.0
-106923.
-45115.0
-77130.0
-87729.0
-48727.0
-92603.0
4193.00
11350.0
45932.0
104157.
-114998.
-14369.0
-98746.0
-89058.0
-133155.
-121292.
37673.0
45262.0
-99359.0
-116219.
-44857.0
29643.0
-68472.0
30506.0
-49513.0
1813.00
-163571.
8148.00
-113589.
-13374.0
-105401.
-95850.0
-130252.
-21669.0
-154964.
113559.
-219170.
-20130.0
-122191.
-184838.
-16400.0
16742.0
-156293.
-63230.0
-78250.0
26790.0
-160769.
74993.0
-15782.0
-166204.
-53277.0
-17842.0
-180450.
-15812.0
-76046.0
-35342.0
-34757.0
36459.0
-138893.
17451.0
-57006.0
105508.
-53438.0
-72441.0
-198715.
-66025.0
-94883.0
-179412.
3576.00
-72005.0
-103505.
-222108.
-35828.0
22704.0
-116351.
-153804.
-173795.
1304.00
-134973.
-42705.0
-33528.0
5232.00
-135884.
-28233.0
-59646.0
7415.00
-211082.
-58387.0
-4827.00
30581.0
-130808.
-61324.0
-71026.0
37173.0
-198981.
-128123.
-117160.
1327.00
-235860.
11406.0
-175769.
16351.0
-104658.
-80063.0
-82401.0
18638.0
-169005.
55245.0
-131580.
-35087.0
-90811.0
20949.0
-149287.
-7721.00
-54333.0
158467.
-56094.0
38987.0
-170766.
-10308.0
-198670.
81828.0
41486.0
15002.0
-103952.
67798.0
-93460.0
-117528.
-52179.0
-23327.0
-55932.0
-38689.0
42209.0
-136751.
-78216.0
-63867.0
-288801.
-39371.0
-55513.0
-80265.0
-140333.
77073.0
-182041.
-119934.
-122687.
-22891.0
-146811.
28451.0
-153364.
-61185.0
-183874.
-3993.00
-86969.0
-38411.0
-76931.0
3096.00
-56794.0
26098.0
-215945.
-13791.0
-19174.0
168092.
-185026.
-41113.0
-198857.
-25640.0
-52140.0
94078.0
-157399.
21946.0
-240871.
50683.0
21675.0
40338.0
-126686.
11926.0
-56487.0
165865.
-124343.
32439.0
-62836.0
106599.
-131046.
165466.
-189170.
-6609.00
-5123.00
100575.
-83912.0
122848.
-121807.
-81106.0
21135.0
15701.0
-156698.
118152.
-10119.0
-10444.0
5390.00
-54494.0
-92383.0
-61824.0
21821.0
-27218.0
24074.0
21429.0
-72786.0
-28323.0
-26837.0
34777.0
16721.0
35819.0
21803.0
-45042.0
-57587.0
3693.00
-12603.0
-74835.0
98047.0
59131.0
-29578.0
10038.0
-62390.0
3489.00
1553.00
85618.0
-47712.0
65685.0
-4797.00
74440.0
-30558.0
-16810.0
53485.0
-13467.0
-146594.
-77087.0
85387.0
158824.
-22637.0
31664.0
5031.00
-41966.0
-133373.
104872.
25899.0
34489.0
53600.0
200600.
-10464.0
599.000
-30452.0
76967.0
30537.0
92430.0
-18604.0
89973.0
78446.0
-15337.0
145505.
104760.
130439.
80033.0
230099.
-10969.0
141444.
55123.0
185331.
-80230.0
245064.
50328.0
140961.
27463.0
343951.
198163.
191404.
29623.0
349075.
32521.0
140160.
-82165.0
150309.
-107089.
83791.0
-6895.00
100574.
18844.0
181805.
-15818.0
211548.
-45863.0
136495.
26980.0
163180.
48760.0
143695.
-109853.
230508.
-166604.
175948.
-27982.0
255046.
-87550.0
201532.
98312.0
137936.
-21089.0
198576.
25911.0
343862.
-37938.0
191062.
-37239.0
199082.
-45514.0
210389.
-52748.0
153623.
-76669.0
252713.
110945.
117732.
-40546.0
291032.
-70835.0
269842.
-7720.00
210738.
36269.0
244501.
-111041.
97663.0
-28747.0
204263.
15606.0
182907.
81261.0
239825.
64074.0
161903.
40458.0
351219.
-6780.00
248013.
11657.0
157961.
-132415.
197067.
-10901.0
279415.
85242.0
158613.
-104093.
176164.
-33337.0
238960.
-44854.0
85456.0
-36046.0
155879.
14165.0
116418.
-62483.0
205384.
-104396.
285070.
-125245.
175033.
-86599.0
151068.
-51315.0
193204.
-133528.
116984.
-175002.
188882.
-217386.
246401.
-107518.
270039.
-45886.0
38054.0
-213413.
63664.0
88989.0
53884.0
86999.0
123998.
12248.0
104152.
49673.0
105543.
88861.0
232374.
70484.0
36382.0
-46054.0
133720.
-9850.00
72743.0
106410.
107964.
5118.00
86711.0
16437.0
257726.
46071.0
156168.
44105.0
31284.0
-31110.0
219617.
15733.0
203290.
-33009.0
152620.
-90774.0
50430.0
30117.0
84547.0
14000.0
104122.
25206.0
24076.0
-87740.0
59971.0
103587.
51483.0
-64746.0
183273.
42372.0
92056.0
-133024.
-47357.0
-75178.0
150081.
-74860.0
63138.0
-85741.0
3834.00
-39531.0
135861.
-57171.0
102826.
15584.0
-17799.0
-83352.0
4711.00
154582.
72389.0
76111.0
96441.0
11263.0
-102481.
69769.0
39703.0
169848.
111135.
25601.0
74652.0
24322.0
34993.0
7631.00
83789.0
87928.0
-112400.
-37687.0
149862.
-43931.0
99873.0
70581.0
-45124.0
902.000
-98047.0
6096.00
50601.0
17552.0
-15286.0
-79427.0
109390.
-29121.0
123760.
2288.00
-4267.00
-35255.0
143219.
47114.0
-5318.00
-107465.
112746.
-19450.0
43453.0
-46181.0
146418.
111008.
36363.0
23893.0
-44460.0
-101261.
127793.
49121.0
133913.
61966.0
2903.00
1196.00
-1171.00
-40158.0
62304.0
-142124.
108225.
16761.0
114353.
-22725.0
43283.0
-49754.0
37679.0
-78045.0
-4752.00
-31111.0
-101251.
-48481.0
-14728.0
-46968.0
-95134.0
56675.0
-116459.
-41247.0
-95776.0
57824.0
-135246.
-196483.
-32794.0
-109616.
14493.0
75031.0
-53388.0
36830.0
-80550.0
-65362.0
-65649.0
-14075.0
-71707.0
25700.0
-81444.0
10115.0
-53777.0
-23041.0
-55863.0
-161430.
-65682.0
-25427.0
-81254.0
-64892.0
-122536.
72149.0
-168564.
-28911.0
-4717.00
69790.0
-89982.0
171300.
-30601.0
4083.00
-66653.0
130080.
13031.0
36801.0
-62369.0
37307.0
-78454.0
-33990.0
4028.00
-32783.0
-82814.0
67462.0
-36111.0
-77798.0
-98847.0
-78727.0
-52354.0
-104721.
22321.0
-112845.
-246362.
-40962.0
-205686.
-47303.0
-58724.0
-159521.
-159773.
39146.0
-101636.
-101906.
-172772.
-78099.0
-358607.
-84669.0
-45307.0
25541.0
-184535.
51039.0
-160268.
-53263.0
-146599.
-48239.0
-118264.
20477.0
-145673.
-56573.0
-127537.
-18945.0
-217883.
-35683.0
-208524.
77470.0
-150993.
11464.0
-222204.
68213.0
-190986.
-33411.0
-39553.0
-30484.0
-99083.0
-71805.0
-81844.0
-999.000
-53677.0
31357.0
-232752.
-11861.0
2370.00
79602.0
-188533.
245640.
-61564.0
232707.
-270776.
41854.0
-132288.
33359.0
-69081.0
-52205.0
40164.0
-194355.
-161453.
-105692.
-159133.
33771.0
-220695.
-16354.0
-128896.
11758.0
-83054.0
1576.00
-35507.0
-45626.0
-169518.
21747.0
-83423.0
34018.0
-169539.
25965.0
-198278.
-24560.0
-83275.0
-17991.0
-161363.
5475.00
-143709.
-8219.00
-208044.
25740.0
-64467.0
29742.0
-188790.
-2018.00
-64690.0
59875.0
-101223.
106497.
19754.0
-36860.0
-133777.
-37200.0
-179420.
29662.0
71548.0
-51129.0
-117052.
132422.
-165685.
48374.0
-181317.
-50356.0
-30043.0
160513.
-133503.
153402.
-96439.0
193365.
-113578.
184802.
-119064.
-43515.0
-69634.0
-94423.0
80929.0
-71704.0
23878.0
33106.0
51451.0
35958.0
29694.0
112879.
75036.0
-111344.
-24653.0
7792.00
42310.0
64723.0
97563.0
51500.0
22334.0
95740.0
49609.0
149700.
-72869.0
66679.0
-9285.00
57096.0
-76289.0
56301.0
-53620.0
152.000
-19499.0
-3335.00
-78034.0
24542.0
21258.0
-7849.00
-26670.0
-115368.
-43108.0
77147.0
51698.0
-45813.0
-97947.0
5208.00
14872.0
70979.0
-25512.0
-16697.0
69807.0
78085.0
138470.
-192570.
91258.0
-6503.00
169060.
10122.0
-13116.0
-151223.
16026.0
-2893.00
-129599.
13452.0
-109928.
95060.0
19557.0
123390.
195853.
76973.0
181447.
160410.
51026.0
139993.
147556.
33827.0
81644.0
56090.0
106468.
43972.0
115360.
156884.
92859.0
181718.
38724.0
83809.0
170805.
83531.0
153145.
102491.
124461.
-21819.0
159528.
61546.0
131803.
139070.
148439.
82409.0
194715.
-122806.
203636.
-17894.0
176925.
-110143.
68822.0
-38953.0
171697.
7220.00
55100.0
44190.0
107105.
-6514.00
90556.0
-594.000
134302.
33995.0
142415.
28235.0
189240.
6797.00
244532.
-122321.
85563.0
-70014.0
162094.
-91955.0
116903.
-119339.
37144.0
71022.0
58948.0
126813.
90667.0
-1981.00
70485.0
130732.
129008.
-53981.0
84916.0
-23306.0
142480.
48987.0
165134.
132442.
199282.
164862.
-6961.00
8277.00
77783.0
-5078.00
118839.
18379.0
43250.0
44496.0
163872.
-53518.0
120843.
-22114.0
69560.0
-10833.0
7569.00
42900.0
170897.
-7308.00
88775.0
-128795.
110476.
-76400.0
176190.
-51987.0
94679.0
36660.0
155288.
13030.0
54751.0
-53762.0
190613.
93767.0
123584.
29123.0
249870.
51572.0
182755.
132515.
64943.0
46226.0
180309.
-4729.00
205097.
143220.
189275.
-5463.00
106752.
-145553.
-90791.0
-16833.0
-40482.0
-35278.0
-37139.0
-89462.0
-87720.0
-72004.0
-53196.0
-125641.
12764.0
-107035.
20615.0
-7236.00
-16481.0
-90374.0
-45006.0
1600.00
-90153.0
-50237.0
-37466.0
-53001.0
-50059.0
-24820.0
-87848.0
-90782.0
-26260.0
-76503.0
-128928.
-37997.0
-20167.0
-27079.0
-19285.0
158929.
54670.0
-7496.00
-76619.0
-43884.0
-51394.0
-59244.0
12507.0
99460.0
-125786.
-93702.0
-41948.0
75508.0
-38512.0
86167.0
-39899.0
-92047.0
24814.0
-42346.0
-186553.
35735.0
-89746.0
-19600.0
-45682.0
-41583.0
51035.0
-13315.0
-89107.0
1043.00
-158475.
-132560.
-138099.
-59875.0
-101223.
-60658.0
-118291.
-135665.
-186760.
-25666.0
-255919.
-65642.0
-125512.
13478.0
-50003.0
-58705.0
-115024.
-14211.0
-91868.0
-17162.0
-78988.0
1547.00
-108583.
32979.0
-88588.0
-45951.0
-181978.
-85282.0
-108958.
-4410.00
-179310.
119167.
-42032.0
-10113.0
-130120.
4006.00
-146320.
74527.0
-110675.
103719.
-288291.
-18632.0
-198966.
33422.0
-269556.
147838.
-157513.
155701.
-45829.0
76987.0
-164527.
199352.
-208534.
205818.
-106402.
85268.0
-94944.0
-41004.0
-180931.
-101245.
-103408.
148844.
-43535.0
127571.
-205943.
-48819.0
-14705.0
35034.0
-20318.0
-94823.0
90489.0
61205.0
89043.0
10751.0
-27414.0
1092.00
78412.0
79198.0
-19424.0
90516.0
15713.0
-983.000
27798.0
-90570.0
-63522.0
108401.
-16152.0
16196.0
-60074.0
22784.0
-71979.0
31288.0
-102938.
3606.00
-113624.
-58113.0
-97909.0
55310.0
-50981.0
-111971.
-77282.0
44956.0
-73079.0
-33419.0
-20160.0
-22612.0
-50487.0
16755.0
92644.0
-8085.00
12153.0
-9586.00
120783.
-39328.0
-14521.0
30501.0
-3564.00
-114113.
39824.0
32675.0
97954.0
9905.00
-76361.0
-33681.0
12379.0
53716.0
-105429.
58579.0
114770.
88137.0
83539.0
87181.0
20010.0
158220.
226163.
75985.0
164506.
-25172.0
52372.0
27812.0
88225.0
18507.0
224601.
10207.0
191647.
-2646.00
65697.0
-43960.0
178416.
45387.0
180236.
-62998.0
153812.
87984.0
184703.
195272.
175654.
-33218.0
89830.0
143150.
264419.
56766.0
176718.
-70334.0
120346.
165227.
71383.0
-95673.0
225915.
-138822.
202771.
-58299.0
138000.
-116273.
128867.
-113691.
107788.
-69319.0
289054.
-203096.
277400.
-235188.
200019.
-156724.
132572.
-72920.0
142089.
-44492.0
171652.
-235213.
93871.0
-261864.
122767.
136495.
-32533.0
113543.
54661.0
65812.0
31446.0
-102603.
107201.
-36392.0
10219.0
-103159.
78523.0
-69714.0
-845.000
-3729.00
118180.
113387.
28993.0
8367.00
49922.0
13450.0
-38316.0
79327.0
82042.0
-69339.0
58138.0
1952.00
48421.0
-93304.0
74832.0
55793.0
100456.
-40758.0
-29092.0
68325.0
89181.0
108980.
78214.0
-78340.0
-49163.0
-53369.0
103792.
-70520.0
-118865.
12111.0
121212.
45134.0
45435.0
-57890.0
172226.
21958.0
299250.
85173.0
109095.
84961.0
77656.0
-77365.0
82384.0
32498.0
66974.0
78923.0
108030.
-32669.0
-66587.0
-41179.0
-19802.0
-23513.0
55256.0
-1510.00
-139509.
-73488.0
-94367.0
-34860.0
-141980.
-89909.0
-125840.
114075.
-166838.
2209.00
-143203.
-36027.0
-264495.
6040.00
-37004.0
75336.0
-267294.
25486.0
-157083.
-19263.0
-163404.
20544.0
-204481.
-92607.0
-146337.
-124626.
-263516.
-87079.0
-229831.
-25193.0
-133669.
-35671.0
-173609.
-46560.0
-114570.
59938.0
-101302.
140282.
-144254.
69389.0
-15425.0
153376.
-3459.00
30965.0
-332525.
173878.
-198958.
106097.
-79161.0
192990.
-46885.0
125374.
-23208.0
154824.
-26582.0
205949.
-131834.
157497.
-268875.
-41338.0
-2222.00
52388.0
-223.000
36659.0
-54695.0
116862.
-126108.
-52865.0
-163725.
-5371.00
-134740.
14170.0
-105607.
-170576.
-83176.0
-75708.0
-33989.0
15057.0
-40854.0
-104313.
-17408.0
1830.00
-62428.0
-52303.0
-171126.
-81851.0
-3560.00
-66371.0
-69830.0
-49425.0
-39136.0
-78528.0
-185751.
34472.0
-142372.
7942.00
-34008.0
-1939.00
-12825.0
-21995.0
-51467.0
96891.0
-173617.
48233.0
-30716.0
52368.0
-49569.0
85554.0
-201130.
-39273.0
-198092.
155241.
-56317.0
-36564.0
-90960.0
66943.0
-74116.0
86336.0
-73214.0
202579.
-30663.0
97451.0
-93111.0
2671.00
78347.0
54968.0
109860.
30643.0
190207.
39160.0
193632.
-80672.0
88360.0
57266.0
20159.0
-26759.0
156387.
8306.00
189953.
33850.0
150726.
31721.0
116793.
-158522.
145117.
81807.0
199548.
-11695.0
239006.
51102.0
154173.
-113856.
94868.0
143931.
241408.
11562.0
148202.
28036.0
182735.
34367.0
272659.
81885.0
61280.0
86153.0
81201.0
93999.0
167480.
-58872.0
203910.
-122263.
138099.
19124.0
111943.
-68340.0
142089.
-10327.0
107506.
-276449.
44875.0
-74377.0
74650.0
-113888.
43081.0
-100983.
51571.0
-160744.
286930.
31546.0
50574.0
21048.0
131881.
80277.0
134021.
-111980.
209235.
-80328.0
199405.
9449.00
53884.0
-74051.0
201989.
3205.00
55422.0
-118542.
61495.0
151883.
156682.
101859.
50112.0
96386.0
44889.0
138287.
117090.
85081.0
77797.0
6303.00
170807.
95665.0
20982.0
73437.0
81989.0
-86935.0
84284.0
-65110.0
104597.
41149.0
128059.
7282.00
90843.0
28953.0
119638.
-136866.
120441.
-43415.0
155894.
-91607.0
-12965.0
94892.0
9454.00
-137437.
19963.0
-76843.0
124982.
-107170.
19167.0
-94450.0
-118.000
-163440.
1520.00
-58397.0
-1495.00
-45726.0
-138139.
-15715.0
-62275.0
-180591.
-188153.
-125801.
-86194.0
-84224.0
-52595.0
-81500.0
-107361.
-128445.
-218576.
-29366.0
-168650.
-58115.0
-131680.
-64656.0
-109393.
-42927.0
-126595.
-91110.0
-214844.
25680.0
-260371.
-22760.0
-206936.
-1682.00
-130665.
-70594.0
-135261.
-10325.0
-289924.
155509.
-216492.
136311.
-181155.
-49562.0
-235628.
-95045.0
-182942.
-45237.0
-339303.
-9837.00
-219798.
173021.
-160147.
101548.
-193849.
23637.0
-321632.
177475.
-207085.
128171.
-21121.0
90068.0
-289790.
29037.0
-156129.
17646.0
-176244.
89207.0
-264455.
-126481.
-128880.
-3114.00
-105134.
-3636.00
-118866.
94197.0
-44603.0
9722.00
21470.0
-24541.0
-142984.
-30306.0
66356.0
-27058.0
-88432.0
-18735.0
-3980.00
-9509.00
-20159.0
-60173.0
26737.0
48745.0
-72622.0
-146089.
-52893.0
140302.
-105821.
6934.00
8859.00
-70895.0
48428.0
10446.0
-77961.0
110837.
-108335.
28686.0
34609.0
51590.0
22385.0
21653.0
-121030.
21719.0
-14137.0
-8021.00
-92591.0
65005.0
-72149.0
95825.0
-123888.
2882.00
-105023.
62224.0
-180996.
62063.0
-39741.0
48865.0
-85258.0
78388.0
-30492.0
108461.
-50935.0
-73372.0
-2906.00
101487.
133062.
107899.
120845.
294968.
166017.
221868.
123115.
144286.
191768.
135692.
227015.
107938.
180268.
22724.0
141841.
82825.0
273452.
60337.0
200420.
111874.
246759.
6429.00
236399.
8127.00
282797.
-50395.0
126139.
110349.
259447.
-17472.0
189587.
-55858.0
222952.
-79620.0
249712.
3753.00
288138.
-107330.
149655.
-4977.00
237612.
-93288.0
70348.0
-209918.
225182.
-9022.00
200622.
-151928.
270397.
-125172.
256148.
-72526.0
142601.
-160114.
271822.
-123546.
253510.
46542.0
144582.
-173394.
115813.
-156634.
85077.0
-62027.0
-15796.0
-43720.0
96163.0
7037.00
-18802.0
-59453.0
-129903.
30201.0
-135582.
120064.
10940.0
-120807.
-82920.0
-213722.
-155138.
-28640.0
-75025.0
22994.0
-29450.0
20000.0
12359.0
-33222.0
-208754.
-59600.0
-24930.0
-132707.
49375.0
-128859.
-35845.0
-106975.
18160.0
-68668.0
-69792.0
-40583.0
9485.00
167371.
4402.00
-13296.0
-109323.
33148.0
-80542.0
-32342.0
-189598.
-37028.0
-2412.00
154869.
-227539.
73894.0
18534.0
-51014.0
-117751.
236671.
-148805.
16284.0
-54023.0
88572.0
-137132.
49743.0
-69534.0
3892.00
-223050.
150795.
-110297.
-37532.0
-95178.0
-119846.
-161230.
-119248.
-272820.
-103263.
-215899.
-138355.
-288830.
-46690.0
-22218.0
-129473.
-220013.
-158655.
-101594.
-130956.
-190200.
-38450.0
-160746.
149178.
-85975.0
12999.0
-155050.
34417.0
-167709.
44351.0
-143798.
-79244.0
-198471.
31927.0
-141059.
-29527.0
-222827.
77179.0
-203521.
145786.
-283313.
17413.0
-173503.
35813.0
-121801.
44983.0
-177486.
50003.0
-70119.0
175175.
-188630.
107932.
-109140.
177574.
-147257.
141795.
-237514.
186503.
-174684.
189027.
-108201.
52338.0
-165002.
225038.
-80863.0
33397.0
-101867.
216035.
145048.
162980.
71131.0
108185.
52643.0
69711.0
101570.
90266.0
185205.
165943.
91665.0
74659.0
110902.
155609.
167695.
81811.0
206641.
-782.000
134316.
166009.
93432.0
99891.0
268238.
35055.0
189511.
133842.
113338.
10823.0
183586.
47866.0
138344.
-90698.0
276459.
-33782.0
303588.
-3300.00
238773.
-18291.0
200850.
-11681.0
287945.
-24451.0
201358.
59472.0
356056.
-163645.
148611.
-127866.
133589.
55619.0
277359.
-112035.
322339.
4175.00
312846.
-32948.0
192121.
-77212.0
161871.
-154935.
113257.
-158035.
202197.
30372.0
-36689.0
-58053.0
83204.0
114487.
-76313.0
-99226.0
84781.0
-48722.0
86818.0
-7729.00
17528.0
74316.0
60219.0
-35206.0
-55271.0
-38577.0
219.000
36226.0
19216.0
43595.0
-97815.0
66209.0
-26665.0
-55157.0
31379.0
-105428.
-13405.0
-45536.0
101866.
-89047.0
128518.
-14822.0
37444.0
8442.00
77965.0
-148355.
93325.0
-92461.0
-5427.00
84709.0
169426.
-248177.
78508.0
-207774.
60649.0
-64479.0
102218.
-120721.
-169527.
104918.
-31689.0
40349.0
70071.0
-42849.0
-130839.
-98515.0
69234.0
-23459.0
28026.0
-91478.0
-17368.0
-33782.0
-103465.
-138270.
-324568.
-126970.
-169846.
-195712.
-251348.
-6555.00
-127133.
-118171.
-77984.0
-139199.
-187448.
-9057.00
-271108.
-108471.
-145351.
-14595.0
-233822.
-48714.0
-205162.
-142411.
-243635.
-47492.0
-314467.
-107945.
-257575.
-86691.0
-206705.
-36621.0
-220134.
34910.0
-218334.
44113.0
-228381.
9195.00
-284822.
33949.0
-374060.
24131.0
-231330.
156136.
-322928.
-31045.0
-122084.
56688.0
-142844.
143909.
-205923.
40974.0
-296156.
45265.0
-220842.
62907.0
-159154.
136152.
-320151.
172981.
-69142.0
156627.
-96335.0
175492.
-130641.
49695.0
-340302.
164894.
120078.
110034.
75916.0
87354.0
253760.
233631.
85892.0
185126.
161832.
84408.0
58344.0
-17512.0
145339.
124474.
216071.
77938.0
159758.
-4271.00
137834.
-27939.0
273729.
137542.
169410.
-21573.0
133950.
60231.0
250076.
-55252.0
140444.
-36531.0
99233.0
88508.0
148573.
-7160.00
95904.0
49445.0
278528.
145765.
76107.0
-80340.0
134565.
63805.0
162265.
-23507.0
214162.
-136617.
114083.
-125312.
361265.
-116853.
258796.
-118474.
270902.
-68209.0
103699.
-115729.
183407.
-42934.0
264046.
-110337.
57092.0
-47656.0
163961.
49319.0
34682.0
-70971.0
21114.0
-40494.0
59427.0
-95305.0
-52037.0
72367.0
116180.
-80859.0
106577.
-16480.0
120984.
142687.
52190.0
-8236.00
-5650.00
89020.0
20762.0
-1511.00
30390.0
47306.0
123685.
-1855.00
59484.0
-29236.0
5256.00
388.000
19464.0
13005.0
-8372.00
-26101.0
52295.0
36933.0
-40048.0
-20140.0
85758.0
-71338.0
-10632.0
57478.0
85332.0
-72335.0
-8367.00
-107299.
91938.0
-265967.
122622.
-219854.
103346.
-46404.0
96436.0
14005.0
117933.
-174613.
92514.0
-99118.0
17793.0
8435.00
4306.00
28.0000
58317.0
64816.0
-93056.0
-178929.
-143525.
-203103.
-130296.
-52414.0
-304907.
-209344.
-193320.
-139070.
-242719.
-114420.
-106180.
-73863.0
-204307.
-74382.0
-255050.
-39266.0
-240853.
-18511.0
-198149.
9181.00
-270757.
48013.0
-209698.
-134280.
-171364.
-14347.0
-153033.
2261.00
-266112.
48350.0
-285436.
56286.0
-221341.
-15681.0
-178205.
34384.0
-291008.
-31558.0
-230789.
91710.0
-334974.
135954.
-139575.
16486.0
-189356.
124205.
-239239.
118748.
-266611.
171312.
-156990.
72273.0
-213288.
105593.
-206734.
97684.0
-296212.
7098.00
-194295.
132171.
-98778.0
160102.
-90657.0
148630.
357921.
184468.
213371.
285350.
248429.
68093.0
280648.
35905.0
222313.
171456.
209138.
-11792.0
238091.
205558.
215012.
81872.0
307711.
59285.0
209871.
51740.0
307281.
126472.
363488.
24638.0
312475.
28569.0
184709.
-165299.
338595.
-28504.0
298011.
46495.0
290968.
11431.0
428626.
-47624.0
286574.
-127070.
146723.
-23089.0
202297.
-91317.0
302466.
-42556.0
168163.
-53441.0
350556.
-92843.0
362423.
-96264.0
145897.
-222420.
195497.
-216030.
37302.0
-207984.
158651.
-375251.
241814.
-183681.
235114.
-151926.
227629.
42010.0
-222985.
-59934.0
-6878.00
-42607.0
-102540.
-108732.
-18067.0
-72569.0
94379.0
20689.0
-117693.
16466.0
-44542.0
-36921.0
-92350.0
-4229.00
-98978.0
-90318.0
-200902.
2714.00
-152626.
29804.0
-39840.0
-54111.0
-192343.
-17883.0
-59929.0
-34242.0
-45268.0
-38963.0
-76992.0
-31083.0
-65817.0
76854.0
-38335.0
-33522.0
-77503.0
-120477.
-153245.
73667.0
-104663.
22209.0
15397.0
95487.0
-61663.0
-6461.00
-109479.
-6945.00
-63364.0
-15177.0
-133420.
143478.
-86162.0
-122254.
-222442.
214799.
-96193.0
101069.
26570.0
45895.0
-38564.0
16486.0
-40452.0
38401.0
-125275.
-193461.
-72233.0
-141875.
-124000.
-21655.0
-18537.0
-11285.0
-171952.
12385.0
-161291.
113519.
-28967.0
-47325.0
-71856.0
-50466.0
-249009.
-57870.0
-206158.
31893.0
-337698.
16487.0
-132947.
-75338.0
-111130.
20279.0
-175463.
36657.0
-128923.
33113.0
-114232.
-38842.0
-144876.
37581.0
-166773.
99503.0
-97324.0
168756.
-115449.
46013.0
-66446.0
105134.
-76302.0
-36061.0
-73682.0
33979.0
-305407.
26505.0
-161380.
125466.
7488.00
44322.0
-32289.0
143453.
-132965.
220865.
23614.0
106192.
-35573.0
101930.
-74354.0
90035.0
-42415.0
100711.
197417.
102882.
253363.
82703.0
342169.
93427.0
237355.
58739.0
237969.
111043.
182782.
80414.0
198481.
140709.
262011.
-37719.0
317594.
103479.
344517.
17634.0
290135.
52744.0
273020.
121158.
254977.
77308.0
136038.
39245.0
209517.
99955.0
200087.
-9759.00
260811.
-146185.
280723.
66419.0
285396.
34934.0
417228.
-81557.0
218740.
-136230.
187071.
-227845.
288949.
-237672.
235671.
-169158.
184558.
-178777.
316778.
-168806.
406807.
-211364.
295476.
-193421.
343049.
-115760.
331711.
-152640.
229259.
-142114.
239491.
-256682.
-285611.
-212788.
-220578.
-135241.
-206443.
-209326.
-240543.
-213577.
-284491.
-107458.
-176734.
-51615.0
-346388.
-191900.
-356898.
-54226.0
-242230.
-10680.0
-230247.
-153295.
-273278.
-2850.00
-345405.
-61250.0
-258322.
-88904.0
-319841.
8499.00
-415633.
25500.0
-256710.
-3318.00
-149761.
48310.0
-262907.
77367.0
-323846.
-38925.0
-363250.
250331.
-291932.
97030.0
-211417.
-58720.0
-262624.
104880.
-224163.
152836.
-165521.
244756.
-226226.
274990.
-147446.
-64600.0
-257082.
257048.
-163100.
173841.
-347888.
211751.
-272229.
194831.
-233354.
216760.
248318.
249684.
182708.
122900.
270285.
139682.
340287.
81154.0
4332.00
185201.
223464.
225496.
247718.
133798.
195555.
139148.
144437.
266445.
233920.
16868.0
156355.
67446.0
271926.
64032.0
308726.
-17177.0
192429.
29.0000
175874.
19654.0
299209.
120697.
114157.
-24477.0
173459.
78363.0
238176.
39473.0
154182.
50268.0
231895.
3263.00
213054.
-76222.0
175941.
19487.0
315326.
-18132.0
201642.
100345.
185886.
-44445.0
134517.
-153766.
199684.
-77616.0
141839.
-245772.
141679.
-91361.0
41645.0
-51744.0
114730.
-85170.0
-86411.0
-88852.0
121691.
14165.0
71295.0
45085.0
-50485.0
-51529.0
114803.
-121497.
-57598.0
-121602.
-97927.0
-32463.0
19898.0
-136107.
-97240.0
171124.
22915.0
103853.
70079.0
-101193.
11950.0
-26735.0
29389.0
-99230.0
32693.0
-59684.0
-121243.
-27823.0
-106153.
-72931.0
-1683.00
16307.0
89840.0
30147.0
13006.0
31778.0
28320.0
-11967.0
-57148.0
30040.0
104359.
131917.
-25680.0
-25909.0
-81692.0
-12884.0
-103919.
-134730.
8408.00
49975.0
-159774.
99117.0
-122572.
-46765.0
-137325.
-58832.0
-166484.
29524.0
-217542.
-5743.00
-7673.00
-33341.0
-45628.0
-27473.0
-51963.0
-44374.0
-62827.0
23037.0
-179103.
-131077.
-132501.
-122646.
-62328.0
-44459.0
-58044.0
-69278.0
-132115.
124846.
-179910.
92661.0
-198208.
142414.
-180149.
111609.
-16022.0
44537.0
-113468.
110917.
-71971.0
16741.0
-158335.
159398.
-45131.0
-72759.0
-89322.0
222965.
-80161.0
154954.
-174487.
204326.
-234778.
203264.
-95395.0
68778.0
-125464.
237931.
-127289.
157323.
-232765.
159808.
-205376.
106051.
-100660.
163779.
-108557.
208098.
-58864.0
167537.
-262985.
183337.
-145686.
83490.0
-84875.0
86994.0
-55855.0
177138.
285562.
116686.
84350.0
117482.
265423.
27646.0
100054.
73483.0
214106.
4603.00
263542.
159455.
385930.
119881.
384833.
2197.00
164796.
31313.0
266256.
40881.0
212048.
-47428.0
338722.
-43585.0
218622.
28578.0
343710.
18141.0
278120.
101273.
303641.
-4666.00
415507.
-12394.0
341462.
-114092.
251698.
-167443.
318168.
-58734.0
410901.
-194480.
163381.
-102952.
300649.
8076.00
228781.
-172751.
290023.
-47714.0
208905.
-127281.
202277.
-142415.
218244.
-219917.
191724.
-122376.
242135.
-209711.
40185.0
-69733.0
329315.
-113141.
-310169.
-170588.
-425309.
-182175.
-338222.
-163790.
-339695.
-75761.0
-220217.
-93070.0
-422677.
-14322.0
-484383.
-65388.0
-359041.
-195222.
-407505.
-106400.
-397157.
-67119.0
-288340.
-103304.
-443039.
-98413.0
-410557.
78797.0
-411466.
134294.
-380762.
95003.0
-485773.
196333.
-334289.
199929.
-505876.
4095.00
-346244.
-127664.
-490949.
128797.
-394302.
171573.
-401554.
51794.0
-438951.
277936.
-479889.
73299.0
-381172.
137289.
-288205.
66307.0
-253789.
49898.0
-203412.
217253.
-168572.
122522.
-317044.
285088.
-70645.0
236015.
-206544.
291456.
260358.
304016.
355141.
228128.
460244.
174809.
446013.
321892.
260458.
101493.
543261.
123286.
458662.
213480.
489680.
15521.0
495641.
122096.
598514.
89671.0
578806.
39158.0
491098.
87791.0
440671.
-70516.0
497056.
-67173.0
733524.
-40912.0
580174.
51648.0
421944.
-29965.0
558211.
126096.
585976.
-175925.
447608.
-60771.0
376165.
-166306.
409218.
-51569.0
527015.
-143709.
561944.
-185962.
425015.
-40380.0
483501.
-203348.
407376.
-249139.
400241.
-99020.0
331370.
-151342.
430731.
-100544.
436649.
-392573.
392251.
-199883.
-160687.
-198640.
-305865.
-87116.0
-318590.
-244143.
-344676.
16601.0
-365975.
-225674.
-350665.
54132.0
-441293.
-52706.0
-413504.
-32253.0
-408820.
-91344.0
-417355.
-50229.0
-468458.
94059.0
-567333.
167486.
-758729.
-155872.
-443692.
77613.0
-615073.
498.000
-617640.
-70969.0
-533773.
57919.0
-539240.
45677.0
-556584.
-41942.0
-858421.
-53020.0
-524814.
104137.
-664580.
-43334.0
-731306.
-67887.0
-583734.
-121912.
-604980.
44289.0
-611420.
-74635.0
-669833.
61390.0
-534598.
154208.
-362777.
51957.0
-407564.
163908.
-424771.
41134.0
-290714.
665473.
695374.
531776.
720280.
292428.
539972.
601515.
617869.
491376.
610041.
472091.
348120.
338472.
573288.
452803.
298637.
587440.
611727.
347184.
249803.
259255.
254579.
620311.
355062.
306553.
272701.
209050.
310560.
120771.
348850.
-90892.0
141036.
178823.
404610.
7367.00
273590.
66537.0
448458.
-160493.
503381.
-215935.
297241.
-448470.
312386.
-131985.
336012.
-448019.
302900.
-51511.0
405557.
-268242.
399684.
-398342.
395077.
-419988.
422878.
-359914.
538068.
-159116.
413883.
-410823.
691222.
-279549.
465993.
-289278.
-569337.
-575770.
-576241.
-600813.
-670861.
-300616.
-686840.
-472965.
-459531.
-428394.
-626281.
-521220.
-812668.
-476590.
-442862.
-525851.
-796600.
-491815.
-642972.
-377274.
-674797.
-277068.
-1.08488E+006
-335667.
-734367.
-332966.
-579293.
-386196.
-627814.
-383648.
-693502.
-171136.
-504653.
136912.
-586362.
-46650.0
-449510.
-267462.
-462620.
342631.
-694358.
86635.0
-336387.
260650.
-743627.
155291.
-816999.
-143584.
-513117.
311193.
-579261.
432755.
-882622.
180429.
-536315.
119260.
-634934.
462059.
-442928.
414721.
-577579.
369371.
-398763.
871276.
794017.
785644.
817314.
1.00637E+006
724439.
752933.
987217.
796309.
557404.
645897.
590187.
633072.
250078.
544544.
836407.
94947.0
281960.
311169.
954868.
390295.
371298.
138533.
672010.
161684.
1.24902E+006
241420.
1.03599E+006
121851.
947241.
122296.
1.03720E+006
-43246.0
765078.
79795.0
944160.
-120142.
780881.
257459.
852007.
-59487.0
1.12562E+006
-70525.0
1.17088E+006
-7843.00
1.04359E+006
45384.0
658994.
-452582.
1.12580E+006
-305417.
614320.
-406375.
1.08078E+006
-546340.
1.02202E+006
-425039.
726515.
-623567.
1.17208E+006
-534296.
880761.
-189452.
1.06406E+006
-1.02592E+006
-1.36337E+006
-1.24809E+006
-884297.
-810648.
-1.29873E+006
-1.23471E+006
-1.31899E+006
-791968.
-910850.
-1.10437E+006
-1.37744E+006
-854172.
-1.17554E+006
-669266.
-1.35028E+006
-699713.
-1.50178E+006
-528378.
-1.35036E+006
-271266.
-1.48102E+006
-771986.
-1.34281E+006
-809769.
-1.50179E+006
-823260.
-1.23520E+006
-697935.
-1.35285E+006
-550766.
-1.26227E+006
-465509.
-1.43549E+006
-468915.
-1.70465E+006
56347.0
-1.89921E+006
246453.
-1.54529E+006
215668.
-1.50839E+006
-109278.
-1.44370E+006
317262.
-1.44432E+006
1065.00
-1.58777E+006
832331.
-1.31121E+006
312318.
-1.69478E+006
348568.
-1.34505E+006
609520.
-1.42785E+006
622040.
-1.75576E+006
583278.
-1.19534E+006
478012.
-1.66471E+006
816506.
-1.43785E+006
2.20553E+006
2.30819E+006
2.19162E+006
2.73593E+006
2.05813E+006
2.58019E+006
2.10336E+006
2.84409E+006
1.48504E+006
3.05071E+006
1.29092E+006
3.34894E+006
1.51662E+006
3.57537E+006
1.46337E+006
3.24518E+006
1.46923E+006
3.39790E+006
1.30953E+006
3.08421E+006
1.31418E+006
3.40605E+006
756953.
3.32601E+006
695712.
3.01226E+006
642994.
3.22889E+006
528092.
3.64017E+006
341677.
3.16498E+006
-33119.0
3.18380E+006
35691.0
3.12812E+006
-365524.
3.39172E+006
-162943.
3.36640E+006
-381567.
3.50316E+006
-799937.
3.52407E+006
-1.00909E+006
3.31529E+006
-1.00272E+006
2.96493E+006
-949316.
3.01632E+006
-1.30005E+006
3.06945E+006
-1.41420E+006
2.49058E+006
-1.38346E+006
3.01869E+006
-1.56194E+006
3.24045E+006
-1.35653E+006
2.55889E+006
-1.61442E+006
2.81053E+006
-2.02737E+006
2.73567E+006
7.89426E+006
1.10214E+007
7.70674E+006
1.09856E+007
7.20867E+006
1.16028E+007
6.87929E+006
1.15814E+007
6.29854E+006
1.20007E+007
5.16419E+006
1.21078E+007
4.65596E+006
1.24836E+007
4.50330E+006
1.24686E+007
4.03507E+006
1.27576E+007
3.30697E+006
1.28217E+007
2.84637E+006
1.28246E+007
2.16206E+006
1.30025E+007
1.52554E+006
1.30467E+007
1.52403E+006
1.30204E+007
610722.
1.27808E+007
158981.
1.28064E+007
-681679.
1.26138E+007
-1.60059E+006
1.32442E+007
-2.48401E+006
1.32411E+007
-2.40858E+006
1.33721E+007
-3.60287E+006
1.29353E+007
-4.23294E+006
1.25216E+007
-4.63579E+006
1.23236E+007
-4.79507E+006
1.22258E+007
-5.45534E+006
1.17601E+007
-5.73923E+006
1.12825E+007
-6.52431E+006
1.09132E+007
-6.81743E+006
1.03277E+007
-6.95756E+006
1.00681E+007
-7.25516E+006
9.78627E+006
-8.13367E+006
9.60996E+006
-8.40474E+006
9.48775E+006
-607134.
-574673.
-1.11289E+006
-576245.
-656683.
-480837.
-715889.
-606150.
-1.15109E+006
-588131.
-1.38481E+006
-626594.
-1.19233E+006
-984789.
-941085.
-810174.
-787580.
-1.08483E+006
-582092.
-916538.
-731431.
-1.19509E+006
-970115.
-913817.
-944370.
-769902.
-930425.
-919458.
-789819.
-1.25459E+006
-622066.
-1.16442E+006
-630320.
-1.20075E+006
-800688.
-1.03065E+006
-593988.
-1.20597E+006
-369205.
-1.06908E+006
-40838.0
-1.12444E+006
-84477.0
-1.36238E+006
-148809.
-1.38343E+006
-476725.
-1.20292E+006
123159.
-1.00505E+006
21999.0
-1.32836E+006
-310135.
-1.21417E+006
146305.
-1.42768E+006
-75928.0
-1.36693E+006
103291.
-1.19856E+006
-174567.
-1.34724E+006
140714.
-1.73262E+006
165530.
-444883.
-291398.
-353755.
250604.
-690042.
85485.0
-86423.0
-290.000
-890895.
216771.
-305493.
277316.
-334283.
284404.
-650589.
352409.
-210150.
239377.
-575080.
630615.
-224466.
28340.0
-255208.
-89471.0
-270213.
-46687.0
-229395.
201562.
-43453.0
171887.
-435505.
113136.
-244167.
55243.0
-114850.
430619.
284904.
778392.
-165564.
553674.
-119964.
483815.
-413098.
489718.
-122430.
238846.
-220969.
824774.
-121561.
146746.
235277.
534141.
-176577.
340275.
15339.0
27302.0
441760.
603162.
-166900.
35632.0
204251.
543229.
299937.
-106404.
285018.
-77386.0
356770.
192650.
335103.
-42925.0
429286.
243734.
507132.
124706.
329367.
511316.
411716.
-191250.
499471.
244443.
896065.
-262338.
412275.
210234.
652245.
156004.
831192.
-338057.
191293.
-208676.
515163.
-125090.
523732.
-254642.
368421.
-320263.
612542.
-176854.
394942.
-438578.
427690.
11861.0
390346.
-293419.
73726.0
-54861.0
64488.0
-217966.
244274.
-240088.
522430.
-810293.
-85435.0
-625522.
620929.
-178573.
282530.
-525054.
61342.0
-383156.
251640.
-157418.
-88102.0
-176465.
119830.
-415046.
144279.
-466898.
-540219.
-156239.
-161138.
-41933.0
-100010.
10429.0
-498128.
-348536.
-204143.
-150059.
-313611.
-84756.0
-328551.
-223016.
-378083.
-138736.
-439347.
44056.0
-395198.
159896.
-682995.
256750.
-328548.
-57027.0
-329505.
-58290.0
-388787.
-127304.
-253810.
-158619.
6178.00
-32379.0
-423474.
191818.
-368951.
21602.0
-591691.
-232415.
-525783.
497555.
-438790.
6007.00
-478270.
375050.
-335662.
154544.
-308807.
84879.0
-530511.
233880.
-318572.
379254.
-116193.
65806.0
-214296.
202874.
-113815.
691255.
-318449.
489709.
-329632.
446613.
-251927.
58100.0
347975.
164779.
267703.
205133.
478133.
65316.0
371416.
202110.
404937.
347057.
289322.
107355.
294017.
208817.
313829.
-124264.
488116.
203343.
424497.
69426.0
437447.
-166671.
197629.
64277.0
305577.
-93385.0
402865.
23112.0
166414.
91327.0
644253.
-88479.0
474536.
-72273.0
571266.
-22392.0
449227.
-182926.
472871.
-225346.
637836.
-342321.
382869.
-12944.0
256646.
-258756.
292907.
15078.0
125905.
-92569.0
382098.
-167585.
400895.
-209408.
298384.
-167977.
377061.
-45658.0
348665.
-109465.
124750.
-198900.
499896.
-210000.
-322735.
-222259.
-461617.
-335865.
-231859.
-97706.0
-465674.
-281341.
-521716.
-19588.0
-366056.
-102627.
-508352.
-126943.
-481346.
-71900.0
-453076.
16334.0
-417585.
-52583.0
-622525.
-208605.
-560914.
-115900.
-538518.
-78104.0
-400948.
14744.0
-396507.
-158947.
-460015.
-10702.0
-384418.
-48314.0
-446350.
-201435.
-397950.
284464.
-420465.
88139.0
-424694.
256836.
-326467.
130887.
-515475.
157523.
-493223.
39324.0
-473419.
223525.
-185772.
207632.
-312525.
140224.
-271100.
257517.
-232624.
78873.0
-261136.
490704.
-195605.
171008.
-325441.
260437.
470005.
369824.
419640.
180557.
528514.
231607.
419797.
216306.
449040.
211626.
380610.
240295.
533546.
114140.
460425.
142587.
412415.
113676.
470739.
82789.0
472142.
194775.
387716.
18641.0
475843.
-6282.00
521259.
-88010.0
626138.
-109358.
465164.
-24854.0
433623.
112602.
499402.
-94446.0
637536.
40093.0
506750.
-72238.0
446081.
-254493.
404264.
-274482.
369734.
-255723.
533951.
-314366.
355513.
-299408.
529117.
-258697.
386677.
-214705.
409412.
-193480.
485700.
-171397.
344482.
-413202.
437278.
-438294.
361634.
-249723.
-311666.
-513670.
-468584.
-247502.
-300204.
-407177.
-407207.
-176856.
-322803.
-311818.
-366745.
-206103.
-520227.
-139937.
-308485.
-143398.
-376993.
-172606.
-349590.
-237161.
-413828.
-51617.0
-499451.
-76270.0
-572048.
4455.00
-439358.
12482.0
-437931.
-85179.0
-453286.
-57699.0
-445039.
75884.0
-401893.
-12292.0
-481081.
29432.0
-601101.
58975.0
-326014.
92563.0
-416541.
228060.
-317623.
95107.0
-491753.
141544.
-422155.
274376.
-397183.
173711.
-348562.
339378.
-289402.
94177.0
-212708.
240501.
-362810.
486900.
-308965.
283336.
-215728.
292302.
305771.
76348.0
420642.
82686.0
349187.
276807.
275686.
126748.
291672.
188526.
249951.
97487.0
409470.
197923.
390810.
230985.
456166.
121236.
393177.
174443.
287383.
62973.0
409340.
-1762.00
297647.
85072.0
308655.
29455.0
419934.
48607.0
346754.
42457.0
300166.
-68312.0
337793.
-27872.0
316908.
-118696.
280970.
-1919.00
302399.
-14016.0
420312.
-324.000
367505.
-156761.
447431.
-113141.
460739.
-98327.0
312034.
-107074.
378024.
-255822.
339390.
-175491.
398626.
-95202.0
290683.
-167801.
165636.
-189612.
417022.
-152476.
-121501.
-216924.
-114286.
-253246.
-267169.
-94649.0
-87749.0
-224261.
-39755.0
-200465.
-294698.
-61865.0
-202994.
-221934.
-215869.
-162900.
-233160.
-98158.0
-227334.
-79997.0
-30998.0
-167752.
-124338.
-152529.
-152102.
-54863.0
-176611.
-132754.
-250548.
-60254.0
-306462.
5021.00
-144148.
-13835.0
-276662.
43370.0
-223362.
56282.0
-248095.
15973.0
-268637.
145847.
-253757.
42428.0
-175702.
-20692.0
-146442.
1.00000
-329994.
5210.00
-163447.
97570.0
-254832.
32126.0
-161157.
84783.0
-196771.
158717.
-255439.
-18676.0
-355174.
92350.0
-263169.
15592.0
-86438.0
105504.
-41323.0
-8127.00
15738.0
126947.
-51958.0
15571.0
-32473.0
-117229.
44151.0
81984.0
-69377.0
-36485.0
-10949.0
16271.0
-54143.0
51466.0
86383.0
81184.0
-34379.0
85603.0
-46117.0
64718.0
23413.0
39112.0
-66003.0
80100.0
101292.
30023.0
-99387.0
82884.0
32656.0
208209.
-89302.0
85506.0
56976.0
-140221.
30740.0
103240.
88814.0
-72677.0
60996.0
-89610.0
62250.0
66057.0
-19045.0
34983.0
72607.0
108872.
118033.
71539.0
-147520.
-5085.00
-49947.0
12499.0
79159.0
-28510.0
9614.00
-35252.0
-52956.0
-9283.00
203466.
141666.
153576.
157395.
143097.
36616.0
269805.
75554.0
239601.
137013.
97682.0
-34457.0
144151.
129669.
195728.
8956.00
220731.
74879.0
209661.
97816.0
244171.
2643.00
369502.
-78366.0
187224.
34506.0
209089.
57564.0
153413.
-36944.0
296034.
10063.0
159913.
123361.
129273.
-5866.00
214679.
-71281.0
296613.
-166854.
117678.
-61921.0
322722.
-146821.
230521.
85138.0
262247.
-86280.0
165679.
1116.00
263053.
4639.00
162234.
-47697.0
57194.0
-119978.
152130.
-96843.0
161853.
-39950.0
110237.
-150440.
260851.
-125929.
156601.
-253251.
-296981.
-206616.
-227774.
-49681.0
-298841.
-248602.
-186510.
-154185.
-366064.
-94083.0
-300403.
-203682.
-205105.
-111265.
-279340.
-180714.
-308344.
-107391.
-393463.
14840.0
-264576.
-72103.0
-353034.
54216.0
-360889.
-96033.0
-256841.
56639.0
-243620.
27664.0
-271825.
-3926.00
-338014.
34245.0
-263147.
42820.0
-228235.
24728.0
-269237.
139716.
-251531.
90860.0
-347872.
148046.
-172087.
204369.
-332814.
27336.0
-219546.
181400.
-108560.
92804.0
-289708.
81090.0
-141933.
177033.
-166942.
155688.
-297306.
336611.
-113363.
69155.0
-238323.
163224.
280851.
120281.
233704.
219431.
341609.
87428.0
192451.
113149.
249362.
200215.
270924.
77688.0
329079.
115288.
223492.
177746.
336378.
59488.0
129003.
181814.
207096.
49994.0
176888.
110109.
185388.
-21497.0
198028.
115128.
265772.
90363.0
310448.
8960.00
183243.
94808.0
248845.
-57076.0
409762.
-100.000
369670.
-48066.0
153913.
-45298.0
127592.
-139518.
308016.
-152965.
165696.
-178748.
170320.
-284691.
306139.
-103488.
241553.
-121331.
165086.
-139169.
243411.
-82849.0
201240.
-184375.
150636.
-240572.
371120.
-66723.0
-39634.0
-73263.0
-157381.
-76197.0
-104219.
-56898.0
-62426.0
-32278.0
52769.0
-12114.0
-57694.0
2871.00
-37342.0
-102172.
-172065.
-50337.0
-44775.0
10586.0
-87647.0
-14232.0
-115418.
6704.00
-180911.
-39774.0
-50413.0
102531.
-240959.
-18034.0
-172398.
34262.0
-105663.
-72122.0
-41273.0
-28894.0
-125489.
-85608.0
-22306.0
59637.0
-175204.
-4803.00
-3191.00
32048.0
-143820.
122416.
-181396.
75918.0
-165732.
42059.0
-236981.
56215.0
-11077.0
84362.0
-85140.0
98609.0
-122922.
56739.0
-192638.
47546.0
-92096.0
11212.0
-110270.
78853.0
-234573.
-106757.
-77225.0
-3600.00
-96947.0
-77457.0
-241372.
29202.0
-168915.
-34882.0
-179502.
-37800.0
-106550.
-25244.0
-104764.
-45599.0
-164830.
22830.0
-122033.
-65476.0
-170084.
-63233.0
-117184.
-13395.0
-98244.0
-16047.0
-32882.0
11834.0
-139117.
116132.
-163959.
61284.0
-143996.
44238.0
-43297.0
-55475.0
-163763.
-9052.00
-235758.
62071.0
57041.0
10810.0
-81873.0
80122.0
-176922.
112975.
-136908.
200476.
-173625.
35654.0
-135235.
177651.
-119389.
98096.0
-177415.
-31447.0
24410.0
-17926.0
-60680.0
72770.0
-114336.
62157.0
-147224.
65754.0
-213298.
204726.
318516.
188483.
188353.
107737.
251399.
67993.0
256227.
213373.
341381.
152865.
212766.
123203.
172434.
120735.
252461.
171808.
356437.
45383.0
149492.
110038.
293852.
-37490.0
395877.
-18932.0
329215.
81762.0
234218.
77666.0
349480.
48451.0
237872.
24835.0
179770.
18553.0
187420.
-82786.0
21866.0
110028.
457956.
-66345.0
407490.
-129027.
214641.
-113355.
374741.
-79708.0
310492.
-224833.
206511.
-61117.0
106550.
-213991.
364265.
-155159.
322637.
-149313.
155379.
-58723.0
177700.
-214286.
137471.
-213416.
245453.
43548.0
-41242.0
-158901.
-119424.
-41617.0
-157238.
-72584.0
-159120.
-103737.
-14519.0
39558.0
-109457.
-32830.0
-251578.
-130510.
-215999.
-109834.
-140107.
-49286.0
-91700.0
-67827.0
-212848.
-2030.00
-191228.
-35612.0
-231777.
-38432.0
-275242.
-91249.0
-244542.
-125711.
-187064.
-38786.0
-160545.
23207.0
-229923.
-46945.0
-88936.0
61906.0
-126302.
91231.0
-214067.
-89673.0
-144330.
124833.
-162442.
90322.0
-173748.
76530.0
-89061.0
-102332.
-187465.
139721.
-164952.
110166.
-289473.
30894.0
-150046.
112205.
-173293.
106560.
-52647.0
120398.
-121214.
44275.0
-52560.0
-12653.0
-50740.0
49564.0
-7733.00
-34183.0
-2269.00
57231.0
-8451.00
39127.0
-46002.0
133030.
25533.0
-47705.0
-69171.0
-39618.0
-29238.0
27539.0
-93832.0
-34914.0
-24101.0
-74893.0
-59113.0
69955.0
21344.0
-38953.0
-22817.0
12033.0
-112161.
23700.0
8810.00
83213.0
126123.
23198.0
-21323.0
81472.0
143847.
-63648.0
-90546.0
71672.0
-283946.
28222.0
56005.0
157399.
-112251.
-64929.0
-40959.0
106812.
-2565.00
80446.0
-58304.0
25056.0
-17738.0
68516.0
16855.0
-41808.0
-99666.0
35464.0
-2817.00
-69085.0
34594.0
36270.0
-87121.0
212932.
229291.
128708.
202226.
148187.
169185.
143840.
290123.
159626.
228283.
126608.
24743.0
135859.
280702.
94656.0
127751.
94408.0
256901.
29584.0
158399.
26700.0
124162.
-29024.0
200449.
-66196.0
280678.
61660.0
229091.
69218.0
393742.
-52771.0
176108.
41582.0
241342.
8705.00
256514.
-72587.0
295801.
-38187.0
398924.
-18052.0
270338.
-55931.0
212878.
37716.0
182511.
-117528.
266998.
-49749.0
91292.0
-108895.
225055.
-192544.
221971.
-30358.0
152273.
-85685.0
148796.
-263424.
125439.
-196716.
244188.
-49223.0
52792.0
-70428.0
-141767.
-51397.0
-106717.
-171234.
-197407.
-78854.0
-254150.
-132304.
-179995.
-48650.0
-203190.
-155770.
-133028.
-18388.0
-75651.0
-96409.0
-193716.
-16861.0
-136012.
-49391.0
-147289.
-15648.0
-87650.0
45706.0
-203503.
-109135.
-183419.
-49160.0
-166952.
-70727.0
-249954.
8934.00
-241092.
55175.0
-140036.
-48965.0
-136643.
-69399.0
-62089.0
38649.0
-43272.0
-8290.00
-96579.0
92868.0
-27694.0
60781.0
-77861.0
274395.
-134855.
61951.0
-239724.
77643.0
-313792.
228523.
-123292.
227624.
-46829.0
196744.
-198444.
-76.0000
-192110.
149240.
-59752.0
-54117.0
-165207.
-8920.00
57275.0
-84392.0
-16758.0
-359.000
29336.0
-109678.
-84039.0
-60242.0
-86816.0
91053.0
-88502.0
5152.00
15543.0
-21012.0
-137783.
-1185.00
10537.0
-21787.0
23436.0
20197.0
32963.0
-29605.0
-62207.0
-76607.0
-67225.0
-30887.0
-3423.00
-9574.00
5275.00
-66201.0
-50334.0
56775.0
-127855.
87627.0
-16539.0
-14662.0
-142735.
131178.
28035.0
89203.0
19179.0
-68551.0
-51470.0
90029.0
59236.0
-64122.0
119515.
81010.0
-23666.0
-54871.0
-5473.00
4026.00
12713.0
-44029.0
16164.0
113319.
-38639.0
4333.00
87414.0
61999.0
-113770.
113703.
271069.
79125.0
234450.
175272.
251884.
137033.
299886.
198303.
248316.
116002.
204221.
31119.0
198311.
95853.0
159041.
36412.0
80984.0
102174.
175780.
-7694.00
243517.
-85834.0
106636.
-34791.0
227471.
-50023.0
197776.
59940.0
362991.
-86132.0
221615.
80734.0
252308.
-98726.0
318694.
137064.
299321.
-28851.0
153858.
-81199.0
310930.
-106057.
160402.
34126.0
245996.
-49859.0
165666.
-85444.0
204305.
-95216.0
175252.
-63271.0
137161.
-40602.0
93042.0
-37724.0
146074.
-158306.
155198.
-183836.
132553.
-211073.
184530.
-143309.
-41468.0
-107970.
-46945.0
-89607.0
-118716.
-39655.0
11617.0
-10658.0
-72137.0
-71564.0
-20964.0
-91920.0
71639.0
-44790.0
-140251.
-166513.
-142057.
-57953.0
-275308.
-6505.00
5083.00
-80441.0
-48675.0
-23968.0
-51963.0
76096.0
23025.0
-17999.0
-19101.0
-189012.
83429.0
100915.
-15484.0
74291.0
105785.
26600.0
-40613.0
-27598.0
-93601.0
64305.0
-13857.0
12721.0
-55143.0
104422.
-108398.
11723.0
8663.00
85053.0
12032.0
36601.0
-122432.
-57010.0
-6646.00
139738.
-52333.0
64568.0
-63982.0
86802.0
-110801.
12217.0
-100114.
188239.
-17388.0
-170869.
-66835.0
-47246.0
-88103.0
-3605.00
-213827.
-71401.0
-120229.
-78764.0
-182029.
-129419.
-80856.0
-88632.0
-129316.
-9455.00
-181754.
-33367.0
-188086.
32918.0
-122879.
-80032.0
-171304.
146396.
-116747.
78719.0
65684.0
110012.
-238823.
-79822.0
-122156.
48204.0
-97185.0
104575.
-191755.
86461.0
-265063.
55166.0
-70829.0
-17050.0
-147369.
121529.
-211788.
145633.
-188333.
-92732.0
-103236.
89722.0
-252841.
115578.
-15500.0
117144.
-52476.0
55225.0
-111900.
113961.
-153012.
38269.0
-260775.
135990.
-97723.0
229979.
-84561.0
144247.
-170529.
58399.0
190761.
77637.0
205841.
12628.0
182631.
83429.0
-1376.00
102613.
117138.
107573.
96963.0
-59796.0
177876.
-23433.0
95670.0
139363.
64117.0
14838.0
143854.
33885.0
81120.0
113611.
49333.0
-78179.0
220986.
-2775.00
6082.00
-15908.0
150692.
124683.
66582.0
163265.
78996.0
-89595.0
87067.0
7070.00
133481.
-60085.0
224905.
-106780.
230427.
-55545.0
195147.
-60739.0
226619.
-168322.
122666.
34896.0
33120.0
28571.0
105620.
79441.0
24693.0
-33889.0
388374.
-70320.0
111523.
30512.0
147780.
-153613.
172728.
-172684.
128347.
15489.0
32185.0
133530.
65750.0
125857.
-50102.0
91156.0
90222.0
156829.
120841.
141787.
189795.
14289.0
210312.
-75979.0
29042.0
68703.0
113067.
30848.0
80107.0
1044.00
131267.
-67407.0
93671.0
-60042.0
196168.
562.000
26645.0
49448.0
37080.0
-116050.
61618.0
106849.
91782.0
-17132.0
204820.
-65814.0
18741.0
-3937.00
118256.
-14740.0
196752.
-114802.
-12551.0
40211.0
59626.0
-104682.
70144.0
26212.0
154149.
-210242.
54286.0
-97296.0
58768.0
35742.0
211053.
-166689.
220385.
141012.
90269.0
-18272.0
83012.0
-28658.0
9942.00
-111908.
-57185.0
-126865.
-160472.
12580.0
-269042.
-84185.0
-201273.
-103553.
-121780.
-36024.0
-149675.
-100386.
-222496.
15431.0
-142564.
-99026.0
-251610.
67136.0
-136026.
-91566.0
-190213.
-75377.0
-214417.
-230.000
-165256.
-150028.
-146401.
-75107.0
-281176.
104184.
-235838.
-27908.0
-162199.
-31929.0
-159590.
44850.0
-173061.
-33920.0
-76486.0
142787.
-86651.0
6393.00
-224779.
-3427.00
-289848.
19760.0
-179775.
111693.
-93631.0
26496.0
-214019.
28826.0
-130340.
-81096.0
-208413.
102743.
-147412.
112604.
-88258.0
86781.0
-147396.
81669.0
-215869.
15693.0
78792.0
-102625.
-42817.0
-53151.0
32917.0
-38111.0
-110395.
16773.0
43503.0
-34139.0
-202210.
-60889.0
65032.0
22450.0
-139342.
-52363.0
1369.00
-94956.0
-101362.
3251.00
-161960.
-29369.0
-128882.
-52074.0
-197056.
-187125.
-123156.
-125380.
-101443.
5759.00
-40216.0
-4684.00
-49117.0
-129527.
-52344.0
61166.0
-188548.
-28107.0
61092.0
45518.0
-63717.0
83177.0
-10320.0
144170.
-195788.
127135.
-139691.
1390.00
-23980.0
-12885.0
-257047.
73062.0
-126971.
-128272.
-48347.0
159772.
-89598.0
-118182.
-23337.0
-70071.0
2252.00
-7407.00
60311.0
85762.0
-9292.00
184949.
173057.
119219.
179846.
110461.
227937.
191699.
135173.
-100012.
-40144.0
97101.0
130042.
-43620.0
-61828.0
175912.
169949.
33967.0
120106.
-56349.0
49069.0
73810.0
171609.
-141158.
204623.
-4831.00
104132.
18457.0
127959.
-162597.
141786.
-18812.0
180388.
-82539.0
50532.0
-2486.00
50154.0
-74271.0
132958.
-52311.0
123925.
37220.0
66255.0
80415.0
107250.
-33548.0
-38462.0
19303.0
232581.
-122933.
86011.0
-170849.
85281.0
-62735.0
120322.
-148826.
34709.0
1540.00
178086.
-147504.
167747.
-60951.0
264473.
-56277.0
21098.0
14295.0
119426.
-39882.0
55288.0
78027.0
169585.
132751.
86330.0
-34719.0
33937.0
-15056.0
-44614.0
10466.0
60797.0
16692.0
44566.0
89138.0
119201.
12763.0
76711.0
92233.0
2504.00
-133808.
80560.0
89244.0
39089.0
52365.0
130442.
56260.0
6340.00
-13825.0
105352.
86249.0
135910.
75302.0
66186.0
-61400.0
186242.
-576.000
136787.
90569.0
126389.
39406.0
47208.0
-48053.0
166760.
133647.
41282.0
153616.
-13770.0
82078.0
24399.0
-50372.0
-67526.0
-101853.
13709.0
-609.000
6725.00
-135654.
-24778.0
63762.0
229567.
-184855.
-51728.0
-89224.0
-164531.
-90805.0
-73346.0
-125557.
-97465.0
-94446.0
-113331.
68520.0
-99136.0
-3332.00
-142015.
-124276.
-143310.
23665.0
30636.0
38511.0
63036.0
-56699.0
-58200.0
-5726.00
-73794.0
-114926.
-161710.
-10004.0
-43447.0
82068.0
-101159.
58754.0
-132543.
89137.0
-30540.0
86003.0
-91280.0
-2276.00
-166998.
49628.0
-52012.0
91732.0
-221384.
75279.0
-123399.
55910.0
-45623.0
238590.
41630.0
125303.
-178766.
147080.
-287082.
134126.
-83486.0
261235.
-170736.
165966.
-154838.
-19677.0
-107940.
64434.0
-190828.
128779.
48889.0
-67882.0
-51905.0
-87445.0
-1629.00
60571.0
-91186.0
-48263.0
-64591.0
-166073.
-153378.
-2714.00
-58689.0
-44532.0
-27728.0
-97091.0
-153183.
-62630.0
-94374.0
71377.0
-139401.
-52044.0
-98435.0
-110415.
62035.0
-20116.0
-84398.0
37692.0
7248.00
-16398.0
-294697.
-7590.00
-148664.
-30214.0
-89348.0
-155430.
-112125.
2970.00
-120424.
-73919.0
-79431.0
20064.0
-159772.
51028.0
-121489.
72526.0
-125258.
84973.0
-127813.
76359.0
-111115.
69102.0
-75287.0
16978.0
-99298.0
24853.0
-159396.
615.000
-141198.
96659.0
-178623.
81673.0
-18636.0
71115.0
-129362.
132773.
1968.00
57844.0
42215.0
74586.0
37308.0
22424.0
144040.
-8175.00
26166.0
63212.0
114863.
97801.0
154797.
35276.0
45153.0
-67656.0
122001.
232.000
-468.000
56597.0
-48280.0
-141853.
74438.0
28558.0
29461.0
153450.
60882.0
-76275.0
42325.0
-95507.0
71333.0
-96361.0
17903.0
-3933.00
179212.
-50388.0
143070.
-113827.
188913.
-63127.0
61066.0
-75213.0
-13928.0
-34110.0
-34755.0
-47195.0
49879.0
-46018.0
118571.
-24747.0
-73688.0
-53820.0
154514.
-175567.
-55971.0
-68535.0
102957.
62952.0
-91762.0
-15916.0
88835.0
-206663.
77586.0
67117.0
122303.
103810.
43362.0
-15639.0
110061.
-9715.00
176599.
78774.0
65854.0
9246.00
118080.
157179.
181686.
-28290.0
241071.
15732.0
163214.
61941.0
154582.
10805.0
122633.
27694.0
106691.
18284.0
142946.
-53654.0
72632.0
135826.
90159.0
-30614.0
141208.
3141.00
24460.0
69455.0
66947.0
-80679.0
107028.
-26763.0
174353.
-47333.0
19171.0
-19479.0
172203.
15552.0
111920.
53585.0
108202.
-98233.0
142535.
-19773.0
-51693.0
64985.0
124833.
-19178.0
175830.
-80562.0
254712.
-61491.0
95784.0
-16741.0
107548.
-128732.
135941.
-41353.0
62657.0
4391.00
-72964.0
-79919.0
-37091.0
-34886.0
-12043.0
13294.0
40491.0
62009.0
52987.0
52934.0
-19739.0
21917.0
167953.
37518.0
58972.0
-23804.0
21843.0
64576.0
-8250.00
-9955.00
34671.0
-43633.0
33515.0
52918.0
-5.00000
17213.0
-189722.
-17360.0
-40951.0
34452.0
13917.0
91478.0
18419.0
4908.00
-20926.0
-39932.0
-5392.00
-25955.0
58893.0
65915.0
222227.
129569.
71665.0
68386.0
-66523.0
7677.00
-88446.0
23342.0
-52364.0
279.000
-136000.
-11323.0
122467.
-17744.0
24544.0
-7951.00
-87116.0
-20244.0
44511.0
34719.0
-78400.0
-45579.0
-272335.
11027.0
-143967.
-69464.0
-101227.
-32655.0
-68773.0
-181640.
-45856.0
8097.00
-122588.
-88478.0
-209897.
38034.0
-123300.
34000.0
-150060.
-42069.0
-157994.
43133.0
-137131.
42543.0
-202795.
65458.0
-184998.
106841.
-214149.
-130156.
-40293.0
26766.0
-76955.0
65468.0
-72337.0
15095.0
-123182.
9461.00
-61085.0
107573.
-67292.0
-124275.
-171548.
79240.0
-27779.0
83572.0
-115526.
102728.
-105933.
102983.
-167669.
5731.00
-128189.
280848.
10757.0
156643.
-22147.0
56605.0
-111193.
41756.0
-189932.
14581.0
-100903.
72088.0
-118742.
-121376.
-130258.
60465.0
-94944.0
-148602.
-78119.0
129480.
-61003.0
-112816.
-166061.
-73797.0
-167048.
17687.0
-76707.0
-90014.0
-258928.
-39442.0
-11048.0
-71919.0
-73133.0
-104580.
-121800.
-19276.0
-157409.
48160.0
-222007.
-167515.
-54868.0
-34869.0
-5432.00
54525.0
-55877.0
29012.0
-143408.
-39206.0
-138239.
42890.0
-179744.
137824.
-46943.0
-10536.0
-120486.
64423.0
-210984.
-61358.0
-64322.0
56874.0
-29513.0
34893.0
-48284.0
114963.
-156990.
124069.
-22326.0
89979.0
-120537.
16479.0
-97252.0
49280.0
18401.0
67839.0
-31232.0
-1530.00
-159411.
-15154.0
5790.00
-6546.00
89546.0
-117330.
54332.0
74601.0
26889.0
113124.
17785.0
-67642.0
59158.0
3786.00
69003.0
4619.00
17168.0
-42485.0
120179.
-49330.0
143779.
-60430.0
813.000
-118072.
148675.
-104620.
42197.0
-28861.0
66795.0
-28866.0
-84737.0
-15063.0
121618.
-11312.0
-120295.
28856.0
133937.
54641.0
49971.0
64375.0
-58046.0
48970.0
-122602.
33587.0
-13904.0
-106633.
-19048.0
55351.0
-74468.0
-35839.0
-35210.0
-111316.
-156074.
-56439.0
102825.
-148660.
44000.0
-48239.0
-23902.0
22433.0
-65097.0
-61816.0
83116.0
-75113.0
-16127.0
-73874.0
60253.0
76891.0
88426.0
107353.
175064.
53174.0
158527.
21495.0
165671.
80055.0
174300.
-19169.0
147775.
139038.
140683.
-60961.0
124694.
4248.00
101118.
162906.
145685.
-7952.00
177139.
-5237.00
132851.
65643.0
123586.
-8472.00
46381.0
108692.
213667.
-16379.0
-4536.00
51366.0
285550.
75221.0
206218.
8953.00
89153.0
10731.0
159880.
74818.0
116519.
-262376.
7035.00
-30884.0
-32918.0
10053.0
-8019.00
-72026.0
87031.0
111747.
94836.0
-20332.0
120563.
-65364.0
2709.00
-54932.0
86444.0
10255.0
135340.
-28407.0
32621.0
83128.0
180651.
90998.0
43878.0
48547.0
107331.
36451.0
-19640.0
-35727.0
79136.0
3142.00
61229.0
47233.0
77338.0
123361.
119898.
105415.
158272.
87749.0
93876.0
60163.0
165585.
100457.
1236.00
-50975.0
31878.0
31858.0
100591.
38638.0
36014.0
113334.
170168.
-4642.00
100409.
19560.0
124311.
-88975.0
49357.0
63292.0
154854.
117833.
182023.
-101946.
132767.
-116549.
171688.
44656.0
73776.0
-80512.0
40721.0
-9275.00
30565.0
41046.0
-1353.00
-84048.0
125779.
-28360.0
-24788.0
-46354.0
147790.
44538.0
-35950.0
-51552.0
58937.0
102674.
-66596.0
130027.
-77086.0
-79597.0
-93440.0
-17218.0
43523.0
5326.00
-66593.0
-33544.0
88948.0
55601.0
-24931.0
156756.
28329.0
170329.
-26799.0
72854.0
2118.00
7074.00
20517.0
182727.
-116717.
-12820.0
79633.0
14954.0
-153330.
-88145.0
-84046.0
130409.
-7679.00
9952.00
64623.0
117657.
43718.0
44356.0
-60040.0
35071.0
105467.
-83251.0
-10706.0
-102561.
15246.0
3614.00
25610.0
34704.0
-159352.
-30837.0
99944.0
-64595.0
11138.0
-57868.0
-168607.
46592.0
125077.
-19728.0
-1738.00
35603.0
18521.0
-33467.0
-222.000
-34171.0
98572.0
-81595.0
-151094.
-12338.0
-160682.
-15608.0
-69835.0
17269.0
-42111.0
-171805.
-69966.0
-16209.0
-4566.00
-18846.0
-98186.0
13210.0
-58365.0
-7841.00
-79110.0
-20746.0
-101922.
570.000
-155169.
34446.0
-131141.
54561.0
-169205.
14433.0
3853.00
-66896.0
-69896.0
-54606.0
-235153.
110334.
-84311.0
104270.
-107384.
41914.0
-5460.00
179698.
-28986.0
-34292.0
-122349.
-25963.0
-256413.
-8951.00
-125953.
28535.0
-150271.
217004.
-124622.
158277.
-75050.0
-17240.0
-156302.
82911.0
-81052.0
12589.0
29115.0
208854.
-73511.0
17882.0
22040.0
46278.0
10403.0
-83467.0
-111395.
-113638.
-114248.
30357.0
3395.00
-99733.0
-43030.0
-129649.
-50321.0
-111649.
-95585.0
-131488.
-124327.
5799.00
-61345.0
5566.00
-95347.0
-129683.
-130410.
-43505.0
-97424.0
-126748.
-114055.
-105590.
-112071.
-5825.00
-26555.0
36452.0
-112234.
-40930.0
-136828.
10790.0
-94593.0
20831.0
-151180.
-3699.00
33817.0
-9363.00
-195438.
49337.0
-165223.
43760.0
-219856.
74579.0
-67742.0
103988.
-132657.
192163.
-108950.
107927.
-97839.0
185450.
-78800.0
48125.0
-50076.0
73228.0
-82986.0
64685.0
-126957.
97371.0
16439.0
180078.
-86869.0
-52992.0
-62877.0
-127075.
-46749.0
-48907.0
41269.0
64670.0
38165.0
-58714.0
-8643.00
-31219.0
-44420.0
31607.0
-31197.0
-40461.0
-126124.
-34655.0
-82241.0
-47780.0
-29311.0
-66703.0
-50692.0
-111889.
-88329.0
-22319.0
23203.0
-180485.
-78806.0
75005.0
-151258.
-18207.0
-108775.
75574.0
-53896.0
-20922.0
-134950.
-39852.0
-89540.0
-150757.
-25569.0
53748.0
-11697.0
-47926.0
-122912.
135983.
-12965.0
20702.0
-26924.0
-23253.0
-2035.00
-52408.0
45906.0
78110.0
-118868.
48596.0
-14484.0
2809.00
-177632.
30290.0
5312.00
124641.
-170234.
-19902.0
-20784.0
88636.0
99423.0
-67638.0
-2470.00
9018.00
108156.
23926.0
-43568.0
-15785.0
104733.
-14892.0
-105612.
42848.0
-15420.0
-41436.0
78579.0
-15273.0
-14871.0
25227.0
-5539.00
1926.00
54839.0
-35902.0
-7995.00
-81837.0
49172.0
-25642.0
36221.0
46848.0
54310.0
-140408.
42980.0
-3486.00
-103644.
-23512.0
46719.0
-34767.0
-14164.0
33019.0
71373.0
5119.00
-24711.0
-75766.0
117825.
78949.0
22375.0
67313.0
-18523.0
-71297.0
92507.0
-41624.0
40077.0
-21432.0
9250.00
-11576.0
78897.0
-127882.
-17949.0
-72354.0
-113263.
-80198.0
-134333.
-138385.
49354.0
84555.0
97475.0
-7536.00
-92491.0
57880.0
-11556.0
-55784.0
-38612.0
58057.0
105332.
-20136.0
-32524.0
125616.
228433.
37900.0
146091.
47494.0
136709.
7400.00
104731.
35467.0
87272.0
-124066.
183335.
-134007.
156697.
-18920.0
7281.00
8019.00
103480.
-155545.
111177.
-39621.0
4673.00
9718.00
28564.0
-15667.0
80605.0
102507.
24667.0
-71694.0
105743.
52882.0
152327.
-4707.00
102792.
-34862.0
26925.0
-35380.0
44109.0
-50013.0
77930.0
-46531.0
71184.0
-57335.0
57805.0
11793.0
-38534.0
-146240.
92133.0
-57399.0
14983.0
-135202.
-41282.0
-108082.
22788.0
-134677.
-11953.0
-35107.0
40198.0
-17761.0
-45702.0
140020.
-50908.0
75136.0
49658.0
231176.
71006.0
45421.0
198016.
183303.
205887.
6600.00
261986.
-76651.0
175629.
-32315.0
241959.
-97272.0
96481.0
-180160.
4179.00
-172216.
-15668.0
-218767.
-8520.00
-94727.0
-100616.
-13645.0
54181.0
138302.
-17146.0
70718.0
91230.0
83050.0
176996.
34084.0
151225.
7637.00
132939.
-41658.0
184058.
-218054.
112082.
-154157.
191443.
-108446.
78258.0
-272733.
-75613.0
-35443.0
-161647.
27002.0
-83406.0
50495.0
-57383.0
-10122.0
84500.0
