-0.0369122 0.127512 0.00276757 0.850855 0.5 
-0.0457707 0.130327 0.00306785 0.900159 0.5 
-0.0708847 0.149834 0.0388672 0.398443 0.5 
-0.00331557 0.130403 0.0212208 0.85268 0.5 
-0.0211979 0.1272 0.00915278 0.675938 0.5 
-0.0265255 0.12592 0.00874866 0.711533 0.5 
0.0339261 0.112038 0.0269672 0.652757 0.5 
0.0376485 0.110455 0.0145481 0.708171 0.5 
-0.0259368 0.111118 0.0379115 0.454541 0.437538 
0.027952 0.120939 0.0215377 0.533079 0.5 
-0.0628308 0.155987 -0.0150105 0.404517 0.5 
0.0390029 0.106711 0.0215202 0.535542 0.5 
0.0447976 0.0950477 0.00866471 0.579563 0.425995 
-0.0330636 0.173619 -0.0031267 0.365607 0.5 
-0.0808069 0.136243 0.0495014 0.499575 0.5 
-0.0705086 0.12445 0.0526685 0.564827 0.5 
0.00874873 0.131225 0.0145345 0.748371 0.5 
0.0401015 0.106711 0.00874166 0.680399 0.5 
0.0379483 0.100145 -0.00827134 0.600054 0.5 
-0.0906538 0.137201 0.0207305 0.824561 0.5 
-0.0841655 0.110667 0.0275273 0.690889 0.5 
-0.0705214 0.156214 0.0144536 0.807492 0.5 
-0.083872 0.15212 0.0282652 0.248168 0.41865 
0.00305028 0.12432 0.0332425 0.555044 0.354559 
0.00870828 0.124165 0.0330348 0.653433 0.5 
-0.0328896 0.12613 0.00300653 0.898771 0.5 
-0.0506302 0.143065 0.0150611 0.691477 0.5 
-0.0757863 0.13637 0.050172 0.566256 0.5 
-0.0027191 0.128962 0.0264678 0.271491 0.462815 
-0.0460961 0.125118 0.0263142 0.539149 0.5 
-0.0785104 0.0942728 -0.0109192 0.710999 0.5 
0.0216915 0.125373 0.0211452 0.530957 0.5 
-0.0888469 0.124305 0.00237041 0.635593 0.5 
0.040386 0.100825 -0.00303043 0.574857 0.5 
-0.0884145 0.117791 0.00268555 0.487167 0.430737 
-0.0319074 0.177421 -0.00491879 0.269231 0.447035 
-0.0765825 0.143224 0.0455148 0.414139 0.5 
-0.0209748 0.112544 0.0388613 0.482541 0.5 
-0.020836 0.179425 -0.0221622 0.341071 0.440034 
-0.0377039 0.167987 -0.0130391 0.396317 0.473039 
-0.0331765 0.12681 0.00839958 0.896274 0.5 
0.00893926 0.127114 0.0292916 0.350014 0.41288 
-0.044944 0.131083 0.0147963 0.599596 0.5 
-0.0266041 0.12515 0.00282384 0.73687 0.5 
0.0144285 0.12328 0.0319185 0.625269 0.5 
0.019244 0.122284 0.0308314 0.611204 0.34486 
-0.0390225 0.167317 0.00215527 0.413994 0.469929 
-0.08808 0.129976 0.00206377 0.625486 0.5 
-0.0537203 0.142608 0.0266058 0.696873 0.5 
0.043095 0.0980072 0.0191617 0.665192 0.5 
0.0432138 0.100117 0.00866473 0.691828 0.5 
0.0415448 0.0944954 0.0275695 0.671611 0.5 
-0.0578726 0.155337 0.0149245 0.394763 0.437313 
-0.0231577 0.157375 -0.0046304 0.136389 0.380194 
-0.0683123 0.145735 0.0420568 0.751812 0.5 
-0.0708351 0.142847 0.0451248 0.627973 0.5 
-0.070664 0.0642894 0.0209789 0.413051 0.5 
-0.0761519 0.130581 0.0525324 0.629117 0.5 
-0.0640036 0.161784 -0.0208118 0.449093 0.5 
-0.0706461 0.155711 0.00252406 0.855717 0.5 
-0.0924366 0.118434 0.0399838 0.673877 0.5 
-0.0635349 0.156052 0.0148814 0.798496 0.5 
0.0282675 0.118192 0.0274382 0.635485 0.5 
0.0392736 0.0938857 -0.00915453 0.585857 0.459742 
-0.0695973 0.164844 -0.0174846 0.548789 0.5 
-0.00892354 0.123904 0.0330319 0.602316 0.374044 
0.0269099 0.0942476 0.0444911 0.649753 0.5 
-0.0146258 0.162377 -0.0144398 0.338176 0.5 
-0.0450983 0.167072 0.00289327 0.449091 0.5 
-0.0761536 0.172742 -0.0384391 0.256591 0.4298 
-0.0858274 0.105458 0.00472318 0.523819 0.297125 
0.0370431 0.110443 0.0207229 0.52623 0.448558 
0.0321593 0.0994027 0.0380657 0.733041 0.5 
-0.075287 0.146433 0.0428582 0.424358 0.5 
-0.0395145 0.171107 0.000531747 0.452893 0.5 
-0.0839586 0.11215 0.00148754 0.436727 0.419097 
0.0446848 0.0883378 0.0216285 0.487783 0.481728 
0.0161783 0.127819 0.0220535 0.481793 0.5 
-0.00251635 0.0397232 0.0474087 0.280725 0.5 
0.00303163 0.0406968 0.0460422 0.331809 0.5 
-0.0143059 0.128197 0.00333856 0.693854 0.5 
-0.0526117 0.155596 0.0109972 0.561042 0.5 
-0.0332043 0.17776 -0.00906223 0.212789 0.5 
0.0394391 0.106654 0.00306577 0.522321 0.489889 
-0.0923799 0.1249 0.0327641 0.848517 0.5 
0.0454681 0.0882959 0.0146642 0.575503 0.5 
-0.0274495 0.179802 -0.00925837 0.258799 0.457369 
-0.072504 0.146297 0.0429682 0.549207 0.5 
-0.0579959 0.129793 0.0383118 0.658867 0.444043 
0.043117 0.0923689 0.0251649 0.622686 0.5 
-0.00865718 0.130323 0.0149721 0.633691 0.5 
-0.0141304 0.129188 0.0147431 0.547632 0.5 
-0.0707877 0.15583 0.00921954 0.739059 0.5 
-0.00952731 0.127041 0.0281475 0.375412 0.377874 
-0.0646289 0.153404 0.0329146 0.855321 0.5 
-0.0706939 0.15347 0.0328596 0.444959 0.455263 
0.0208126 0.118434 0.0336393 0.519282 0.5 
-0.0396566 0.173008 -0.00299705 0.274377 0.177706 
-0.0442176 0.170815 -0.00391429 0.245926 0.5 
-0.0582565 0.0395149 0.0457796 0.417977 0.459314 
-0.0523033 0.0401501 0.04623 0.454776 0.456044 
-0.0760211 0.161274 -0.0145891 0.267801 0.372187 
-0.0693983 0.163016 -0.0140293 0.403228 0.45768 
0.0399663 0.106491 0.014952 0.713602 0.5 
0.041536 0.0950084 -0.00475737 0.490139 0.464008 
-0.0470079 0.163779 0.00528295 0.432857 0.486946 
-0.0402546 0.161678 0.00298655 0.447592 0.5 
-0.0386569 0.0389805 0.0441153 0.509262 0.5 
-0.0704175 0.166991 -0.0216976 0.332592 0.447054 
-0.0254201 0.0886622 0.0503827 0.608282 0.5 
-0.0886334 0.137429 0.00876953 0.549009 0.5 
-0.014179 0.12627 0.0266417 0.420759 0.5 
-0.0360017 0.17408 -0.0118959 0.409753 0.289042 
-0.0886251 0.0937834 0.00823534 0.753697 0.5 
-0.0648672 0.155874 -0.00891497 0.595216 0.5 
-0.0704508 0.137752 -0.00774011 0.446131 0.5 
-0.0750154 0.166247 -0.0219558 0.263106 0.5 
0.0299465 0.114869 0.0300239 0.642356 0.5 
0.0398138 0.0998788 0.0273101 0.51725 0.5 
-0.015242 0.111698 0.0407424 0.605597 0.5 
-0.0700387 0.118219 0.0524379 0.585543 0.5 
0.0149973 0.112399 0.0386082 0.669811 0.5 
-0.036487 0.171225 0.000545037 0.438578 0.5 
-0.0641664 0.118551 -0.00968333 0.569796 0.5 
-0.071817 0.166979 -0.0463822 0.381568 0.451091 
-0.0913559 0.14534 0.0246937 0.648478 0.5 
0.00903703 0.112569 0.0396571 0.549283 0.408623 
0.0324674 0.0997396 -0.0141603 0.732658 0.5 
0.0417911 0.101845 0.00188609 0.547756 0.5 
0.00302992 0.112517 0.0415434 0.592572 0.5 
-0.0650368 0.148485 0.0382561 0.62562 0.5 
-0.0706519 0.13063 0.0502497 0.563116 0.5 
-0.0144471 0.128935 0.00903509 0.682121 0.5 
0.00292575 0.131541 0.00912318 0.795238 0.5 
-0.0625682 0.151125 0.035875 0.463512 0.5 
0.0349829 0.113328 0.0214487 0.620597 0.5 
0.021327 0.0385664 0.0392992 0.259499 0.426724 
0.0145125 0.093771 0.0501571 0.654705 0.5 
-0.00923752 0.112849 0.0413907 0.615633 0.5 
0.0415329 0.100906 0.0210277 0.662312 0.5 
0.0422859 0.101486 0.0146614 0.569693 0.490777 
-0.0773783 0.112839 -0.00448759 0.505277 0.5 
-0.078035 0.137641 -0.00517379 0.466714 0.5 
0.00873437 0.106347 -0.0202193 0.792948 0.5 
0.0090324 0.13035 0.0211569 0.465873 0.5 
0.00301322 0.130902 0.0206741 0.592486 0.5 
-0.00286342 0.13115 0.0147367 0.587804 0.5 
-0.0391578 0.12569 0.0207996 0.438744 0.464814 
-0.0205725 0.123523 0.0265579 0.445477 0.415699 
-0.0644194 0.155634 0.00928477 0.611624 0.331941 
-0.0463385 0.131411 0.0207671 0.674928 0.5 
-0.0532034 0.0439067 0.044658 0.417403 0.440199 
-0.00297651 0.131046 0.00884967 0.738924 0.5 
-0.089664 0.137755 0.0263925 0.80362 0.5 
-0.00888731 0.124273 -0.00880284 0.767738 0.284429 
-0.0460971 0.0385107 0.0446891 0.654962 0.5 
-0.0649255 0.178874 -0.0579325 0.245129 0.411885 
-0.0329347 0.124601 0.0211235 0.32811 0.5 
-0.0831301 0.149901 0.0334123 0.331963 0.314683 
-0.0895652 0.093948 0.0149303 0.603378 0.5 
-0.0328901 0.124518 -0.00282055 0.63839 0.5 
-0.0845271 0.106161 0.00204328 0.338681 0.43162 
-0.0469341 0.155816 0.00872921 0.470367 0.484595 
0.0206202 0.123943 0.0267275 0.477255 0.5 
-0.026256 0.117499 0.0321672 0.543293 0.5 
-0.021392 0.118632 0.0336445 0.468887 0.429556 
-0.0195069 0.116132 0.0368525 0.534732 0.411301 
-0.0761618 0.118382 0.0520923 0.490413 0.5 
0.00889281 0.0395765 0.0451727 0.476347 0.38769 
-0.0534736 0.159548 0.00753828 0.476667 0.5 
-0.0469464 0.161226 0.00680216 0.495992 0.483766 
-0.0574886 0.154862 0.0204748 0.677314 0.5 
0.0317199 0.117635 0.0202007 0.579556 0.5 
0.0378683 0.105514 -0.00259159 0.588286 0.5 
-0.0811847 0.137693 -0.00253994 0.641736 0.5 
-0.0764348 0.124515 0.0528345 0.65366 0.5 
0.0343816 0.106104 -0.00900254 0.534403 0.5 
0.0457922 0.088316 0.00867097 0.586292 0.439394 
-0.0703288 0.0944195 -0.0159143 0.511499 0.5 
-0.0756048 0.0937947 -0.0135536 0.429902 0.5 
-0.058657 0.156369 0.0093256 0.31374 0.5 
-0.0637335 0.153848 0.00222718 0.478676 0.5 
-0.0777278 0.0960024 0.0363437 0.678588 0.5 
-0.0868519 0.136556 0.00309926 0.517441 0.5 
-0.0455299 0.0432404 0.0432162 0.712662 0.5 
-0.0402011 0.045749 0.0408051 0.669165 0.320516 
-0.0654123 0.160403 -0.0149066 0.335302 0.5 
-0.0318898 0.0387174 0.0510004 0.553401 0.5 
-0.0267997 0.0453977 0.0509311 0.501112 0.5 
-0.0271043 0.0396972 0.0535379 0.487956 0.5 
-0.0215575 0.0460868 0.0517209 0.709553 0.5 
-0.0143078 0.0445295 0.0504368 0.575852 0.5 
-0.00981594 0.043264 0.0493162 0.448927 0.393067 
-0.00348436 0.044054 0.0472086 0.598081 0.5 
0.009577 0.0458139 0.0465877 0.519814 0.433928 
0.02048 0.111086 0.0379569 0.681163 0.5 
-0.0141831 0.128547 0.0200007 0.293349 0.5 
-0.0526702 0.144108 0.0210347 0.639643 0.5 
-0.0634838 0.17384 -0.0527131 0.549906 0.5 
-0.0366553 0.171999 -0.0125745 0.436075 0.5 
-0.0525548 0.131228 0.0328277 0.727547 0.5 
-0.0659567 0.132023 0.0442925 0.724494 0.5 
-0.0921726 0.11832 0.0267606 0.794672 0.5 
0.0452792 0.0882737 0.00268175 0.507794 0.5 
-0.00305651 0.112889 0.0417789 0.635396 0.5 
-0.0451955 0.161396 -0.00871567 0.424682 0.5 
-0.0402914 0.160933 -0.0115368 0.411895 0.405943 
-0.0521414 0.0701165 0.0389584 0.682177 0.456916 
-0.0383315 0.093604 -0.0232581 0.72469 0.5 
-0.0690556 0.137374 0.046352 0.61723 0.5 
-0.0695996 0.167401 -0.0516299 0.518552 0.5 
-0.00246047 0.124102 0.0337609 0.444043 0.5 
-0.0398624 0.128204 0.00299348 0.864483 0.5 
-0.0753331 0.149032 0.0395625 0.432149 0.5 
-0.0701432 0.160618 -0.00917801 0.464361 0.5 
-0.0589378 0.0440425 0.0434222 0.437887 0.447715 
-0.0207164 0.126445 0.00312493 0.710427 0.5 
-0.00850666 0.0467286 0.0481052 0.613173 0.5 
0.00300323 0.0450308 0.0469911 0.464978 0.5 
-0.0802174 0.148665 0.0379438 0.47939 0.5 
-0.0819961 0.130698 0.0513437 0.54405 0.5 
0.00273088 0.106333 -0.0209927 0.733954 0.5 
-0.0757273 0.0885687 -0.0138399 0.397424 0.5 
-0.0698477 0.0882875 -0.0167823 0.420617 0.5 
-0.0668508 0.159243 -0.0102161 0.42216 0.440727 
-0.0226988 0.0885773 0.0536309 0.546444 0.5 
-0.00281419 0.0990077 0.0505614 0.455087 0.5 
0.0452902 0.0696213 0.0253974 0.33948 0.5 
-0.0525629 0.0472823 0.040482 0.279548 0.5 
-0.046959 0.0466581 0.0408127 0.43714 0.5 
-0.0691348 0.156682 -0.00276369 0.629099 0.5 
-0.0897599 0.150073 0.0220744 0.276354 0.5 
-0.0702883 0.155637 0.0263654 0.47565 0.441038 
-0.0765031 0.154893 0.0266005 0.799832 0.5 
-0.00804843 0.0987379 0.0505998 0.327523 0.438474 
0.0300791 0.11567 -0.00430465 0.66246 0.5 
-0.0923054 0.117757 0.0334441 0.476916 0.5 
-0.0331192 0.0449511 0.0462474 0.432059 0.466683 
-0.0337794 0.113308 0.034612 0.683562 0.5 
-0.0521291 0.113769 0.0349566 0.515399 0.5 
0.0437636 0.0825382 -0.0027974 0.568535 0.5 
-0.0202819 0.126016 0.0210507 0.374818 0.437592 
0.0327872 0.043925 0.0295904 0.650152 0.5 
-0.0453372 0.155266 -0.0075525 0.386286 0.5 
-0.0284609 0.173987 -0.0175958 0.379432 0.418735 
0.0268448 0.0881755 -0.0223077 0.715629 0.5 
-0.0308231 0.0923023 -0.0246377 0.474586 0.431409 
-0.0899732 0.149975 0.0141115 0.257143 0.5 
0.0381804 0.105121 0.0266947 0.534482 0.490368 
0.00842001 0.12907 0.0258154 0.374593 0.448613 
-0.0266549 0.0942999 -0.0265555 0.294426 0.332222 
-0.0279896 0.0475815 0.0485532 0.381268 0.5 
-0.0150037 0.048073 0.0483203 0.576068 0.5 
-0.00298993 0.0473817 0.0491102 0.446744 0.431743 
0.00376754 0.0477551 0.0502037 0.495901 0.44823 
0.00748504 0.0473851 0.0493363 0.494952 0.5 
-0.0581651 0.149751 0.032858 0.470966 0.5 
-0.0720688 0.136456 0.0490662 0.625357 0.5 
-0.0810638 0.0939541 -0.0082617 0.685573 0.5 
0.0380863 0.0458646 0.0307423 0.807573 0.5 
-0.0253234 0.182998 -0.0108168 0.245054 0.5 
-0.0230508 0.183235 -0.0110157 0.246322 0.458572 
0.00323317 0.129146 0.0263855 0.347796 0.441746 
-0.0626125 0.149788 -0.00343342 0.691705 0.5 
-0.0591471 0.0466998 0.0395843 0.0883466 0.213805 
-0.0353862 0.0471292 0.0414241 0.656538 0.5 
-0.0194948 0.0486404 0.0485565 0.373069 0.5 
-0.00849455 0.0521633 0.0517688 0.61481 0.5 
-0.00296485 0.051429 0.0527827 0.53012 0.5 
0.00279019 0.0517664 0.0528352 0.560812 0.423049 
0.00904034 0.0517165 0.051222 0.558244 0.5 
0.0443839 0.0943042 0.00268377 0.582116 0.455816 
-0.0886145 0.111113 0.0148415 0.604102 0.5 
-0.0885219 0.144027 0.0329221 0.623335 0.5 
0.0440719 0.0937787 0.0206165 0.493368 0.454688 
0.0436531 0.0980341 0.0146596 0.668233 0.5 
-0.0650976 0.153799 -0.00285808 0.715743 0.5 
-0.0517297 0.0490759 0.0371355 0 0 
-0.0331222 0.0518259 0.0385377 0.676102 0.5 
-0.0377352 0.127448 0.0152358 0.612182 0.5 
-0.00906608 0.100701 0.0460122 0.338462 0.5 
-0.0410683 0.128416 0.0134054 0.417331 0.5 
-0.0712056 0.158724 -0.00521868 0.246338 0.5 
-0.0266313 0.0501544 0.044695 0.182016 0.5 
-0.0211065 0.0519946 0.0455753 0.195646 0.404388 
-0.0168667 0.0505241 0.0476889 0.520032 0.5 
-0.0147601 0.0527687 0.050103 0.451613 0.5 
-0.0626395 0.149972 -0.00897733 0.363787 0.461156 
-0.090861 0.124732 0.00627835 0.587249 0.5 
-0.0255786 0.0923499 -0.0315595 0.294527 0.5 
-0.0709738 0.172947 -0.052768 0.460427 0.5 
-0.0588974 0.143232 -0.00327646 0.48145 0.5 
-0.0943643 0.12436 0.0216467 0.570519 0.5 
0.0337044 0.112449 -0.00269877 0.532211 0.5 
-0.0515051 0.136557 0.0263185 0.72719 0.5 
-0.00886593 0.121199 0.0360577 0.614897 0.5 
-0.061729 0.155665 -0.0259512 0.690546 0.5 
-0.0862637 0.10567 0.0206042 0.519516 0.5 
-0.0895584 0.138606 0.032689 0.685876 0.5 
-0.0268168 0.123904 0.0208113 0.428255 0.5 
0.0341937 0.0515433 0.033081 0.609925 0.5 
0.0401268 0.0512743 0.0322702 0.669803 0.5 
0.0449306 0.0526595 0.0319582 0.655209 0.5 
-0.0405348 0.117168 0.0319438 0.657986 0.5 
-0.0636902 0.155546 -0.0390642 0.523327 0.5 
0.0278663 0.100401 0.0410064 0.689793 0.5 
-0.0275828 0.179275 -0.0157605 0.314049 0.5 
-0.0758871 0.0942302 0.0383961 0.647987 0.457049 
0.0138371 0.129201 0.0203961 0.412341 0.5 
-0.0152723 0.0998429 0.0451638 0.271215 0.427554 
-0.00916763 0.129718 0.0206646 0.438679 0.430152 
-0.0512444 0.0516901 0.0334801 0.192432 0.5 
-0.0461563 0.0523184 0.0379981 0.311543 0.5 
-0.0410001 0.05272 0.0393793 0.629588 0.477809 
-0.0270993 0.0526642 0.0393104 0.155274 0.5 
0.0434924 0.0931097 -0.00154028 0.576953 0.480183 
-0.0823819 0.112683 0.045427 0.438131 0.5 
-0.092066 0.118055 0.00909937 0.325678 0.5 
-0.00448884 0.121713 0.0362976 0.591545 0.5 
0.0147346 0.129423 0.0143146 0.840212 0.5 
-0.0158113 0.161888 -0.00973584 0.202865 0.5 
-0.0778838 0.149704 -0.00337488 0.403345 0.5 
-0.0865357 0.12477 -0.00166991 0.677311 0.5 
0.0153656 0.126058 0.0275381 0.479299 0.429147 
-0.0388913 0.123761 0.0249778 0.514489 0.5 
-0.0390351 0.121238 0.0283673 0.510424 0.470651 
-0.0324963 0.120237 0.0283344 0.568849 0.348087 
-0.0149052 0.12311 0.0316417 0.446842 0.5 
-0.0582873 0.117688 0.0386719 0.634635 0.5 
-0.0626536 0.161861 -0.0264031 0.685413 0.5 
-0.0818147 0.141639 0.0444825 0.392929 0.5 
0.0350734 0.100071 0.0345975 0.716199 0.5 
0.0311856 0.11215 0.0310216 0.689434 0.5 
-0.0335778 0.11743 0.031458 0.525408 0.5 
-0.059637 0.153475 0.031348 0.93076 0.5 
-0.0481256 0.0536625 0.0362191 0.58186 0.5 
-0.059026 0.156388 0.00269852 0.133166 0.5 
-0.0211187 0.0578754 0.0461125 0.660553 0.5 
-0.082738 0.124721 0.050554 0.665202 0.5 
-0.0466997 0.11363 0.0348133 0.568902 0.5 
-0.0107262 0.179662 -0.0277472 0.400699 0.458536 
0.0347725 0.0894441 -0.0170339 0.702331 0.5 
-0.0891825 0.100351 0.0148945 0.574286 0.477791 
0.0257275 0.122894 0.0207337 0.498278 0.5 
-0.0883949 0.100277 0.00841226 0.477822 0.5 
-0.0649858 0.155518 0.0263367 0.864791 0.5 
-0.0768402 0.154073 0.00257877 0.57436 0.5 
-0.0576877 0.154146 0.0262123 0.402162 0.5 
-0.0266966 0.125729 0.0145923 0.393422 0.5 
-0.076376 0.155782 0.0208875 0.505065 0.5 
-0.0763295 0.167188 -0.039594 0.405226 0.426366 
-0.0771877 0.100229 -0.0103313 0.528684 0.5 
-0.0153681 0.0590839 0.0519909 0.652683 0.5 
-0.010206 0.0576345 0.0535443 0.781548 0.413019 
-0.00350044 0.0578672 0.0543757 0.774384 0.5 
0.00300818 0.0568916 0.0538692 0.704357 0.5 
0.0088308 0.0580497 0.0529859 0.692645 0.5 
0.0410915 0.0820775 -0.00893411 0.500391 0.430286 
0.0395449 0.0576373 0.0318985 0.612032 0.4505 
-0.0762443 0.139336 0.0484763 0.588653 0.42756 
-0.0324306 0.120379 -0.00955344 0.656019 0.5 
-0.0194451 0.0881559 0.0557639 0.449983 0.473992 
-0.074787 0.159471 -0.00898201 0.281303 0.5 
-0.0639935 0.15611 0.0210031 0.687157 0.5 
-0.0762438 0.153101 0.0322442 0.323875 0.45561 
-0.00876679 0.128727 0.025102 0.735708 0.5 
0.0282216 0.112237 -0.00983067 0.567922 0.385391 
-0.0451341 0.0593225 0.0387559 0.511245 0.5 
-0.0405005 0.0579499 0.040202 0.540369 0.5 
-0.033993 0.0584028 0.038704 0.646744 0.5 
-0.0272756 0.0585468 0.0382285 0.571263 0.5 
-0.0248608 0.122913 0.0245429 0.379391 0.5 
-0.0825276 0.154355 0.0206132 0.385494 0.444119 
-0.00884271 0.129403 0.00305159 0.702319 0.5 
0.0207587 0.126654 0.0147646 0.624434 0.5 
-0.0394868 0.173351 -0.00839443 0.199648 0.251821 
-0.028421 0.114019 0.0347746 0.603313 0.5 
-0.0193575 0.122009 0.0306737 0.55532 0.5 
-0.0691626 0.161675 -0.0514614 0.38665 0.5 
-0.0516736 0.15006 0.0148119 0.716684 0.5 
-0.0156325 0.120151 0.0349054 0.470635 0.336572 
0.0467454 0.0582319 0.0314404 0.576429 0.5 
-0.0770165 0.0685425 0.0147863 0.703257 0.5 
-0.00967101 0.173225 -0.0264945 0.379771 0.5 
-0.0213141 0.184813 -0.0151112 0.186313 0.403961 
-0.0766524 0.0882188 0.0382876 0.650646 0.5 
-0.0540219 0.0521463 0.0110698 0.270787 0.5 
-0.0219451 0.126821 0.0155536 0.534695 0.5 
-0.0820391 0.153392 0.0264506 0.292051 0.4047 
-0.0213183 0.124468 -0.00290836 0.782181 0.5 
-0.0268364 0.123465 -0.00321538 0.727949 0.5 
-0.0312035 0.177796 -0.0133521 0.371348 0.5 
-0.00749945 0.0598042 0.0553302 0.778631 0.5 
-0.00108951 0.0601245 0.0554892 0.776353 0.5 
0.00280202 0.0599746 0.0555283 0.768603 0.5 
-0.051797 0.118119 0.033678 0.677092 0.438456 
0.00302464 0.131618 0.0149353 0.692956 0.5 
0.0446005 0.0942619 0.0151198 0.554026 0.5 
-0.0880636 0.111855 0.00852285 0.304511 0.3924 
-0.0704321 0.144096 -0.0148369 0.130446 0.5 
-0.0820967 0.0943634 0.0322765 0.629357 0.5 
-0.0269642 0.120812 0.0275676 0.345323 0.386314 
-0.0540164 0.149968 0.0253393 0.49489 0.5 
-0.0800337 0.0995053 -0.00770139 0.499264 0.5 
0.00922138 0.12038 0.0360924 0.562107 0.5 
0.00286056 0.117968 0.0387331 0.649494 0.5 
-0.0936229 0.118494 0.0206524 0.664933 0.5 
-0.0409923 0.113229 0.035109 0.667726 0.5 
-0.0822185 0.154488 0.0146661 0.500539 0.5 
-0.0625956 0.155202 -0.0329876 0.814083 0.5 
-0.0462511 0.124621 -0.00898124 0.590842 0.5 
-0.0220336 0.160676 -0.00426008 0.309766 0.47069 
-0.065621 0.172767 -0.0466049 0.613718 0.5 
-0.0762614 0.155884 0.0148687 0.717415 0.5 
-0.0644988 0.149044 -0.0265159 0.690046 0.5 
-0.0581979 0.0593456 0.0210895 0.079935 0 
-0.0335439 0.122618 0.0254024 0.514037 0.5 
-0.0826578 0.153434 0.00921403 0.601617 0.5 
-0.049999 0.132417 0.0286961 0.650903 0.5 
0.0088217 0.131096 0.00864908 0.834131 0.5 
-0.0154842 0.0644282 0.0533754 0.608033 0.445048 
-0.00871951 0.065015 0.0556827 0.650491 0.470895 
-0.00324815 0.0640003 0.0562816 0.762387 0.5 
0.00292601 0.0643094 0.0563956 0.748671 0.5 
0.00738462 0.0651614 0.0553402 0.488299 0.46872 
-0.0143174 0.116971 0.037836 0.441459 0.5 
-0.00299223 0.118083 0.0390751 0.65526 0.5 
-0.00864301 0.117816 0.0385662 0.681198 0.5 
-0.0532884 0.0571719 0.0206631 0.106703 0 
-0.0882588 0.100387 0.0210097 0.535268 0.5 
-0.0324377 0.099703 -0.0227313 0.620611 0.5 
0.0425072 0.0603725 0.0302275 0.744481 0.5 
0.0523383 0.0580401 0.0290457 0.405493 0.41666 
0.0413612 0.0877503 -0.00929235 0.635782 0.5 
-0.0581547 0.0620148 0.0270981 0.448705 0.5 
-0.0530328 0.0590503 0.0266933 0.136202 0.5 
-0.0477227 0.135526 0.0148654 0.740469 0.5 
0.00323512 0.0983053 0.0504424 0.395048 0.366076 
0.0150627 0.119642 0.034806 0.696033 0.374342 
-0.0453373 0.0643061 0.0391142 0.587502 0.5 
-0.0394097 0.0644278 0.0414133 0.715885 0.5 
-0.033068 0.0642666 0.0396407 0.650585 0.5 
-0.0270237 0.0644489 0.0395335 0.617817 0.5 
-0.0881604 0.149479 0.0268507 0.265855 0.5 
-0.0640727 0.143434 -0.00894036 0.668887 0.5 
0.00286033 0.121151 0.036139 0.623932 0.5 
-0.0827306 0.138152 0.0466993 0.412428 0.5 
-0.00261511 0.127006 0.030132 0.335862 0.5 
0.0355841 0.108498 -0.00452523 0.461807 0.466834 
0.0219203 0.114136 0.0356941 0.554683 0.5 
-0.0379555 0.161954 -0.0128021 0.499753 0.5 
-0.0526362 0.0643632 0.0340621 0.277414 0.5 
0.025874 0.123374 0.0143811 0.506732 0.5 
-0.0451406 0.131184 0.00901599 0.493237 0.5 
-0.075778 0.155361 -0.00310678 0.708579 0.5 
-0.0739145 0.156437 -0.0274945 0.645327 0.5 
-0.0833056 0.100778 -0.00354288 0.490806 0.397415 
-0.0767099 0.173942 -0.0452732 0.259897 0.5 
0.00846106 0.116985 0.038033 0.66824 0.5 
-0.0200899 0.184788 -0.020546 0.237973 0.106197 
-0.046571 0.120413 0.0285524 0.752764 0.5 
-0.0515313 0.123718 -0.0088569 0.538005 0.5 
0.0212116 0.105804 -0.0171101 0.576137 0.468722 
-0.0938613 0.124487 0.0151416 0.737559 0.5 
0.0414591 0.064577 0.0290352 0.617794 0.5 
0.0466725 0.0643471 0.0285539 0.486488 0.5 
0.0526423 0.0634018 0.0283831 0.501229 0.5 
-0.0468141 0.168322 -0.00285433 0.371444 0.5 
-0.0869152 0.0944156 0.00293118 0.494536 0.346642 
-0.0773713 0.161559 -0.0267238 0.476378 0.5 
-0.0396095 0.126677 -0.00334699 0.853498 0.5 
-0.0271315 0.0764239 0.0455715 0.693464 0.5 
-0.0587953 0.107012 -0.0177177 0.484023 0.5 
-0.0748314 0.11156 -0.00720996 0.44421 0.5 
-0.0642623 0.0888181 -0.018733 0.676741 0.5 
-0.0325172 0.0881157 -0.0255424 0.370176 0.330832 
0.00325654 0.0700086 0.0561047 0.731659 0.5 
0.0103151 0.0636713 0.0537558 0.477793 0.458716 
0.0432701 0.0979967 0.00267804 0.544182 0.465461 
-0.0708223 0.156244 0.021207 0.768676 0.5 
-0.0584176 0.0702277 0.0384322 0.673529 0.5 
-0.0703207 0.112305 -0.00963846 0.530989 0.5 
-0.0581653 0.0881983 -0.0208369 0.619673 0.5 
-0.0443038 0.0877156 -0.0218942 0.693083 0.5 
-0.0488091 0.0660127 0.0373959 0.829801 0.5 
0.00269411 0.126911 0.030114 0.419275 0.5 
0.0239692 0.12105 0.0288706 0.523768 0.5 
-0.0469203 0.117468 0.0314407 0.649888 0.5 
-0.091552 0.143361 0.0201623 0.515231 0.5 
-0.0907563 0.143859 0.0263089 0.504684 0.469425 
-0.0495713 0.144022 0.00976642 0.636632 0.45621 
-0.0770934 0.15583 -0.0147903 0.519503 0.5 
-0.0868322 0.105634 0.00887573 0.731519 0.5 
-0.082848 0.131648 -0.00299747 0.386393 0.5 
-0.0384249 0.106407 -0.0201393 0.79815 0.5 
-0.0823953 0.118841 -0.00336022 0.540306 0.5 
-0.0102333 0.0876697 -0.0375101 0.564234 0.5 
-0.00789361 0.089842 -0.0363492 0.755212 0.5 
-0.0579097 0.111769 -0.0161856 0.463258 0.5 
0.0140074 0.105793 -0.0193841 0.554632 0.5 
-0.00328561 0.105435 -0.0225198 0.740261 0.5 
-0.0409613 0.070972 0.0419904 0.795206 0.5 
-0.033501 0.0710512 0.0409793 0.706864 0.5 
-0.0272732 0.0701361 0.0410332 0.726443 0.5 
-0.0161963 0.127121 0.0228897 0.305628 0.5 
-0.0190644 0.127936 0.0133818 0.519435 0.5 
-0.0149926 0.0694778 0.0545159 0.595577 0.5 
-0.00932719 0.0707313 0.0562936 0.785998 0.5 
-0.002994 0.0710941 0.0575426 0.779773 0.5 
0.00838831 0.0714267 0.0556585 0.671976 0.5 
0.0102531 0.0693533 0.0547665 0.525573 0.5 
-0.0323939 0.153399 -0.00240332 0.209483 0.5 
0.0435981 0.0881514 0.0254203 0.603121 0.478265 
-0.0586529 0.124882 -0.00781093 0.700525 0.5 
-0.0204287 0.107045 -0.022046 0.723165 0.5 
-0.0382961 0.0879422 -0.0229335 0.629507 0.5 
-0.081573 0.113394 -0.00173083 0.508624 0.426711 
-0.0380811 0.154778 -0.00889149 0.748063 0.5 
-0.00212588 0.0889926 -0.0354677 0.782073 0.5 
0.00904065 0.100193 -0.0222794 0.54652 0.5 
-0.0467068 0.0700493 0.0405769 0.710023 0.5 
-0.0779974 0.151244 0.0352264 0.347296 0.5 
0.0149019 0.116126 0.0367849 0.635361 0.5 
-0.07603 0.106301 -0.0087688 0.520423 0.5 
-0.0885261 0.137839 0.0393964 0.651389 0.5 
-0.0703112 0.131278 -0.00857724 0.737784 0.5 
0.0419377 0.0703605 0.0288832 0.54196 0.5 
0.0514194 0.0684326 0.0256968 0.512602 0.5 
-0.0922548 0.124813 0.0393757 0.806636 0.5 
0.0135035 0.128105 0.0250558 0.487288 0.424656 
-0.0704618 0.125421 -0.00881334 0.801453 0.5 
-0.0703931 0.118731 -0.00840961 0.381625 0.5 
-0.0719685 0.106305 -0.0114493 0.499561 0.5 
-0.0646972 0.161498 -0.0573125 0.41682 0.5 
0.0463693 0.0715128 0.0216754 0.461473 0.448797 
-0.0538246 0.153497 0.0152346 0.602795 0.402362 
-0.0142869 0.0724666 0.0554243 0.617853 0.5 
-0.0394057 0.118512 -0.01336 0.602235 0.5 
-0.0280509 0.0880065 -0.0330858 0.33771 0.5 
-0.00957701 0.168254 -0.0212321 0.359593 0.5 
-0.0445856 0.167324 -0.00782662 0.413138 0.327414 
-0.0513101 0.161594 -0.00355965 0.292939 0.5 
-0.0702356 0.179304 -0.0569867 0.253404 0.5 
-0.0644695 0.168402 -0.0398946 0.676128 0.5 
-0.0089459 0.130139 0.00911776 0.703889 0.5 
0.00219503 0.0880369 -0.0342201 0.75972 0.5 
-0.0268891 0.16726 -0.0174204 0.847505 0.5 
-0.0525985 0.155054 -0.00368706 0.37123 0.419006 
-0.0761618 0.131736 -0.00696723 0.42394 0.44361 
-0.0759576 0.07099 0.0265672 0.757943 0.5 
-0.00875341 0.10588 -0.02285 0.71177 0.5 
-0.0519242 0.1493 -0.00277595 0.483301 0.5 
-0.016371 0.18465 -0.0214272 0.271878 0.5 
-0.020548 0.0705632 0.0520411 0.601639 0.5 
-0.0813371 0.120073 0.049533 0.662828 0.5 
-0.0625087 0.149934 -0.0150319 0.415531 0.480025 
-0.0831098 0.10651 0.0273461 0.515033 0.5 
-0.011119 0.163582 -0.018751 0.17813 0.5 
-0.00291057 0.101147 0.0456419 0.307462 0.5 
-0.0635467 0.0660523 0.0318653 0.49936 0.45677 
-0.0511979 0.0873878 -0.0217212 0.75515 0.5 
-0.0530335 0.0740367 0.0417219 0.727079 0.5 
-0.0465007 0.0756701 0.0421325 0.696934 0.5 
-0.022314 0.0760359 0.0530306 0.607912 0.5 
-0.0151351 0.0764056 0.0563566 0.616605 0.5 
-0.00900601 0.0766621 0.0575852 0.791265 0.5 
-0.00299732 0.0767339 0.0584651 0.678647 0.450838 
0.00347424 0.0769755 0.0565905 0.523043 0.5 
0.00860763 0.0767538 0.0557293 0.612782 0.5 
-0.0271239 0.156216 -0.00302734 0.139755 0.329034 
-0.0633091 0.16738 -0.0580906 0.358909 0.45373 
-0.0873943 0.144225 0.00902371 0.583528 0.5 
-0.0626891 0.162297 -0.0470925 0.70746 0.5 
0.0370111 0.110397 0.00265294 0.516602 0.481774 
-0.0744006 0.144062 -0.00864565 0.417075 0.5 
-0.0244124 0.183841 -0.0135068 0.166659 0.5 
-0.0803381 0.0715473 0.0150483 0.5669 0.5 
-0.0644528 0.0761561 0.040638 0.610448 0.476331 
-0.0588413 0.0753794 0.0421022 0.634349 0.5 
-0.0524294 0.077372 0.0433357 0.774603 0.5 
-0.0484981 0.0769334 0.043281 0.674446 0.5 
-0.0414954 0.0773856 0.0429005 0.752035 0.5 
-0.0395008 0.0754808 0.0425134 0.72256 0.5 
-0.033488 0.0764759 0.0414605 0.748994 0.5 
-0.0627838 0.162163 -0.0530538 0.691143 0.5 
0.0381456 0.0881056 -0.0138675 0.676152 0.5 
-0.0642837 0.0396418 0.039624 0.532543 0.5 
-0.0526672 0.121335 -0.010917 0.523608 0.5 
-0.0738104 0.162942 -0.037093 0.458525 0.324439 
-0.0490869 0.13938 0.00889895 0.657159 0.5 
-0.0495771 0.166027 -0.00171113 0.322064 0.5 
-0.0709736 0.161609 -0.0450808 0.365011 0.420984 
0.0251847 0.12195 0.0254854 0.524179 0.5 
-0.0193615 0.0781018 0.0558163 0.595703 0.4544 
-0.0265458 0.120645 -0.00911332 0.52669 0.5 
-0.061796 0.155741 -0.0207923 0.443336 0.5 
-0.082476 0.110295 0.0324103 0.745977 0.5 
-0.0691674 0.156314 -0.050857 0.360984 0.5 
-0.0622848 0.16236 -0.0396288 0.427869 0.464762 
-0.088248 0.113803 0.0264606 0.595923 0.5 
-0.0575392 0.0787026 0.0436363 0.801201 0.5 
-0.0298439 0.0782596 0.0421168 0.771067 0.5 
-0.0677617 0.0876701 0.0434928 0.59211 0.5 
-0.0921939 0.131884 0.015227 0.781723 0.5 
-0.0878987 0.111742 0.0209206 0.698028 0.5 
-0.049353 0.139298 0.0147955 0.761861 0.5 
-0.0327071 0.173321 -0.0149209 0.384317 0.5 
-0.0866298 0.152851 0.0149144 0.267781 0.5 
-0.0779646 0.100025 0.035185 0.697079 0.5 
-0.0935537 0.118404 0.0151524 0.667612 0.5 
-0.084908 0.10801 0.0228537 0.694681 0.5 
-0.0210677 0.0821213 0.0562096 0.557699 0.5 
-0.0149957 0.082187 0.0572635 0.665194 0.5 
-0.00899671 0.0822178 0.0576875 0.71377 0.5 
-0.00299966 0.0822055 0.0574653 0.668024 0.472979 
0.0034748 0.0817533 0.0567544 0.69456 0.5 
0.00824833 0.082992 0.0556315 0.615627 0.5 
0.0102414 0.0812949 0.0546523 0.424956 0.485927 
-0.0398496 0.123966 -0.00878898 0.60318 0.5 
-0.092257 0.124769 0.00902091 0.309094 0.468872 
-0.0436728 0.126191 0.0209533 0.472028 0.413108 
-0.0820425 0.105873 -0.00271871 0.341089 0.347157 
-0.0663016 0.0807623 0.0424437 0.632223 0.5 
-0.0639939 0.0836688 0.0439754 0.778832 0.5 
-0.058539 0.0825906 0.0439671 0.770991 0.5 
-0.0521209 0.0822523 0.0446262 0.782751 0.5 
-0.0467559 0.0828569 0.0439458 0.699516 0.399968 
-0.0424962 0.0810729 0.0423266 0.617938 0.5 
-0.0404903 0.0830123 0.0430984 0.712874 0.5 
-0.0365108 0.0825773 0.0434355 0.675696 0.5 
-0.032204 0.0824171 0.0421121 0.529763 0.5 
-0.0864005 0.152981 0.0204492 0.250247 0.416029 
-0.0235661 0.115415 0.0353667 0.518805 0.471584 
-0.0764871 0.111685 0.0461598 0.498936 0.5 
-0.0763895 0.14977 -0.00829972 0.604451 0.5 
-0.0754801 0.161855 -0.0327796 0.39691 0.5 
-0.0285733 0.0828247 0.0462702 0.636794 0.5 
-0.0862819 0.100797 0.0028483 0.65379 0.5 
0.021088 0.08242 0.0504086 0.491924 0.475524 
-0.0801892 0.143128 -0.00230055 0.641961 0.5 
0.00844098 0.124407 -0.00878569 0.555015 0.5 
0.0147552 0.0825883 0.0529115 0.480476 0.5 
-0.061995 0.161169 -0.032654 0.499509 0.5 
-0.0807571 0.1525 0.0307996 0.295115 0.454522 
-0.00295953 0.130272 0.00279699 0.742188 0.5 
-0.0153619 0.0884791 0.0565599 0.818561 0.5 
-0.00899729 0.0878977 0.0570287 0.818958 0.5 
-0.00299611 0.0880658 0.0568489 0.695384 0.5 
0.00301457 0.0885291 0.0562756 0.81087 0.5 
0.00834267 0.0873808 0.0555541 0.577038 0.479545 
-0.00897481 0.0941651 -0.0338408 0.678465 0.5 
0.0314278 0.11673 0.0250113 0.597807 0.5 
-0.0760602 0.155337 0.0093949 0.68566 0.5 
0.0257808 0.116776 -0.00728909 0.54747 0.36626 
-0.0646577 0.0882843 0.0447113 0.69894 0.5 
-0.058996 0.0882997 0.0449149 0.778337 0.5 
-0.0529958 0.0883132 0.0451395 0.696869 0.45083 
-0.0465421 0.0881579 0.0443187 0.605881 0.5 
-0.0404961 0.0876863 0.0430941 0.556958 0.5 
-0.0331792 0.0885648 0.04366 0.668172 0.5 
-0.0280482 0.0879652 0.046363 0.699915 0.5 
0.0150626 0.0881784 0.0517745 0.702815 0.5 
0.0205955 0.087113 0.0492325 0.678548 0.5 
-0.0702712 0.0823874 0.0409431 0.628092 0.5 
-0.0296926 0.0896882 -0.0286839 0.317989 0.390463 
-0.0236137 0.179242 -0.0115629 0.264741 0.5 
-0.0809391 0.100029 0.0323433 0.683272 0.5 
-0.0928336 0.130683 0.0207107 0.62518 0.472282 
-0.0761771 0.156201 -0.0204165 0.612769 0.5 
0.0146577 0.129396 0.00843576 0.595962 0.5 
0.0104845 0.089766 0.0542005 0.46622 0.5 
-0.072579 0.161253 -0.0389447 0.482103 0.5 
-0.0322741 0.110391 -0.0184574 0.809584 0.5 
-0.0550172 0.150108 0.027792 0.412797 0.5 
-0.071635 0.0883254 0.0414652 0.604622 0.463567 
-0.0424904 0.0895336 0.0426086 0.959715 0.5 
0.0207945 0.0897491 0.0484315 0.669841 0.5 
0.0273189 0.118845 -0.00265658 0.615055 0.5 
0.0285218 0.121112 0.0162366 0.593248 0.434231 
-0.00899735 0.0930598 0.0559298 0.639163 0.5 
-0.00291176 0.118727 -0.0144021 0.826286 0.5 
-0.0885191 0.113233 0.0327948 0.447552 0.461926 
-0.0713744 0.0938304 0.0415269 0.544171 0.444972 
-0.0641029 0.0935514 0.0439488 0.597795 0.395518 
-0.0584965 0.0944146 0.0446213 0.678752 0.5 
-0.0515853 0.0939836 0.0442383 0.634435 0.477778 
-0.0465591 0.0937901 0.0436103 0.714507 0.5 
-0.0414914 0.0942416 0.0425268 0.490492 0.46307 
-0.0377723 0.0933327 0.0434889 0.620752 0.5 
-0.0332864 0.0945766 0.0443868 0.723538 0.5 
-0.0263807 0.094318 0.0450568 0.620324 0.5 
-0.0141606 0.0929618 0.0553898 0.503825 0.5 
-0.00319641 0.0930898 0.0557853 0.624082 0.5 
0.00150357 0.0931879 0.0551544 0.492015 0.5 
0.00367616 0.0950752 0.0535295 0.508462 0.5 
0.00915739 0.0941794 0.0519212 0.597357 0.452723 
0.0216553 0.0937794 0.0473202 0.671835 0.5 
-0.0702968 0.174481 -0.045888 0.43732 0.455145 
-0.0305889 0.168899 -0.00702359 0.59106 0.5 
-0.0528191 0.162649 0.00296711 0.343566 0.5 
-0.0890968 0.0940104 0.0208024 0.539357 0.478012 
-0.0626249 0.173112 -0.0586131 0.353011 0.447085 
-0.0443835 0.105923 -0.0201903 0.683228 0.5 
-0.0664958 0.0951776 0.0424531 0.672396 0.5 
-0.0324384 0.126415 0.0146752 0.445893 0.463327 
-0.0152469 0.0961657 0.0518098 0.323594 0.5 
-0.0097537 0.0960506 0.0535818 0.446732 0.426556 
-0.00304601 0.0963367 0.0537791 0.579525 0.5 
0.01642 0.0957081 0.0480381 0.687032 0.5 
-0.0876548 0.105191 0.0148253 0.774556 0.5 
-0.0699417 0.0763232 0.0381496 0.596573 0.5 
0.0358078 0.0958594 -0.0120328 0.738943 0.5 
0.0374966 0.100154 0.031249 0.720944 0.5 
-0.0530195 0.150059 0.0207323 0.696139 0.5 
-0.0905911 0.131765 0.0328667 0.816274 0.5 
-0.0709717 0.147309 -0.0268389 0.224341 0.389051 
-0.0443321 0.0935075 -0.0222668 0.709831 0.5 
-0.0400911 0.128618 0.00909496 0.81345 0.5 
-0.0710054 0.100275 0.0398128 0.481571 0.5 
-0.0653063 0.100124 0.0417262 0.670525 0.470095 
-0.0589969 0.0980495 0.0430328 0.779482 0.5 
-0.0529938 0.0980631 0.0432952 0.836255 0.5 
-0.0469951 0.0980659 0.043235 0.637806 0.5 
-0.0408476 0.100401 0.0414668 0.648927 0.395789 
-0.0323344 0.0988071 0.0435216 0.652032 0.5 
-0.0259464 0.0998425 0.0438947 0.737424 0.5 
-0.0212066 0.0999849 0.0444194 0.576924 0.5 
0.00749586 0.09835 0.0488255 0.46146 0.5 
0.0090271 0.101109 0.0469975 0.470012 0.5 
0.0153076 0.100008 0.0472449 0.600016 0.5 
0.0208175 0.100067 0.0453866 0.595024 0.46889 
-0.0648326 0.131509 -0.00838673 0.790869 0.5 
-0.0740297 0.150832 -0.0323367 0.406089 0.5 
-0.0932444 0.124885 0.026841 0.802537 0.5 
-0.0633239 0.169093 -0.0610358 0.362406 0.5 
-0.0771158 0.162488 -0.0202679 0.465605 0.5 
-0.0585669 0.0647555 0.0323611 0.494963 0.328305 
0.0377689 0.110383 0.00969065 0.710008 0.5 
-0.0503559 0.0935892 -0.0218956 0.807094 0.5 
-0.0589961 0.101543 0.042437 0.529374 0.5 
-0.0516647 0.101981 0.0417488 0.647378 0.5 
-0.0469248 0.101325 0.0421166 0.608323 0.5 
-0.0352173 0.101965 0.0413638 0.751982 0.5 
0.00285015 0.100935 0.0464433 0.395489 0.5 
-0.075479 0.150312 -0.0143808 0.730394 0.5 
-0.078936 0.108126 -0.00525459 0.540251 0.381971 
-0.0251472 0.168981 -0.0187156 0.757996 0.5 
-0.071457 0.113692 0.0499983 0.429195 0.5 
-0.0747771 0.0997536 0.0377868 0.551123 0.5 
-0.0902919 0.137212 0.0146286 0.495279 0.5 
-0.0264568 0.105883 0.0411765 0.58994 0.471484 
-0.0209966 0.1044 0.0429589 0.797197 0.5 
-0.0145208 0.105597 0.0430511 0.780555 0.5 
-0.00899316 0.10622 0.0435541 0.510194 0.5 
-0.00289533 0.105882 0.0438861 0.384284 0.5 
0.00245231 0.105621 0.0429868 0.332307 0.5 
0.00945613 0.104903 0.0439002 0.435482 0.5 
0.0149913 0.104769 0.0443348 0.548532 0.5 
-0.0772186 0.106139 0.0350601 0.430274 0.367589 
-0.0708601 0.106945 0.0381598 0.402417 0.5 
-0.0652985 0.106577 0.0390805 0.558067 0.398761 
-0.0583896 0.105623 0.0405326 0.594554 0.5 
-0.0529341 0.106445 0.0398435 0.644542 0.398207 
-0.0461638 0.105797 0.0404843 0.759883 0.5 
-0.0400204 0.106789 0.0388993 0.653599 0.5 
-0.03311 0.106322 0.0394461 0.532024 0.5 
0.0193026 0.10477 0.0431964 0.486674 0.480281 
-0.0501412 0.13774 0.00286739 0.569746 0.5 
0.0266104 0.105911 0.0384052 0.650339 0.5 
0.0438719 0.088439 -0.0031027 0.506353 0.478726 
-0.0590381 0.113203 0.0362299 0.87726 0.5 
-0.021499 0.107851 0.0414162 0.584043 0.5 
-0.0164951 0.107881 0.0420289 0.633836 0.5 
0.00450524 0.107918 0.0419336 0.79888 0.5 
0.00856234 0.108229 0.0410531 0.820786 0.5 
0.0149994 0.10779 0.0412845 0.598409 0.5 
0.0213049 0.106041 0.0409433 0.561561 0.479574 
-0.0336665 0.167843 -0.00338268 0.478764 0.5 
-0.0587789 0.131705 -0.00671001 0.673026 0.5 
-0.0443517 0.100306 -0.0215281 0.825942 0.5 
-0.0147306 0.179604 -0.0266222 0.40888 0.5 
0.0159582 0.108177 -0.0177822 0.564672 0.468958 
-0.0638447 0.138119 -0.00733006 0.633194 0.5 
-0.0330953 0.167861 -0.0155539 0.527374 0.428366 
-0.0643684 0.125359 -0.00876153 0.813046 0.5 
-0.032583 0.161992 -0.0142418 0.852313 0.5 
-0.068568 0.110392 0.0392194 0.353622 0.364353 
-0.0643494 0.112195 0.0388907 0.34696 0.5 
-0.0593722 0.112082 0.0373875 0.588374 0.5 
-0.0529986 0.110472 0.0373551 0.513233 0.408461 
-0.0468613 0.11028 0.0378862 0.569336 0.5 
-0.040984 0.110496 0.0370883 0.553647 0.5 
-0.0320055 0.110468 0.0370438 0.565129 0.5 
-0.0074871 0.110717 0.042649 0.617568 0.5 
-0.00449218 0.110714 0.0426582 0.621679 0.5 
0.0250033 0.110611 0.0368459 0.631257 0.5 
0.025919 0.0995286 -0.0189206 0.684181 0.5 
-0.06973 0.112153 0.0457184 0.746569 0.5 
-0.045604 0.148834 -0.00329924 0.521986 0.5 
-0.0653006 0.0947889 -0.0177657 0.582853 0.5 
-0.0906677 0.13318 0.0277848 0.773217 0.5 
-0.0331508 0.094474 -0.0237799 0.742 0.5 
-0.0575764 0.0941613 -0.0208023 0.703326 0.5 
-0.0200586 0.0397198 0.0532237 0.447203 0.5 
-0.0203685 0.0352888 0.051184 0.291685 0.457265 
-0.0764163 0.125947 -0.00745144 0.524375 0.5 
-0.0205906 0.167551 -0.0139677 0.809186 0.5 
0.025858 0.116851 0.0315289 0.660225 0.5 
-0.0139279 0.167191 -0.021044 0.669958 0.5 
-0.0587481 0.149802 -0.00133886 0.562881 0.5 
0.0144191 0.0395247 0.0443396 0.266796 0.5 
0.0332953 0.105473 0.0329627 0.721815 0.5 
-0.0647461 0.114313 -0.0115219 0.592211 0.5 
-0.0520818 0.0353771 0.0449331 0.341981 0.5 
-0.015004 0.0392095 0.0513548 0.312679 0.5 
-0.0094925 0.0384962 0.049554 0.302651 0.5 
-0.0638496 0.117631 0.0454477 0.559641 0.5 
-0.0573025 0.136864 0.033162 0.554568 0.5 
0.0189101 0.0400942 0.0428502 0.270107 0.5 
-0.0508192 0.124393 0.0332635 0.581555 0.5 
-0.0182623 0.180885 -0.017743 0.594618 0.5 
-0.0651271 0.150343 -0.0325707 0.505808 0.5 
0.0332966 0.0936886 0.0400216 0.637373 0.5 
-0.0463011 0.149493 0.00833001 0.611316 0.5 
0.00260773 0.0354887 0.0450013 0.261253 0.345588 
-0.0780807 0.10971 0.0423535 0.916894 0.5 
-0.0542262 0.124756 0.0369858 0.64506 0.5 
-0.0402584 0.0361447 0.0436625 0.193197 0.5 
-0.00317483 0.0942874 -0.0331049 0.71511 0.325502 
-0.0151032 0.179716 -0.0207621 0.731902 0.5 
0.026141 0.0403246 0.0327265 0.294647 0.339561 
-0.0640247 0.111376 -0.0136272 0.608847 0.5 
0.027817 0.112309 0.0339118 0.692282 0.5 
-0.0586332 0.142774 0.0334953 0.761767 0.5 
-0.0146622 0.167501 -0.0154455 0.61604 0.5 
-0.0270893 0.167298 -0.00866399 0.642638 0.5 
0.0152056 0.045813 0.0442638 0.487785 0.5 
0.0190988 0.0442996 0.0429 0.362689 0.463942 
0.0215694 0.0456112 0.041209 0.479281 0.5 
0.0257452 0.0459137 0.0381185 0.444171 0.5 
0.0387365 0.0944447 0.0327088 0.718127 0.5 
0.0287308 0.0456722 0.0347466 0.335561 0.431941 
-0.0151805 0.173809 -0.0213305 0.730436 0.5 
-0.0658903 0.118253 0.0498126 0.307185 0.5 
-0.0628345 0.093206 -0.0188544 0.659442 0.5 
-0.0643065 0.142451 0.0394123 0.621016 0.5 
-0.040079 0.150283 0.00280951 0.491474 0.5 
-0.026851 0.173268 -0.00983852 0.620534 0.5 
-0.0207913 0.173767 -0.0147826 0.653794 0.5 
-0.0582334 0.124238 0.0403406 0.70004 0.5 
-0.0683337 0.131545 0.0479709 0.732904 0.5 
-0.0693547 0.10637 -0.012803 0.472443 0.5 
-0.0428668 0.157627 0.0050419 0.670804 0.5 
-0.0476449 0.130368 0.0258834 0.623828 0.5 
0.0379451 0.0817167 -0.0141547 0.644934 0.5 
0.0312298 0.0470286 0.0324465 0.426433 0.5 
-0.0662284 0.138149 0.042896 0.72515 0.5 
-0.0644094 0.105575 -0.0158634 0.566501 0.5 
0.0411271 0.0443713 0.0285474 0.466284 0.5 
-0.0830031 0.0762361 0.0150296 0.67606 0.5 
-0.0660167 0.123488 0.0501643 0.718404 0.5 
-0.0416352 0.155329 0.00636435 0.466436 0.5 
-0.0388456 0.155994 0.00477206 0.438555 0.402124 
-0.0551732 0.116538 0.0359195 0.457649 0.5 
-0.0600069 0.134082 0.0369434 0.682472 0.5 
0.0452816 0.0453284 0.0263124 0.471094 0.5 
0.0513161 0.0463154 0.0204963 0.342211 0.398387 
-0.0106687 0.172847 -0.0215627 0.69267 0.5 
-0.0147735 0.18419 -0.0259341 0.309641 0.5 
0.0301064 0.106776 0.0358091 0.72383 0.5 
-0.063709 0.125122 0.0457451 0.712215 0.420475 
0.0473431 0.0499217 0.0295077 0.554948 0.5 
0.0497106 0.0482066 0.0259506 0.48379 0.5 
0.0518484 0.0518415 0.0267161 0.416499 0.5 
-0.0162732 0.172938 -0.0174582 0.719256 0.5 
0.0355097 0.107304 0.0291151 0.718782 0.5 
-0.0552656 0.143077 0.0300537 0.622521 0.5 
-0.0637191 0.136482 0.0388176 0.603354 0.5 
-0.0199086 0.161072 -0.00863325 0.350317 0.5 
-0.0209172 0.179282 -0.0148523 0.455842 0.5 
0.014511 0.0513519 0.0474271 0.589102 0.5 
-0.0610259 0.126912 0.0416133 0.698375 0.5 
0.0539905 0.0494141 0.0219114 0.418448 0.5 
0.00925922 0.118865 -0.0148674 0.54369 0.457314 
-0.0268384 0.162091 -0.00836699 0.546076 0.486591 
-0.0367024 0.163198 -0.00107067 0.680811 0.5 
-0.0336432 0.155948 0.00188963 0.445666 0.44081 
-0.0280966 0.159587 0.000483069 0.431301 0.5 
-0.026491 0.16163 -0.00321758 0.537982 0.323001 
0.0206613 0.0528733 0.0451655 0.647628 0.324331 
0.0231576 0.0513069 0.0414753 0.507052 0.5 
0.0266044 0.0526516 0.039853 0.635463 0.446542 
0.0309772 0.0527823 0.0371348 0.671735 0.5 
0.0239371 0.103424 0.0418106 0.654526 0.5 
0.0568895 0.0527484 0.0209204 0.474964 0.5 
-0.0664209 0.11329 0.0441331 0.212624 0.5 
-0.0326789 0.162384 -0.00243762 0.543585 0.5 
0.0145199 0.0932586 -0.026363 0.546403 0.5 
-0.0543983 0.119186 0.0365781 0.502204 0.44785 
-0.0564272 0.132376 0.0357966 0.720059 0.5 
-0.0501636 0.142911 0.00230897 0.376445 0.5 
-0.043714 0.147707 0.0038501 0.245798 0.5 
-0.0291346 0.177171 -0.00534178 0.371295 0.5 
0.0357304 0.100363 -0.0111604 0.61591 0.5 
0.0133943 0.0541536 0.0499521 0.532724 0.5 
0.0551089 0.0545007 0.0253961 0.545646 0.5 
0.0291033 0.0572886 0.0407089 0.633826 0.5 
0.0585723 0.0583402 0.0214893 0.549998 0.477428 
-0.0740322 0.0656952 0.0144875 0.594594 0.5 
-0.0749844 0.179305 -0.0518221 0.216638 0.5 
0.0145778 0.0585769 0.0501691 0.387785 0.5 
0.0214876 0.058332 0.0470549 0.596242 0.5 
0.0259507 0.0590004 0.0437762 0.663038 0.5 
0.032833 0.0585633 0.0387158 0.630786 0.5 
0.0358218 0.0578374 0.0350365 0.591179 0.5 
0.0360585 0.0951301 0.0364902 0.726421 0.5 
-0.0886806 0.118283 0.0459142 0.444358 0.5 
0.0562736 0.0586365 0.0253398 0.57284 0.5 
0.0303311 0.0951295 0.0419589 0.717458 0.5 
-0.0222315 0.167389 -0.0110472 0.688671 0.5 
-0.0543257 0.136577 0.0307959 0.688078 0.5 
-0.0500074 0.150447 0.0117579 0.563476 0.5 
-0.0616289 0.137406 0.0354744 0.592141 0.5 
-0.0319367 0.159507 0.00191749 0.44862 0.5 
-0.0634458 0.132148 0.0406867 0.731705 0.5 
0.0368678 0.0921989 0.0367449 0.708135 0.5 
-0.0728433 0.156137 -0.0339112 0.713518 0.5 
0.0389872 0.0640689 0.0330299 0.521361 0.5 
-0.0636611 0.1488 -0.0205996 0.618447 0.5 
0.0153938 0.0648444 0.0513036 0.554385 0.463079 
0.0213958 0.0645506 0.0473078 0.414803 0.412252 
0.0265105 0.0649235 0.0439721 0.611901 0.5 
0.0302364 0.0650657 0.0415975 0.600683 0.487653 
0.0331295 0.0642221 0.0397381 0.500385 0.490901 
0.0367885 0.065027 0.0366867 0.593561 0.5 
0.0563131 0.0650782 0.0252208 0.639437 0.5 
0.0591364 0.0644742 0.0211357 0.550839 0.448044 
-0.0110683 0.167098 -0.0167807 0.360187 0.5 
-0.0605202 0.146205 0.0366666 0.591479 0.5 
0.0194528 0.0665736 0.0491642 0.603282 0.5 
-0.0286777 0.158132 0.000508817 0.402765 0.431383 
0.0253025 0.0989569 0.0434277 0.623394 0.5 
-0.0349979 0.152158 8.20736e-05 0.217633 0.5 
0.014665 0.070627 0.0528306 0.52613 0.5 
0.0202908 0.071041 0.0498828 0.634288 0.435356 
0.0230702 0.0702991 0.0473835 0.571849 0.5 
0.0263693 0.0706238 0.0441789 0.622852 0.474797 
0.0328306 0.0707606 0.0401362 0.612279 0.409693 
0.0368832 0.070672 0.0365953 0.662199 0.5 
0.0398878 0.0705632 0.0325808 0.656566 0.5 
0.0579544 0.0694794 0.0198345 0.6125 0.5 
-0.0641704 0.063724 0.0268682 0.425507 0.418571 
-0.0919499 0.114216 0.0149265 0.530043 0.5 
0.0351624 0.0819076 -0.0172502 0.760295 0.5 
-0.0862408 0.119271 -0.00117534 0.455279 0.5 
-0.0294401 0.174958 -0.00579982 0.562984 0.5 
-0.0175288 0.165418 -0.0114925 0.675539 0.5 
-0.0617869 0.117789 0.0409144 0.40334 0.5 
0.0301891 0.0723658 0.0418804 0.606777 0.5 
-0.0822099 0.149486 0.00288044 0.385889 0.468811 
-0.0760271 0.175704 -0.0506937 0.340571 0.5 
-0.0652343 0.0614738 0.0211346 0.414933 0.425841 
-0.0266574 0.110394 -0.019007 0.783101 0.5 
-0.0813538 0.0779161 0.0268055 0.756683 0.5 
0.021417 0.118723 -0.00893569 0.549 0.5 
0.0149346 0.0759297 0.0536191 0.48671 0.476705 
0.0209886 0.0761609 0.0506055 0.575091 0.5 
0.0268396 0.0762089 0.0459193 0.572664 0.5 
0.0336785 0.0760737 0.0405166 0.630563 0.5 
0.0373422 0.0760306 0.0366776 0.505468 0.5 
0.0400324 0.0763062 0.0328345 0.645662 0.5 
0.0419048 0.076876 0.0296092 0.673034 0.5 
0.0438094 0.0763805 0.0258638 0.624347 0.5 
-0.0452412 0.118472 -0.0142046 0.833781 0.5 
0.0456773 0.0768089 0.0208187 0.458504 0.467907 
-0.050165 0.137714 0.0207618 0.606401 0.481088 
-0.00327054 0.111563 -0.0203549 0.551699 0.482404 
-0.0483236 0.145111 0.00757835 0.59165 0.5 
0.0310833 0.0775315 0.0432282 0.624343 0.5 
-0.046855 0.145222 0.00288431 0.195425 0.432502 
-0.0141716 0.10541 -0.0225802 0.672132 0.5 
0.0470348 0.0753979 0.0148736 0.455861 0.5 
-0.0611433 0.140542 0.0356184 0.646306 0.5 
0.0272779 0.0823714 0.0459243 0.61663 0.478488 
0.0309212 0.08255 0.0430252 0.611382 0.5 
0.0343037 0.0825412 0.0402907 0.613309 0.465282 
0.0370354 0.0824663 0.0369099 0.642585 0.5 
-0.0799946 0.147989 -0.000835337 0.484293 0.5 
-0.0774435 0.0690153 0.00961977 0.704234 0.277826 
0.0404363 0.0826995 0.0326021 0.686672 0.5 
0.0417479 0.0827335 0.0302524 0.63553 0.5 
0.0436887 0.0825508 0.0263844 0.61829 0.5 
0.0454407 0.0825465 0.0207137 0.601475 0.480065 
-0.0822812 0.116295 0.0482855 0.66926 0.5 
-0.0844726 0.0947391 -0.00345192 0.592061 0.5 
-0.020271 0.168003 -0.0193935 0.821267 0.5 
-0.0742716 0.0668501 0.0190414 0.706894 0.5 
0.026747 0.0882417 0.0458314 0.539865 0.389736 
0.0308722 0.0882572 0.0430146 0.948814 0.5 
0.0344922 0.0883047 0.0403697 0.638338 0.5 
0.0372481 0.0881263 0.0366393 0.643327 0.5 
0.039927 0.088094 0.0326668 0.711283 0.5 
0.0419027 0.0877782 0.0290815 0.667656 0.5 
0.00264738 0.112302 -0.019871 0.766242 0.5 
-0.0703315 0.1455 -0.0205576 0.136819 0.239158 
-0.0749446 0.137879 -0.00653312 0.459033 0.397283 
-0.0266967 0.114299 -0.0159903 0.856895 0.5 
-0.0869924 0.113518 0.00410409 0.344807 0.5 
-0.0142186 0.174013 -0.0259807 0.439072 0.5 
-0.0221564 0.157852 -0.00861651 0.254248 0.5 
-0.011587 0.164129 -0.0163045 0.228563 0.367524 
-0.00997381 0.169338 -0.0247765 0.42189 0.5 
-0.082875 0.143405 0.00186692 0.494272 0.5 
0.0203757 0.0354405 -0.00287175 0 0 
0.0191274 0.0363337 -0.00917714 0.174536 0.5 
0.0184456 0.036388 -0.013479 0.173751 0.5 
0.0149535 0.0347732 -0.0154937 0.144529 0.253209 
0.0221204 0.0372026 0.0342324 0.156956 0.287305 
0.039271 0.0382866 0.00854708 0.245023 0.5 
0.0397549 0.0398545 0.002614 0.276002 0.5 
0.0221892 0.0380614 -0.00446361 0.173629 0.5 
0.0179901 0.0369066 -0.0161835 0.336518 0.5 
0.0154148 0.0392444 -0.0212861 0.367832 0.5 
0.0208023 0.100118 -0.0213392 0.648293 0.46589 
0.0446004 0.0409064 0.00927401 0.208963 0.5 
0.0435625 0.0411355 0.00427044 0.357471 0.452104 
0.0381381 0.0411139 -0.00147908 0.514406 0.5 
-0.0478807 0.135207 0.00885778 0.482359 0.5 
0.0217274 0.0404287 -0.00964433 0.311593 0.5 
0.0206744 0.0405956 -0.0144437 0.473825 0.5 
0.0192578 0.0411681 -0.0195074 0.414351 0.5 
-0.0885736 0.112913 0.0395856 0.488806 0.5 
-0.026793 0.106457 -0.0218501 0.617481 0.5 
0.0481487 0.0428585 0.0145594 0.265572 0.5 
0.0521212 0.0461655 0.0089655 0.199267 0.5 
0.0480438 0.0430647 0.00724585 0.412258 0.5 
0.0460936 0.0434131 0.00284357 0.566688 0.5 
0.0285003 0.100485 -0.0168103 0.728425 0.5 
0.0269462 0.0395833 -0.00334578 0.464947 0.5 
-0.0907856 0.117838 0.00647331 0.421552 0.5 
-0.062721 0.167567 -0.0470628 0.645866 0.5 
-0.0799532 0.106813 0.0316838 0.420249 0.5 
0.0527437 0.0462125 0.0139554 0.286197 0.5 
0.0504533 0.0466263 0.00264513 0.57721 0.5 
-0.0322581 0.117324 -0.0133273 0.811815 0.5 
0.0272475 0.0455966 -0.00927071 0.533119 0.5 
-0.0146455 0.0942084 -0.0337341 0.520871 0.5 
-0.0411545 0.16722 -0.010818 0.48116 0.5 
-0.0721385 0.156112 -0.0384102 0.511983 0.468875 
0.0456803 0.0474217 -0.00311192 0.412576 0.5 
0.0239407 0.0433254 -0.00969837 0.651864 0.5 
0.021084 0.0462585 -0.0205303 0.476548 0.5 
-0.0348527 0.0351549 -0.0307351 0.16856 0.5 
-0.0699867 0.0663066 0.0259153 0.590849 0.43032 
-0.0747071 0.149891 -0.0201453 0.5851 0.5 
-0.0845448 0.13725 0.000743181 0.580039 0.5 
0.0549514 0.0484178 0.0163982 0.295573 0.5 
0.0264565 0.0466261 -0.0141039 0.515417 0.5 
0.0225276 0.0444655 -0.0157683 0.505631 0.5 
0.0330538 0.0938135 -0.0160538 0.699679 0.5 
0.0526476 0.0694992 0.00297306 0.629664 0.372945 
0.0528544 0.0581339 -0.00277966 0.592036 0.5 
-0.0571464 0.0671799 0.0361705 0.503626 0.472266 
-0.0651544 0.157167 -0.0515491 0.708429 0.5 
-0.0493189 0.133682 0.00119868 0.355836 0.438333 
-0.032962 0.10595 -0.0206729 0.810434 0.5 
-0.0649538 0.155656 -0.045631 0.820472 0.5 
-0.0390456 0.150445 -0.00354536 0.204281 0.5 
0.0574365 0.051618 0.0145183 0.351624 0.5 
0.0574129 0.0522531 0.00903377 0.511629 0.5 
0.0536112 0.0500965 0.00204174 0.768402 0.5 
0.0512204 0.0520121 -0.00218354 0.534755 0.5 
0.0471226 0.0515811 -0.00481298 0.434179 0.5 
0.033443 0.047576 -0.0063817 0.557462 0.465257 
0.00280933 0.118297 -0.0158208 0.570337 0.473222 
-0.0147841 0.10125 -0.0238408 0.771507 0.5 
-0.0620037 0.167422 -0.0527165 0.538383 0.466596 
0.0559147 0.0528382 0.00339683 0.824166 0.5 
0.0334801 0.0518506 -0.00825293 0.591066 0.5 
0.0287814 0.0501171 -0.0157926 0.574224 0.5 
0.0256197 0.0485542 -0.0190548 0.421586 0.5 
-0.00863537 0.118406 -0.0146114 0.827086 0.5 
-0.0148322 0.117675 -0.014701 0.559736 0.5 
-0.0615138 0.145712 -0.00481276 0.466074 0.5 
0.0232531 0.12083 -0.00456186 0.617393 0.5 
-0.0401535 0.0342718 -0.0275149 0.0979878 0.5 
0.0302657 0.0496868 -0.0107289 0.647285 0.5 
0.0320066 0.111334 -0.00737407 0.536101 0.5 
-0.0211003 0.120417 -0.0102482 0.732965 0.5 
-0.0204991 0.117125 -0.0140803 0.767014 0.5 
-0.00910263 0.0383602 -0.025776 0.274297 0.5 
-0.0525144 0.11229 -0.0171034 0.442719 0.484227 
0.0202353 0.123713 -0.00247094 0.59012 0.5 
-0.0701749 0.0347541 -0.0017891 0.135623 0.5 
-0.00340266 0.114844 -0.0176928 0.826111 0.5 
0.0310248 0.053713 -0.0140522 0.572913 0.5 
0.0268191 0.0528482 -0.020339 0.412387 0.455219 
-0.0147458 0.120673 -0.0105853 0.653192 0.5 
0.0270905 0.106214 -0.0146756 0.603346 0.5 
0.0465541 0.0697991 0.00228503 0.590477 0.5 
-0.00300122 0.100676 -0.0235814 0.77298 0.5 
-0.0755874 0.076212 0.033468 0.651011 0.5 
0.059738 0.0572998 0.0151736 0.624329 0.5 
0.0595394 0.0578717 0.00861672 0.650231 0.5 
0.0572091 0.0580526 0.00253507 0.577167 0.5 
-0.0142907 0.123147 -0.00746744 0.689207 0.5 
0.0211831 0.112303 -0.0140834 0.636933 0.5 
0.0347455 0.0565046 -0.010714 0.517615 0.5 
0.0249138 0.0825163 -0.0245877 0.759593 0.5 
-0.0382227 0.114521 -0.016178 0.845616 0.5 
-0.0819485 0.0761672 0.0208322 0.76776 0.5 
-0.0269557 0.0392251 -0.0293943 0.537642 0.5 
0.0377037 0.0593401 -0.00852013 0.537798 0.5 
0.0330295 0.0586306 -0.014729 0.60439 0.5 
0.0218121 0.0515865 -0.0236492 0.56032 0.5 
-0.0204953 0.0935908 -0.0331675 0.485557 0.5 
-0.0872217 0.113521 0.0440666 0.448078 0.427651 
-0.0271537 0.0351608 0.0509267 0.96808 0.5 
-0.0503825 0.106302 -0.0194598 0.649024 0.5 
0.0266611 0.0585067 -0.0219134 0.622435 0.5 
0.00975018 0.0945932 -0.0280451 0.504262 0.457756 
-0.0205524 0.122391 -0.00754739 0.498583 0.5 
-0.0668021 0.0909191 -0.0174744 0.566525 0.5 
-0.0856155 0.0942099 -0.00109094 0.420789 0.436678 
-0.0915274 0.11444 0.0204492 0.759207 0.5 
-0.0909048 0.131701 0.00809159 0.558083 0.5 
0.0404851 0.0578886 -0.0051698 0.425865 0.437223 
0.0295964 0.0580473 -0.0178274 0.608291 0.460655 
0.0266986 0.0941359 -0.0205949 0.662934 0.5 
-0.0677104 0.172869 -0.0572602 0.695141 0.5 
0.0142001 0.118043 -0.013917 0.45799 0.403894 
-0.0698171 0.0699687 0.0326375 0.529959 0.5 
0.0607097 0.0648802 0.0151632 0.434757 0.451533 
0.0609346 0.0630505 0.0131585 0.526971 0.5 
0.0602205 0.0643718 0.00864139 0.443146 0.456896 
0.0574055 0.0638877 0.00271573 0.413274 0.5 
-0.0797793 0.103858 -0.00660016 0.553637 0.5 
-0.0563867 0.137359 -0.00421998 0.659682 0.5 
0.0344512 0.0638263 -0.0152012 0.581486 0.5 
0.0307139 0.0605317 -0.0184589 0.617611 0.449874 
0.0185684 0.121789 -0.00725624 0.61441 0.349043 
-0.0456617 0.112414 -0.0169658 0.70381 0.5 
0.0456177 0.0644845 -0.00162168 0.572144 0.5 
-0.0584268 0.0349015 0.0441202 0.767369 0.5 
-0.0747982 0.0723674 0.0308514 0.656357 0.5 
-0.0699373 0.0621854 0.0151778 0.587415 0.5 
-0.052889 0.136519 -0.00170821 0.593683 0.5 
0.0410205 0.0644886 -0.00476733 0.363401 0.5 
0.0388712 0.0646166 -0.00976797 0.384344 0.5 
0.0514871 0.0637279 -0.00174794 0.518067 0.5 
-0.0787297 0.0744551 0.0267421 0.809934 0.5 
-0.0850281 0.144269 0.00618082 0.578063 0.5 
0.0313094 0.064487 -0.0188936 0.672704 0.5 
0.0267274 0.0646171 -0.0220842 0.752591 0.5 
0.0318737 0.0877439 -0.0192705 0.740422 0.5 
-0.0772455 0.143995 -0.00470939 0.452269 0.5 
0.0132576 0.110443 -0.0183541 0.539267 0.5 
-0.00289343 0.124723 -0.00863032 0.516883 0.5 
-0.0342868 0.038582 0.0485461 0.546061 0.5 
0.0200397 0.0876233 -0.0261205 0.735721 0.5 
0.0585453 0.0705354 0.0146976 0.608535 0.5 
0.0581405 0.0699819 0.00856199 0.483528 0.5 
0.056099 0.069436 0.00424359 0.385578 0.5 
0.0370479 0.0665186 -0.0132637 0.645736 0.5 
-0.062561 0.172971 -0.0616721 0.43069 0.5 
-0.0702718 0.15494 -0.0455472 0.29179 0.457421 
-0.0916259 0.130499 0.00930481 0.432982 0.472725 
-0.070021 0.148229 -0.0328231 0.322588 0.195946 
-0.0721274 0.0680183 0.0267753 0.656727 0.5 
-0.0745337 0.15067 -0.0264303 0.331486 0.5 
0.0431087 0.0713461 -0.002764 0.390428 0.45538 
0.0421659 0.0692525 -0.00466106 0.55545 0.5 
0.0345404 0.0699378 -0.0160391 0.727409 0.5 
-0.0342368 0.122912 -0.00708584 0.432969 0.5 
0.0401518 0.070932 -0.00951127 0.706551 0.5 
0.0370706 0.0707408 -0.013301 0.722628 0.5 
0.0310856 0.0702175 -0.0192905 0.761897 0.5 
0.0283004 0.0705453 -0.0222447 0.701199 0.5 
-0.00859023 0.101699 -0.0237897 0.731824 0.5 
-0.0328234 0.0400139 -0.029875 0.413461 0.5 
-0.0830588 0.11047 0.0397334 0.931001 0.5 
0.0142724 0.123237 -0.00806485 0.479991 0.484444 
-0.0760443 0.108637 0.0389078 0.769887 0.5 
-0.0732762 0.154939 -0.0321392 0.640327 0.5 
0.0160324 0.0889232 -0.0282477 0.595959 0.5 
-0.0901677 0.131361 0.0394374 0.633972 0.457764 
0.0455828 0.0768365 0.00270178 0.323813 0.5 
-0.0516717 0.0553965 0.014906 0.168077 0.5 
-0.0376545 0.121002 -0.0109724 0.599451 0.451266 
0.0466318 0.0762885 0.00910629 0.334003 0.5 
0.0437303 0.0769241 -0.00295564 0.541016 0.5 
0.0405043 0.0766784 -0.0084913 0.540094 0.5 
0.0369463 0.0762836 -0.0128837 0.716695 0.5 
0.0349351 0.0766648 -0.0155944 0.687304 0.5 
0.0319237 0.0763904 -0.0194186 0.722365 0.5 
0.0285208 0.0758075 -0.0225233 0.729644 0.5 
-0.0646857 0.068809 0.0348219 0.518098 0.396839 
-0.00335573 0.0986136 -0.0269283 0.762285 0.5 
-0.0383606 0.100112 -0.0217661 0.633523 0.5 
-0.0705433 0.149897 -0.0387319 0.143598 0.5 
-0.0247871 0.179215 -0.0188356 0.466421 0.5 
0.00339058 0.0937023 -0.0318365 0.697748 0.5 
-0.09099 0.142689 0.0226645 0.743514 0.5 
-0.0851088 0.102115 0.000391121 0.420019 0.403283 
0.00299202 0.124707 -0.00864775 0.631346 0.5 
-0.0649459 0.167336 -0.0329944 0.692397 0.5 
0.045975 0.0827243 0.0146716 0.494123 0.463874 
0.0461931 0.0827376 0.00867911 0.540283 0.443947 
0.0453461 0.0826602 0.00269811 0.520808 0.5 
0.032594 0.082231 -0.0190597 0.700575 0.5 
-0.0707752 0.142011 -0.00901143 0.440829 0.5 
-0.0396694 0.045239 -0.0210351 0.371561 0.5 
-0.0736488 0.145787 -0.0131048 0.298566 0.5 
-0.0661855 0.1779 -0.0529018 0.456268 0.5 
-0.0698006 0.179227 -0.0517285 0.330383 0.5 
-0.0719677 0.177848 -0.0474604 0.498199 0.393806 
-0.0131817 0.0974247 0.0509808 0.29677 0.5 
-0.0760529 0.177651 -0.0471457 0.200482 0.341482 
-0.0875274 0.149451 0.00937476 0.260452 0.5 
-0.0847504 0.149536 0.00652369 0.220089 0.5 
-0.0853843 0.0980412 -0.000554198 0.453316 0.5 
-0.070162 0.172945 -0.0393132 0.377002 0.42015 
-0.0669053 0.17136 -0.0404187 0.587367 0.5 
-0.0915765 0.114644 0.0108349 0.335405 0.476851 
0.0311175 0.116345 -0.00142056 0.524001 0.485056 
-0.09039 0.144074 0.0142555 0.571623 0.5 
0.0533752 0.0724173 0.00805773 0.504643 0.5 
0.0348115 0.113636 0.00289967 0.517745 0.5 
0.0321047 0.117128 0.00373672 0.512637 0.481334 
-0.0558554 0.16013 0.00226313 0.176407 0.35978 
0.0284127 0.12005 0.00266093 0.800124 0.5 
-0.0693417 0.151526 -0.0443255 0.162625 0.220555 
0.0509143 0.0733396 0.0112131 0.81315 0.5 
0.0485286 0.0726358 0.00856732 0.779683 0.5 
0.0251471 0.122517 0.00254898 0.804299 0.5 
-0.0684168 0.170157 -0.0319531 0.535557 0.5 
-0.071028 0.171274 -0.0325886 0.712016 0.5 
-0.0765634 0.155757 -0.00874762 0.256295 0.5 
0.0525206 0.0734678 0.0148876 0.468908 0.45355 
0.035521 0.113454 0.00908801 0.654915 0.5 
0.0208324 0.125627 0.00327965 0.76886 0.5 
-0.0476722 0.134348 0.0194434 0.579216 0.488505 
-0.0746083 0.171229 -0.0326516 0.439107 0.422901 
0.0322027 0.117616 0.0093642 0.646061 0.5 
0.0162523 0.127588 0.00132734 0.679655 0.445027 
-0.0914669 0.142805 0.0167223 0.344959 0.5 
0.0290775 0.120474 0.00686894 0.798143 0.5 
0.0135909 0.12914 0.00336546 0.632038 0.474565 
-0.0861635 0.100458 0.025719 0.514874 0.431291 
-0.0653051 0.165945 -0.0269849 0.665887 0.5 
-0.0698492 0.16889 -0.0268648 0.536219 0.5 
-0.07827 0.167473 -0.032496 0.259817 0.452429 
0.0215557 0.0945234 -0.0226594 0.630702 0.48336 
0.0260612 0.123082 0.00873766 0.803075 0.5 
0.00920342 0.130081 0.00248247 0.641161 0.5 
-0.0709934 0.170517 -0.0295248 0.566905 0.409383 
-0.0760202 0.167938 -0.0272636 0.242234 0.5 
0.0525229 0.0716654 0.0211203 0.349876 0.431389 
0.0207167 0.126566 0.00922145 0.763786 0.5 
-0.0746025 0.0998033 -0.0126456 0.503102 0.5 
-0.0864333 0.0890874 0.0257055 0.752441 0.5 
0.0354941 0.113435 0.0150848 0.708057 0.5 
0.0320737 0.117698 0.0146262 0.694886 0.5 
0.00294754 0.130714 0.00292443 0.849802 0.5 
-0.0256391 0.0823957 0.0519489 0.764034 0.5 
-0.0666258 0.165416 -0.0221631 0.534987 0.5 
-0.0804177 0.153092 0.00488677 0.321879 0.39417 
-0.0645623 0.0350017 0.0151892 0.352362 0.5 
-0.0627936 0.0352479 0.02012 0.616295 0.5 
-0.0642932 0.0349381 0.0264604 0.161121 0.384305 
-0.0642421 0.0397497 0.0267659 0.206373 0.5 
-0.0652419 0.0352202 0.0324357 0.167045 0.5 
-0.06432 0.0352261 0.0387914 0.349097 0.5 
-0.0869014 0.0944088 0.0260869 0.722262 0.5 
-0.026376 0.100403 -0.0237519 0.527518 0.47737 
-0.0704394 0.0348288 0.00888692 0.228898 0.5 
-0.0696375 0.039673 0.0091864 0.30841 0.5 
-0.0678064 0.035728 0.013362 0.509091 0.5 
-0.0778433 0.0819732 0.0354617 0.774608 0.5 
-0.0809318 0.0827942 0.0325 0.767831 0.5 
-0.0712316 0.038974 0.00275642 0.155719 0.237906 
-0.0616101 0.0379618 0.0219344 0 0 
-0.0653778 0.0407054 0.0323415 0.379158 0.5 
-0.0612949 0.040108 0.0438783 0.388361 0.5 
-0.0748891 0.0826916 0.0381154 0.772848 0.5 
-0.0841641 0.133769 0.0486564 0.546232 0.467433 
-0.0849106 0.0945271 0.0290479 0.754258 0.5 
-0.082994 0.144712 0.0404065 0.382972 0.420138 
-0.0265479 0.117619 -0.0132781 0.755106 0.5 
-0.0679678 0.0383221 0.0123903 0.271535 0.306541 
-0.0639259 0.0401146 0.0151101 0.258252 0.450399 
-0.0588527 0.0407802 0.0202136 0.51937 0.5 
-0.0869621 0.135589 0.0440584 0.520567 0.5 
-0.038827 0.0398484 0.042564 0.570175 0.5 
-0.0253238 0.0773437 0.0501603 0.646885 0.5 
0.00864855 0.111878 -0.0192252 0.821439 0.5 
-0.0625014 0.04424 0.0388616 0.455153 0.47063 
-0.088493 0.125258 0.0461673 0.674925 0.5 
0.0150785 0.10107 -0.0220372 0.749486 0.5 
-0.0810533 0.0876325 0.0334622 0.750019 0.5 
-0.0636602 0.0439221 0.0322355 0.437404 0.5 
-0.0823757 0.12585 -0.00459555 0.376136 0.464207 
-0.0374554 0.042873 0.0429512 0.492581 0.5 
-0.031328 0.0432863 0.0501185 0.483275 0.5 
-0.0841802 0.0875016 0.0285815 0.671149 0.464325 
-0.0690099 0.0427216 0.00298087 0.372436 0.5 
-0.0690323 0.0427133 0.00739115 0.277083 0.5 
-0.0642007 0.0449178 0.00895163 0.562755 0.5 
-0.0630005 0.0427497 0.0133004 0.520064 0.348086 
-0.0580777 0.0444032 0.0143596 0.493924 0.5 
-0.087476 0.130712 0.0458544 0.531379 0.477045 
-0.0837712 0.0999337 0.029339 0.668895 0.5 
-0.083719 0.0822846 0.0270932 0.660348 0.5 
-0.0209183 0.0934772 0.0512134 0.479975 0.5 
-0.0868983 0.142651 0.0383505 0.486766 0.469754 
-0.0588984 0.0467651 0.00989959 0.460736 0.319245 
-0.0529144 0.0464475 0.0158024 0.381525 0.5 
-0.0881654 0.0882094 0.0209192 0.624947 0.5 
-0.0494075 0.165901 0.000731671 0.369742 0.391777 
-0.0586114 0.0473978 0.0337061 0.152377 0.410418 
-0.05614 0.0517476 0.00835186 0.396733 0.5 
-0.0865231 0.148073 0.0321271 0.367072 0.452379 
-0.0308497 0.0493297 0.0429654 0.330168 0.454747 
-0.0769102 0.114994 0.0501188 0.653806 0.5 
-0.0209065 0.0959579 0.0474195 0.622864 0.5 
-0.0509947 0.0509637 0.0150799 0.759028 0.5 
0.00842415 0.0889657 -0.0320537 0.627702 0.5 
-0.0240561 0.0544386 0.0416973 0.433194 0.5 
-0.0510392 0.0524223 0.0203213 0.262945 0.5 
-0.0526208 0.0518271 0.027021 0.695325 0.5 
-0.0504022 0.0591186 0.0326891 0.768296 0.5 
-0.0478821 0.0590694 0.0363134 0.800191 0.5 
-0.0239128 0.0586553 0.0421308 0.768223 0.5 
-0.0759314 0.119228 -0.00697007 0.568703 0.5 
-0.0183181 0.0604564 0.0506182 0.70539 0.5 
-0.0298441 0.0972531 -0.0235715 0.830462 0.5 
-0.0241926 0.0628773 0.0422936 0.709715 0.5 
-0.0223998 0.06467 0.045979 0.606456 0.5 
-0.0192899 0.0641483 0.0503928 0.754401 0.5 
-0.0260109 0.172925 -0.0191453 0.51739 0.5 
-0.0265331 0.161574 -0.0144318 0.84044 0.5 
-0.0558556 0.15572 -0.00121016 0.41523 0.5 
-0.0599028 0.136466 -0.0064456 0.660892 0.5 
-0.063538 0.071665 0.0379463 0.556494 0.5 
-0.0200417 0.0869862 -0.0378876 0.500126 0.449734 
-0.0557176 0.105745 -0.0186241 0.707273 0.5 
-0.0530691 0.143914 -0.00100898 0.728895 0.5 
-0.0256688 0.0704637 0.0438935 0.717372 0.393932 
-0.0235577 0.0693774 0.0470203 0.657726 0.5 
-0.0525759 0.127247 -0.00521525 0.567734 0.5 
-0.0787859 0.131858 -0.00545913 0.44224 0.460808 
-0.0580212 0.120088 -0.0102747 0.564344 0.455328 
-0.0396294 0.110441 -0.0186258 0.62346 0.5 
-0.0210282 0.173113 -0.0214922 0.42389 0.352327 
-0.0547593 0.0563289 0.0107147 0.179388 0.5 
-0.0435534 0.0345758 -0.024752 0.176398 0.205782 
-0.0449833 0.0346921 -0.0207483 0.159962 0.261208 
-0.0443576 0.0390403 -0.0217491 0.178142 0.5 
-0.0462855 0.0345037 -0.0153112 0.189574 0.5 
-0.046619 0.0396457 -0.0141457 0.194812 0.5 
-0.00904923 0.0343826 -0.0246429 0.15305 0.5 
0.00311748 0.100303 -0.0227929 0.684313 0.5 
-0.0690809 0.0392217 -0.00181724 0.169982 0.409113 
-0.0920289 0.131041 0.0262349 0.856795 0.5 
-0.043414 0.0372487 -0.0253064 0.219927 0.5 
0.0280974 0.0818294 -0.0220931 0.752623 0.5 
-0.067702 0.169446 -0.0560134 0.487347 0.455218 
-0.0915377 0.129674 0.0312365 0.601516 0.48259 
-0.0663086 0.0411162 -0.00443149 0.346306 0.5 
-0.0731255 0.151935 -0.0368879 0.40925 0.5 
-0.0390145 0.0394889 -0.027598 0.3765 0.5 
-0.0637372 0.0437827 -0.00264533 0.37233 0.5 
-0.0605427 0.0425565 0.0246975 0.23689 0.5 
-0.0857603 0.130763 -0.000714461 0.66754 0.5 
-0.0520472 0.0403573 -0.0107411 0.62257 0.5 
-0.0568522 0.0434504 0.0224413 0.404188 0.5 
-0.043239 0.0429342 -0.0193166 0.339314 0.38382 
-0.0438787 0.0441322 -0.0144222 0.427488 0.468839 
-0.0457505 0.046486 -0.0105694 0.340556 0.5 
-0.0645938 0.0456897 0.00313082 0.3549 0.5 
-0.0525978 0.0464843 0.0207116 0.3335 0.5 
-0.0572578 0.0459489 0.026887 0.439332 0.5 
-0.0618962 0.0443648 0.0286813 0.302557 0.45843 
-0.0331467 0.0453179 -0.0267282 0.481653 0.5 
-0.0377669 0.0443547 -0.0252099 0.392631 0.5 
-0.0320922 0.114425 -0.0162304 0.853943 0.5 
-0.0578027 0.0470669 -0.0032674 0.530144 0.5 
-0.0914954 0.147994 0.0205137 0.478387 0.480384 
-0.0400067 0.0471536 -0.0151042 0.224844 0.33752 
0.00454895 0.121869 -0.0124797 0.622385 0.5 
0.0151282 0.112708 -0.0165496 0.634759 0.463552 
-0.0525787 0.0463291 -0.00775444 0.598118 0.5 
-0.0599276 0.0475112 0.00267117 0.286734 0.429608 
-0.0726458 0.147126 -0.0218625 0.235551 0.5 
-0.0740924 0.168686 -0.0440312 0.451963 0.347747 
-0.057494 0.0515426 0.00319413 0.311918 0.5 
-0.0536918 0.0483048 0.0264945 0.447469 0.5 
-0.0147156 0.114453 -0.0172255 0.634887 0.5 
-0.0335191 0.0480424 -0.021246 0.299501 0.5 
0.019461 0.0924333 -0.0244344 0.636237 0.5 
0.0169402 0.0952065 -0.0238278 0.793707 0.5 
0.0201047 0.104156 -0.0188197 0.859301 0.5 
-0.0319642 0.0516657 -0.0152509 0.265727 0.5 
-0.0368448 0.0488256 -0.0131071 0.109826 0.5 
-0.0391265 0.0518909 -0.0109467 0.555432 0.5 
-0.00892221 0.111576 -0.0202733 0.785262 0.5 
-0.0515659 0.0515158 -0.00751393 0.527245 0.5 
-0.0557028 0.05294 -0.00268598 0.514955 0.5 
-0.0293421 0.0526398 -0.0213991 0.356317 0.5 
-0.0314453 0.0496351 -0.0193539 0.306544 0.5 
0.0322381 0.10409 -0.0128482 0.653044 0.5 
-0.0261025 0.0525801 -0.0264669 0.366688 0.5 
-0.0583031 0.116733 -0.0130038 0.568329 0.5 
-0.014851 0.111599 -0.0191484 0.630253 0.463696 
-0.0521348 0.118189 -0.0137451 0.464136 0.474515 
-0.0517493 0.0582798 -0.00896954 0.683087 0.5 
-0.0561982 0.0582462 -0.00310645 0.618759 0.5 
-0.0587989 0.0586119 0.00276734 0.328771 0.427166 
-0.0585564 0.0578416 0.00857596 0.293131 0.5 
0.019026 0.11614 -0.0131686 0.497701 0.5 
-0.0211893 0.111662 -0.0190883 0.650648 0.5 
-0.0239176 0.0561149 -0.030057 0.484351 0.5 
-0.0272603 0.058548 -0.027478 0.457773 0.5 
-0.0295766 0.0582799 -0.0217551 0.550969 0.5 
-0.0320928 0.0589382 -0.0147618 0.534177 0.453646 
0.0073938 0.121789 -0.0126555 0.654152 0.5 
-0.0251946 0.0595227 -0.0308632 0.509396 0.5 
-0.0307167 0.06013 -0.0194181 0.549851 0.422118 
-0.0650113 0.0632174 -0.00293095 0.168435 0.5 
-0.0696479 0.065751 -0.00198101 0.165663 0.5 
-0.0699926 0.0635013 0.00374106 0.275779 0.5 
-0.0799435 0.0724812 0.0191514 0.599916 0.5 
-0.0676844 0.160922 -0.0559942 0.35716 0.5 
-0.0215435 0.0636559 -0.0350431 0.45692 0.5 
-0.0258325 0.0648252 -0.0322087 0.452259 0.5 
-0.028982 0.0636438 -0.0274997 0.410415 0.5 
-0.0304226 0.0629368 -0.0224261 0.908229 0.5 
-0.0319042 0.0651819 -0.0201942 0.518875 0.434998 
-0.0332741 0.0636337 -0.0160032 0.40837 0.447765 
-0.0205547 0.034111 -0.026401 0.174612 0.215481 
-0.0743367 0.0658286 0.00833126 0.649876 0.5 
0.016103 0.120745 -0.0103843 0.509865 0.5 
-0.0770212 0.0700544 0.00316631 0.305775 0.384345 
-0.0748219 0.06693 0.00451345 0.433069 0.463791 
-0.0306317 0.0657524 -0.025453 0.517895 0.5 
-0.0711433 0.0687078 -0.00390291 0.256016 0.135401 
-0.0762625 0.0716316 -0.00295918 0.293636 0.296358 
-0.0802204 0.0713935 0.00991267 0.507181 0.5 
-0.0913413 0.148143 0.0161458 0.474933 0.5 
-0.0273736 0.0700052 -0.0335323 0.445714 0.5 
-0.0300274 0.0692073 -0.0289677 0.511122 0.5 
-0.0316277 0.0711218 -0.0266514 0.502235 0.5 
-0.0330629 0.0699765 -0.0212743 0.929225 0.5 
-0.0353642 0.0705896 -0.0177097 0.263666 0.5 
-0.0587004 0.0391044 -0.0090027 0.295521 0.5 
-0.0697696 0.0703857 -0.00808666 0.238472 0.5 
-0.0804832 0.0726462 0.00472466 0.630221 0.5 
0.0151616 0.126104 -0.00266395 0.542796 0.5 
-0.0745721 0.072883 -0.00757069 0.303203 0.5 
-0.0823908 0.076277 0.00270117 0.615888 0.5 
-0.0912831 0.133698 0.0142161 0.68945 0.5 
0.00371049 0.0968817 -0.0280931 0.670854 0.5 
-0.0761392 0.0766258 -0.00859487 0.260107 0.5 
-0.0784749 0.0748827 -0.00523624 0.238143 0.440892 
-0.0806781 0.0771902 -0.00290803 0.36458 0.43512 
-0.0834622 0.0765209 0.00927112 0.562933 0.5 
0.00983826 0.11402 -0.0178612 0.519736 0.475688 
0.00210649 0.0981565 -0.0261244 0.689185 0.5 
-0.0285085 0.0757575 -0.0348118 0.64535 0.304239 
-0.0330874 0.0761249 -0.0270661 0.564742 0.5 
-0.0346568 0.0757906 -0.0215029 0.930953 0.5 
0.0231104 0.0892807 -0.0240236 0.697809 0.45449 
-0.0312132 0.0771357 -0.0320416 0.687582 0.5 
-0.0700425 0.0763633 -0.0141464 0.485274 0.5 
-0.0861137 0.0814707 0.00908143 0.590509 0.5 
-0.086319 0.08152 0.0149936 0.698173 0.5 
-0.0208042 0.0963182 -0.0270563 0.75553 0.5 
-0.0211078 0.114391 -0.0171285 0.793027 0.5 
-0.0746162 0.0828529 -0.0139325 0.683447 0.5 
-0.077295 0.081216 -0.0100568 0.47673 0.5 
-0.0800127 0.0821605 -0.00722237 0.637376 0.5 
-0.0826334 0.0820868 -0.00324616 0.569954 0.5 
-0.0844667 0.0817669 0.00249573 0.601403 0.5 
-0.0860445 0.0832591 0.0203255 0.630527 0.5 
-0.084816 0.0816746 0.0219849 0.638209 0.5 
0.0545549 0.0661692 0.000765649 0.628404 0.43579 
-0.0331604 0.0828369 -0.0270493 0.417784 0.5 
-0.0358028 0.0829047 -0.0227723 0.112354 0 
-0.0861942 0.0842505 0.00298565 0.418742 0.5 
-0.0287072 0.0827267 -0.0349537 0.48086 0.471486 
-0.0311601 0.0822387 -0.0315627 0.627475 0.5 
-0.085403 0.141865 0.00516647 0.463398 0.5 
-0.0785169 0.0885628 -0.0107607 0.69884 0.5 
-0.0807046 0.0887676 -0.00826584 0.689404 0.5 
-0.0843972 0.0878743 -0.00349923 0.402052 0.5 
-0.0855708 0.0882073 -0.00109946 0.425364 0.422235 
-0.0876157 0.0881286 0.00369184 0.414972 0.435161 
-0.0885339 0.0876942 0.00897158 0.630733 0.5 
-0.0885791 0.0877213 0.0149616 0.665472 0.5 
-0.0643854 0.0348576 -0.00775085 0.279509 0.5 
-0.0512932 0.034227 -0.0129013 0.159841 0.5 
-0.0266839 0.0458556 -0.027274 0.610127 0.5 
-0.0146368 0.0981541 -0.0264318 0.44201 0.5 
-0.0213468 0.10077 -0.0239588 0.58675 0.5 
0.020932 0.0825954 -0.0267347 0.750174 0.5 
0.00759225 0.0928541 -0.0309237 0.580726 0.5 
-0.0144478 0.0879274 -0.0380297 0.689122 0.5 
-0.00859724 0.11451 -0.0173132 0.77831 0.5 
0.0264818 0.109935 -0.0126182 0.652634 0.5 
-0.0145855 0.0385179 -0.0267991 0.230538 0.5 
-0.0330054 0.0337044 -0.0272991 0.262513 0.5 
-0.0267872 0.0340475 -0.0271901 0.244173 0 
-0.00849157 0.0985859 -0.0270535 0.53889 0.411612 
-0.0110954 0.120824 -0.0120135 0.770076 0.5 
0.0367379 0.0925992 -0.0129888 0.684003 0.5 
-0.0571635 0.0435755 -0.00717607 0.581004 0.404197 
-0.0193328 0.0979251 -0.024792 0.661276 0.5 
-0.0203798 0.0385467 -0.0283088 0.392689 0.5 
-0.0587681 0.0337133 -0.00871891 0.1361 0.5 
-0.0517919 0.100655 -0.0213258 0.798237 0.5 
0.00702627 0.0978418 -0.0246055 0.732067 0.326346 
-0.0148892 0.126068 -0.00252126 0.467449 0.5 
0.0307578 0.092446 -0.0188519 0.704525 0.5 
0.0211049 0.0578126 -0.0266116 0.685576 0.5 
-0.0169237 0.0970481 -0.0278718 0.775366 0.5 
0.0460004 0.0581866 -0.00508589 0.612698 0.5 
-0.00944331 0.0822271 -0.0381067 0.670336 0.467319 
-0.0635881 0.0392124 -0.00717766 0.572252 0.5 
0.00864227 0.0386371 -0.0233053 0.540697 0.5 
0.0252935 0.0769557 -0.0248407 0.75695 0.5 
-0.0229653 0.0895159 -0.036199 0.454072 0.467569 
-0.0523791 0.0341193 -0.00994653 0.132813 0.5 
0.0211693 0.0643935 -0.0268578 0.690366 0.5 
-0.0515867 0.13164 -0.0028092 0.545448 0.5 
-0.0149669 0.0345529 -0.0254273 0.17846 0.5 
-0.0161167 0.127288 0.00169291 0.694465 0.5 
-0.0469232 0.128515 -0.00163965 0.389857 0.5 
-0.00961381 0.127158 -0.00378809 0.714685 0.5 
-0.0074566 0.128562 -0.00130751 0.72817 0.5 
-0.00304493 0.128909 -0.00174857 0.778769 0.5 
0.0028379 0.129022 -0.00194723 0.574275 0.5 
0.00903363 0.128674 -0.00165013 0.617309 0.5 
-0.0561607 0.131588 -0.00571429 0.687735 0.5 
-0.0457551 0.127167 -0.00484962 0.645893 0.5 
-0.00304746 0.127678 -0.00456004 0.562309 0.5 
0.00303811 0.12768 -0.00442 0.624596 0.5 
0.0101526 0.126812 -0.00466464 0.64326 0.5 
-0.0553259 0.126836 -0.00601308 0.517644 0.5 
0.00799473 0.034846 -0.0206913 0.278473 0.5 
0.0027179 0.0342191 -0.0204737 0.322372 0.5 
-0.00295804 0.0342418 -0.0216222 0.194059 0.5 
0.0134674 0.0353221 -0.0196961 0.466171 0.5 
0.00440963 0.0383063 -0.0240776 0.3469 0.5 
0.00140752 0.0383474 -0.0246147 0.361099 0.5 
-0.00309177 0.0383877 -0.0251866 0.314174 0.5 
-0.0575023 0.100661 -0.0195211 0.459895 0.452391 
-0.0485739 0.15316 -0.00547278 0.691758 0.5 
-0.0646573 0.0334831 -0.00296009 0.187639 0.5 
-0.0640796 0.100426 -0.0173936 0.44544 0.466101 
-0.0704415 0.100139 -0.0146037 0.499781 0.478548 
-0.0326376 0.155806 -0.00949884 0.828995 0.5 
0.0336094 0.0373624 0.00273412 0.290019 0.5 
0.0320943 0.0397885 -0.00195136 0.323719 0.5 
0.0158502 0.0449602 -0.0237212 0.910511 0.5 
0.00889467 0.0426449 -0.0242659 0.891863 0.5 
0.00312499 0.0452721 -0.026588 0.665265 0.460024 
-0.00298345 0.044686 -0.0272222 0.905955 0.5 
-0.00912346 0.0448524 -0.0280671 0.895801 0.5 
-0.0145351 0.0443266 -0.0277771 0.887903 0.5 
-0.0209223 0.0460913 -0.0281918 0.705844 0.5 
0.034052 0.0448434 -0.00540113 0.626363 0.5 
-0.0312646 0.158257 -0.01223 0.732334 0.5 
0.0401509 0.0448981 -0.00354586 0.446696 0.5 
0.0143253 0.0473484 -0.0251513 0.546545 0.456757 
0.00937888 0.0466526 -0.0261685 0.907397 0.5 
-0.0766531 0.0695423 0.0207982 0.774152 0.5 
0.0087246 0.0517916 -0.0291615 0.840924 0.5 
0.00299372 0.0506927 -0.0298557 0.901259 0.5 
-0.00164566 0.0489436 -0.0304144 0.872257 0.5 
-0.00321397 0.0522596 -0.0314075 0.634884 0.475184 
-0.00915341 0.0509217 -0.0318681 0.650022 0.5 
-0.0146018 0.0513752 -0.0319045 0.891033 0.5 
-0.0161558 0.0488543 -0.0303763 0.808351 0.5 
-0.0205843 0.0508011 -0.0296435 0.813106 0.5 
0.0405252 0.0518855 -0.00654453 0.65569 0.5 
0.0149309 0.0520772 -0.0273859 0.655547 0.5 
0.041884 0.0490868 -0.00604367 0.898378 0.5 
0.019962 0.0529908 -0.0261219 0.592286 0.5 
-0.0198501 0.0534234 -0.0312267 0.768335 0.5 
-0.0336273 0.0527187 -0.0106243 0.102172 0.5 
-0.0461112 0.0529158 -0.0101664 0.636429 0.372142 
-0.0204 0.161875 -0.014658 0.822907 0.5 
0.0449924 0.0530898 -0.00614891 0.575737 0.5 
0.00733679 0.0546532 -0.0305038 0.688621 0.5 
0.00283568 0.0546532 -0.0307468 0.611749 0.5 
-0.00302245 0.0577 -0.0331477 0.67582 0.5 
-0.00914668 0.0576676 -0.0341165 0.698389 0.5 
-0.01517 0.058199 -0.0349877 0.856637 0.5 
-0.0202707 0.0581031 -0.0333681 0.552506 0.5 
0.0140844 0.057965 -0.028983 0.564173 0.483714 
0.0103301 0.0588553 -0.0299472 0.602031 0.489059 
0.00732823 0.0588898 -0.0306117 0.710141 0.5 
0.0027369 0.0590151 -0.0321928 0.690932 0.5 
-0.0337187 0.0579742 -0.0115824 0.143826 0.5 
-0.0390711 0.0582467 -0.0115033 0.780735 0.5 
-0.0460474 0.0579124 -0.0115174 0.472305 0.5 
-0.00961439 0.0642168 -0.0358564 0.670518 0.457134 
-0.044157 0.0599825 -0.0123877 0.830365 0.5 
0.015251 0.0645803 -0.029567 0.626368 0.396114 
0.00839294 0.0649214 -0.0316957 0.79033 0.385997 
0.00325858 0.0643529 -0.0332439 0.728322 0.418376 
-0.00361257 0.0645861 -0.034907 0.670644 0.5 
-0.0144709 0.065006 -0.0371603 0.712311 0.5 
-0.0366623 0.060679 -0.0122791 0.525705 0.5 
-0.0526404 0.0636402 -0.0101297 0.452904 0.5 
-0.0381866 0.0648919 -0.0142073 0.543504 0.5 
-0.0452495 0.0647856 -0.0139819 0.883769 0.5 
-0.0599262 0.0622966 -0.00429285 0.195385 0.344922 
-0.0778641 0.117463 -0.00576778 0.523105 0.5 
-0.0187447 0.0664151 -0.0374779 0.820087 0.5 
-0.0577616 0.0644884 -0.00779097 0.472929 0.5 
-0.0625778 0.0655353 -0.00741131 0.379588 0.453283 
0.0251088 0.0710945 -0.0248604 0.704567 0.5 
0.021457 0.0702729 -0.0273415 0.740248 0.5 
0.0166747 0.0701586 -0.0297203 0.658948 0.5 
0.0132745 0.0702643 -0.0312074 0.651019 0.5 
0.00867525 0.0703509 -0.0324278 0.818076 0.5 
0.00229643 0.0708694 -0.0343123 0.73028 0.5 
-0.0030646 0.070381 -0.0353565 0.764349 0.5 
-0.00773679 0.0691749 -0.0362051 0.757441 0.5 
-0.0101988 0.0715122 -0.0373778 0.76291 0.5 
-0.0147454 0.0704429 -0.0382943 0.581028 0.470136 
-0.0203984 0.0706516 -0.038158 0.645161 0.5 
-0.0240967 0.0693418 -0.0362521 0.4533 0.5 
-0.0605175 0.0673597 -0.0108259 0.635082 0.5 
-0.0387293 0.0706355 -0.0168457 0.666323 0.5 
-0.0451347 0.0705064 -0.0164504 0.875899 0.5 
-0.0523435 0.0697862 -0.0145984 0.401473 0.5 
-0.0591515 0.0702891 -0.0147203 0.639534 0.5 
-0.0652515 0.0688492 -0.00993982 0.422384 0.422462 
-0.0247614 0.0719777 -0.0368317 0.497524 0.5 
-0.0637884 0.0712697 -0.0138535 0.437166 0.5 
0.0211454 0.0769268 -0.0268772 0.737516 0.5 
0.0162128 0.0765268 -0.0293784 0.712202 0.5 
0.0133247 0.0760196 -0.0306715 0.679361 0.5 
0.00907695 0.076038 -0.0330382 0.719764 0.5 
0.00245085 0.0760857 -0.0351615 0.721395 0.5 
-0.00176321 0.0762288 -0.0360688 0.799862 0.5 
-0.00476487 0.076286 -0.0369742 0.814155 0.377247 
-0.00962992 0.0765936 -0.0378651 0.627364 0.487104 
-0.0144481 0.0764118 -0.0385775 0.832444 0.5 
-0.021453 0.0763574 -0.038668 0.751656 0.5 
-0.024977 0.0762484 -0.0374518 0.39297 0.457854 
-0.0377453 0.0766164 -0.0189124 0.273711 0.5 
-0.0397395 0.0746623 -0.0180255 0.973337 0.5 
-0.0437423 0.0765905 -0.0187922 0.595439 0.440211 
-0.0466377 0.0744845 -0.0173668 0.538698 0.468502 
-0.0518623 0.0745812 -0.0175084 0.855826 0.5 
-0.0589866 0.0745368 -0.01766 0.879682 0.5 
-0.0644081 0.0756279 -0.0167529 0.562234 0.481782 
-0.0721295 0.0740256 -0.0105719 0.341576 0.432723 
-0.0615233 0.0354132 0.043881 0.499903 0.5 
-0.0524971 0.0769872 -0.0189536 0.873913 0.5 
-0.0587482 0.0767445 -0.0187462 0.882838 0.5 
0.013102 0.0809953 -0.0307917 0.69611 0.5 
0.00892296 0.0820652 -0.0325478 0.700162 0.5 
0.0022917 0.0820297 -0.0349279 0.829579 0.5 
-0.00177837 0.0804805 -0.0364471 0.647084 0.379833 
-0.00379684 0.0824193 -0.037328 0.824332 0.5 
-0.0142988 0.0820384 -0.0390211 0.832022 0.373406 
-0.0207708 0.0823862 -0.0387335 0.805306 0.5 
-0.0248089 0.0818968 -0.0377031 0.470046 0.439483 
-0.0735819 0.0777026 -0.0122023 0.445372 0.5 
0.015425 0.0831288 -0.0295207 0.735694 0.5 
-0.0383994 0.0817919 -0.0209596 0.290803 0.5 
-0.0451184 0.0815526 -0.020434 0.548777 0.45056 
-0.051814 0.0818472 -0.0211348 0.886135 0.5 
-0.0583689 0.0812724 -0.0202975 0.847354 0.5 
-0.063949 0.082768 -0.0188935 0.606874 0.5 
-0.0662709 0.080065 -0.0177832 0.593549 0.449354 
-0.0695594 0.0830593 -0.0170582 0.4495 0.5 
-0.00481814 0.086841 -0.0367951 0.827149 0.5 
-0.0248206 0.0867524 -0.0367639 0.487957 0.5 
0.0132046 0.0871602 -0.0305473 0.663835 0.5 
-0.0360837 0.0867076 -0.023791 0.366486 0.5 
-0.00877843 0.0340556 -0.0204927 0 0 
-0.0207128 0.0342382 -0.0208728 0.319674 0.5 
-0.0147915 0.0341096 -0.0207616 0.312592 0.5 
-0.0265767 0.0342963 -0.0210989 0.482378 0.5 
0.00282685 0.0351053 -0.0158136 0.508357 0.5 
0.00885967 0.034471 -0.0147487 0.490133 0.5 
-0.0390848 0.0337228 -0.0202617 0.628543 0.5 
-0.0326656 0.0345334 -0.0201874 0.788348 0.5 
-0.00224535 0.0351539 -0.0166234 0.756398 0.5 
-0.0149096 0.0357313 -0.0180956 0.933106 0.5 
-0.0114808 0.0353662 -0.0177045 0.933613 0.5 
-0.00921575 0.0380183 -0.0149732 0.909294 0.5 
-0.00282494 0.0382292 -0.0140636 0.920543 0.5 
0.00285919 0.0377324 -0.0134715 0.965028 0.5 
0.0159109 0.0347098 -0.00882204 0.420938 0.5 
-0.0306839 0.036693 -0.0184598 0.875112 0.5 
-0.0265216 0.0367471 -0.0188177 0.84266 0.5 
-0.0218341 0.0369718 -0.0184303 0.873319 0.5 
-0.0203027 0.0382765 -0.0152577 0.887215 0.5 
-0.0152596 0.0382328 -0.0156428 0.873575 0.5 
0.00738356 0.0366172 -0.0125003 0.962688 0.5 
0.00992361 0.0351979 -0.00924624 0.9642 0.5 
0.00702596 0.0378387 -0.00879015 0.927286 0.5 
-0.0396958 0.0342843 -0.014578 0.76643 0.5 
-0.0329517 0.0382154 -0.014678 0.654319 0.5 
-0.0263862 0.0385778 -0.0153644 0.924592 0.5 
0.00320835 0.0389424 -0.00953857 0.945732 0.5 
-0.0364387 0.0357946 -0.0155844 0.543249 0.5 
-0.00301526 0.0391061 -0.00886496 0.816802 0.5 
0.00831664 0.0348156 -0.00321961 0.671683 0.5 
0.0145039 0.0343685 -0.0028433 0.748562 0.5 
-0.0365752 0.0370276 -0.0136534 0.498247 0.5 
-0.0146234 0.0388055 -0.00887465 0.759701 0.5 
-0.00886749 0.0389394 -0.00890173 0.761944 0.5 
-0.0451032 0.0336721 -0.00848668 0.772585 0.5 
-0.040313 0.0350801 -0.00861758 0.462745 0.5 
-0.0206235 0.0386 -0.00878063 0.747754 0.5 
0.00267879 0.038424 -0.00319748 0.448355 0.5 
0.015044 0.0350517 0.00289039 0.579133 0.5 
0.0201479 0.0347806 0.00348327 0.403273 0.5 
0.027119 0.0353514 0.00366834 0.0909279 0.5 
0.0280785 0.0365531 0.000826759 0 0 
-0.0376066 0.0375692 -0.00942418 0.22755 0.5 
-0.0332748 0.0384549 -0.00855692 0.752109 0.5 
-0.0264541 0.0384497 -0.00886193 0.729343 0.5 
-0.00299262 0.0389582 -0.00292437 0.746846 0.5 
0.00451408 0.0356078 -0.00103635 0.413486 0.5 
0.00881079 0.0350428 0.00356828 0.588251 0.5 
0.0314184 0.0360255 0.00457907 0.187967 0.5 
-0.00888202 0.0387884 -0.00299409 0.73859 0.5 
0.00271787 0.0349091 0.00339755 0.645421 0.5 
-0.041199 0.0341471 -0.00327644 0 0 
-0.0205479 0.0384259 -0.00283766 0.741413 0.5 
-0.0146618 0.0385908 -0.00288739 0.718901 0.5 
0.00103528 0.0375917 0.000952222 0.441385 0.5 
0.0215747 0.0354906 0.0086194 0.395945 0.5 
0.0264794 0.0346514 0.00870654 0.414057 0.5 
0.0322391 0.0355412 0.00882378 0.515667 0.5 
-0.0521057 0.0334794 -0.00318207 0.614129 0.5 
-0.0455078 0.0336572 -0.00225818 0.757211 0.5 
-0.0334104 0.0383259 -0.00292317 0.611245 0.5 
-0.0265122 0.0383343 -0.00296504 0.763748 0.5 
-0.00224847 0.0383354 0.00320971 0.728422 0.5 
-0.0589386 0.0334143 -0.00291301 0.444064 0.5 
-0.00874044 0.0385976 0.00291227 0.735039 0.5 
0.00273457 0.0342734 0.0088248 0.796819 0.5 
0.00621941 0.0351341 0.00654928 0 0 
-0.080018 0.109279 0.0373655 0.503151 0.426569 
-0.0393178 0.0336443 0.00354096 0.266658 0.5 
-0.0213111 0.0382973 0.00334866 0.753895 0.5 
-0.0146196 0.0384265 0.00290922 0.762157 0.5 
-0.00353554 0.0379644 0.00874752 0.658939 0.5 
0.0276681 0.0349662 0.0149532 0.360666 0.5 
0.03282 0.0359255 0.0147037 0.719837 0.5 
0.0389763 0.0383079 0.0145025 0.635106 0.5 
-0.0523961 0.0335249 0.00326874 0.742717 0.5 
-0.0462346 0.0335696 0.00267776 0.743661 0.5 
-0.0277984 0.0382296 0.00286126 0.456211 0.5 
-0.000947006 0.0357374 0.0103469 0.779853 0.5 
0.0222276 0.0358262 0.0160256 0.180494 0.5 
0.0448051 0.0411192 0.0150961 0.294679 0.5 
-0.0581064 0.033504 0.00272997 0.775526 0.5 
-0.0352323 0.0337248 0.00491425 0.152905 0 
-0.0312985 0.0381858 0.00167702 0 0 
-0.0088641 0.03847 0.00876261 0.73345 0.5 
0.0028919 0.0342894 0.0147059 0.676527 0.5 
-0.0703332 0.0340583 0.00286723 0.639535 0.5 
-0.0648245 0.0334924 0.00301734 0.793089 0.5 
-0.0387963 0.034763 0.00935652 0.458758 0.5 
-0.0332327 0.0337932 0.00943608 0.151116 0.5 
-0.0203456 0.0382265 0.00836296 0.759992 0.5 
-0.0152156 0.0383161 0.00935801 0.755179 0.5 
-0.000385714 0.0351459 0.0134171 0.848157 0.5 
0.00663645 0.0342324 0.0159688 0 0 
0.0268074 0.0356469 0.0204126 0.619176 0.5 
0.0309391 0.0362152 0.0189937 0.762661 0.5 
0.0334119 0.0376179 0.0210082 0.70177 0.5 
-0.0515734 0.0338904 0.00817232 0.493124 0.5 
-0.0454999 0.0352808 0.00804865 0.53914 0.5 
-0.0263229 0.0380313 0.00871732 0.143858 0.5 
-0.0031858 0.0377098 0.014513 0.797449 0.5 
0.0211051 0.0351552 0.0207004 0.432057 0.5 
0.0391983 0.0395969 0.0205879 0.670001 0.5 
0.0441778 0.0418755 0.0204802 0.609797 0.5 
-0.0580282 0.0335624 0.00918162 0.776077 0.5 
-0.00922404 0.0383488 0.0150261 0.754001 0.5 
0.00313746 0.0352426 0.0204176 0.692001 0.5 
0.00877508 0.0346179 0.020856 0.290121 0.5 
0.0468489 0.0434226 0.0210936 0.239557 0.5 
-0.0648031 0.0337402 0.00884817 0.802283 0.5 
-0.0338156 0.0345063 0.0150293 0.572312 0.5 
-0.0149173 0.0382498 0.0147214 0.753708 0.5 
0.0146344 0.0345628 0.0222588 0.157065 0.5 
-0.0365655 0.0357926 0.0130139 0.391807 0.5 
-0.0262153 0.0376693 0.0148666 0.146481 0.5 
-0.0205165 0.0381248 0.0146779 0.715632 0.5 
-0.00229335 0.0382456 0.020565 0.923102 0.5 
0.014723 0.0347707 0.0263935 0.310145 0.5 
0.0210245 0.0353476 0.0265418 0.313898 0.5 
0.0250756 0.0364517 0.0246847 0.678097 0.5 
0.0273584 0.0381522 0.0267127 0.778478 0.5 
0.0321164 0.0401984 0.026762 0.778536 0.5 
-0.053829 0.0335431 0.0139547 0.458851 0.5 
0.00114114 0.037661 0.0223414 0.978558 0.5 
0.00915473 0.0353589 0.0262457 0.701449 0.5 
0.0380552 0.0412819 0.02589 0.374179 0.417844 
-0.0588034 0.0336951 0.0146283 0.798139 0.5 
-0.0339319 0.0346253 0.0202274 0.513983 0.5 
-0.0152545 0.0382629 0.0204704 0.75125 0.5 
-0.00888844 0.0384087 0.0207206 0.746481 0.5 
0.00307272 0.0384964 0.0264151 0.996029 0.5 
-0.0261643 0.0378491 0.0205422 0.603577 0.5 
-0.0205429 0.0381473 0.0213758 0.772551 0.5 
-0.0538188 0.0335608 0.0210581 0 0 
-0.00301594 0.03875 0.0263901 0.805634 0.5 
0.00756209 0.0380712 0.0285007 0.978659 0.5 
0.0143741 0.0348327 0.0331833 0.915728 0.5 
0.0198279 0.03555 0.0321213 0.749506 0.5 
0.0236875 0.0373106 0.0299772 0.517201 0.5 
-0.0588476 0.033906 0.020465 0.657735 0.5 
-0.00882687 0.0386047 0.0265705 0.756827 0.5 
0.00847025 0.0383344 0.0315598 0.739987 0.5 
0.0108958 0.035647 0.0330663 0.649316 0.5 
-0.0366651 0.0353042 0.023032 0.153172 0.5 
-0.0340084 0.0344659 0.0266224 0.263742 0.5 
-0.0270447 0.0379104 0.0270529 0.074682 0.5 
-0.0210471 0.0383013 0.026282 0.782021 0.5 
-0.0147317 0.0384888 0.0265233 0.791552 0.5 
-0.0712786 0.0733348 0.0355839 0.683322 0.427231 
-0.0388887 0.0346255 0.0265538 0.109729 0 
0.00290004 0.0393205 0.032168 0.626516 0.5 
0.0155389 0.0350901 0.0393977 0.759188 0.5 
0.0195159 0.0358111 0.0367948 0.405286 0.5 
-0.0589139 0.0341314 0.0264586 0.808252 0.5 
-0.052234 0.0340737 0.0268887 0.497915 0.5 
-0.0447866 0.0339274 0.0274346 0.154159 0.5 
-0.0310127 0.0369382 0.02848 0.240675 0.5 
-0.00908756 0.0390146 0.0330901 0.79352 0.5 
-0.00293287 0.039209 0.03365 0.804769 0.5 
0.00861952 0.0346654 0.0391536 0.125418 0.5 
-0.0149144 0.0388312 0.0324344 0.795183 0.5 
0.00392423 0.0347398 0.0399064 0.146347 0.5 
-0.0657827 0.0618455 0.00187562 0.442355 0.5 
-0.0640051 0.0606097 0.00361345 0.333039 0.5 
-0.0455164 0.0345095 0.0326748 0.510388 0.5 
-0.0385699 0.0344168 0.033204 0.485482 0.5 
-0.0342024 0.0351611 0.0325685 0.248514 0.5 
-0.0270303 0.0384799 0.0326469 0.783767 0.5 
-0.0209433 0.0387397 0.0332273 0.806699 0.5 
-0.0520994 0.0344582 0.0326775 0.466807 0.5 
-0.0313489 0.0377268 0.0321213 0.178238 0.5 
-0.00219023 0.0348305 0.0410082 0.139343 0 
0.00818206 0.0355366 0.0443043 0.642932 0.5 
0.014947 0.0361331 0.0431407 0.796588 0.5 
-0.0642564 0.0597236 0.0092932 0.716255 0.5 
-0.0584732 0.0343588 0.0331559 0.775713 0.5 
-0.0145859 0.0393004 0.0380317 0.483641 0.5 
-0.00937548 0.0394517 0.037871 0.328321 0.5 
-0.0588297 0.0579582 0.0145443 0 0 
-0.038732 0.0346956 0.0400227 0.628019 0.5 
-0.0331487 0.034492 0.0390527 0.154826 0.5 
-0.0201914 0.0391628 0.0381696 0.483919 0.5 
-0.00878985 0.0348233 0.0452949 0.139305 0.5 
-0.0031441 0.0351515 0.045825 0.295611 0.5 
-0.0701619 0.0622789 0.00863964 0.42197 0.408074 
-0.0451191 0.034688 0.0396457 0.766116 0.5 
-0.0256628 0.0389081 0.0373249 0 0 
-0.0146115 0.0348173 0.0458198 0.143796 0.5 
-0.0636462 0.0593677 0.014889 0.807508 0.5 
-0.0531671 0.0345191 0.0391729 0.74918 0.5 
-0.0595372 0.034497 0.0397515 0.783724 0.5 
-0.0329555 0.0349777 0.045552 0.474674 0.5 
-0.0262436 0.034809 0.0452831 0.162616 0.5 
-0.0215554 0.0348112 0.0459347 0.152356 0 
-0.0633407 0.0601272 0.0190813 0.939061 0.5 
-0.0471 0.0351015 0.0434178 0.627709 0.5 
-0.0120723 0.0353434 0.0494553 0.877126 0.5 
-0.016313 0.0351836 0.0504037 0.67915 0.5 
-0.0483699 0.146034 -0.00115148 0.583019 0.5 
-0.0264335 0.156562 -0.00835956 0.469485 0.437523 
-0.065003 0.144791 -0.0142909 0.400803 0.470167 
-0.066228 0.151547 -0.0394609 0.538048 0.5 
-0.0663323 0.145309 -0.018858 0.764025 0.5 
-0.0412403 0.152108 -0.00674014 0.633348 0.5 
