144.11
-243.65
-245.48
63.51
385.93
150.83
0.61
-57.40
-318.15
-274.79
171.59
434.17
-180.75
-148.39
171.59
41.52
-216.78
-172.20
90.99
282.12
51.91
-224.11
-13.43
-70.22
-155.72
25.65
40.30
169.76
81.83
-161.21
-134.34
36.64
65.34
39.69
-42.75
-68.39
15.88
130.07
84.27
-163.04
-77.55
208.23
73.28
-228.99
-81.22
52.52
-38.47
-63.51
-14.66
90.99
128.24
26.87
-37.25
-111.75
-58.01
22.59
-12.82
-0.61
86.10
-2.44
-123.35
-58.62
9.77
5.50
64.73
45.80
-19.54
-45.19
-64.73
-7.33
0.61
-5.50
62.90
36.64
-61.68
-78.77
15.27
-3.05
-18.32
38.47
50.68
-40.91
-14.66
14.66
-50.07
-4.27
29.92
40.30
-96.48
-25.04
80.00
-69.61
-138.01
53.74
6.72
-48.85
139.23
157.55
-54.35
-120.91
-39.69
0.00
5.50
-53.74
-37.86
122.74
61.68
-124.57
-205.79
-8.55
192.97
61.06
-81.22
-57.40
80.61
49.46
-108.70
-46.41
81.83
112.97
7.94
-111.14
-145.33
-32.36
89.15
37.86
-53.74
-14.66
1.83
-19.54
-47.63
-31.14
60.45
87.93
-6.11
-83.66
-45.80
34.20
53.13
42.75
40.30
-4.27
-73.89
-116.63
-72.06
9.16
69.00
3.05
-5.50
68.39
47.63
-61.06
-70.84
-26.87
81.22
58.01
-97.09
-76.94
4.27
17.10
-33.59
-40.30
90.99
109.31
-25.65
-101.37
-120.30
2.44
113.58
62.90
-18.93
-62.29
-15.27
77.55
-8.55
-45.19
-18.93
-47.02
21.98
30.53
-65.34
-84.88
26.87
54.35
-4.27
-6.72
-76.94
-65.34
37.86
29.92
6.11
-104.42
-33.59
295.55
98.93
-242.43
-28.70
144.72
-60.45
-70.22
-79.38
-182.58
103.20
247.31
31.75
-94.65
72.67
110.53
-146.56
-200.29
-172.81
185.64
262.58
-181.97
-247.31
83.05
218.00
-24.43
-134.95
6.11
47.63
-62.29
16.49
98.93
-77.55
-216.17
89.77
110.53
-32.98
-34.81
0.00
-42.13
-25.04
-52.52
36.03
157.55
93.43
-46.41
8.55
31.14
-111.75
-40.30
33.59
-56.18
-64.12
-10.38
-18.93
-7.33
56.18
62.29
-21.37
-49.46
-36.64
42.75
36.03
-135.56
-46.41
119.69
-12.82
-130.07
-60.45
-128.85
177.09
354.79
-172.81
-169.15
337.69
30.53
-441.50
-21.98
293.72
56.18
-367.61
-128.24
221.67
53.13
-247.31
-77.55
316.93
156.94
-188.69
-343.80
4.27
608.21
225.94
-697.36
-241.21
798.73
254.03
-652.78
-398.14
371.28
416.46
-209.45
-392.04
-41.52
108.70
54.96
-144.11
-72.67
200.29
221.06
-172.20
-275.40
-6.72
335.86
120.91
-116.63
-98.31
23.20
138.01
-116.63
-335.86
-6.11
206.40
104.42
-28.09
-452.49
125.18
552.03
45.19
-357.84
-46.41
134.95
-18.32
-197.24
-119.69
39.69
263.80
114.19
-321.81
21.37
213.73
-175.26
-222.89
41.52
98.93
188.08
-113.58
-117.86
125.18
72.67
-94.65
43.97
66.56
-64.73
-53.74
-150.83
-142.89
58.01
122.74
16.49
9.16
4.27
54.35
34.20
-71.45
3.66
38.47
-0.61
-95.87
-159.38
43.97
138.01
-11.60
-29.31
20.76
-20.15
-100.76
-156.33
14.66
284.56
127.02
-134.34
-76.33
49.46
51.91
-126.40
-195.41
10.99
162.43
27.48
-185.64
-161.21
137.40
198.46
7.33
-36.03
67.17
48.85
-75.11
-142.28
-26.26
80.00
33.59
-98.31
-114.80
-48.85
98.31
81.22
-20.15
-21.37
7.33
14.66
1.22
-31.75
-3.66
-2.44
12.21
10.99
-51.29
-95.87
-49.46
44.58
85.49
31.75
-21.98
-8.55
32.36
-42.75
-137.40
11.60
140.45
36.64
57.40
-67.17
-79.38
-43.97
-93.43
-48.85
142.28
-46.41
-128.85
211.90
141.67
-232.66
-101.98
111.14
-9.16
-45.19
29.92
-58.62
-16.49
96.48
35.42
-111.14
-22.59
57.40
-26.26
40.91
12.21
-101.98
-54.35
54.35
-28.70
-145.95
-32.36
211.28
192.97
-86.10
-206.40
26.87
55.57
-229.60
192.97
367.61
-212.51
-72.67
159.99
-235.10
-214.95
164.26
6.72
-127.02
150.22
39.69
-146.56
124.57
75.72
-202.74
-9.77
58.01
-155.72
-0.61
162.43
-7.94
-82.44
45.19
-56.79
53.74
178.31
-7.33
-51.29
-57.40
-212.51
-154.49
10.38
134.95
147.17
105.03
-18.93
-100.15
-25.65
23.20
4.89
28.09
-1.83
-49.46
-81.83
-50.68
-14.04
25.65
56.18
4.27
-58.01
-10.99
12.21
-9.16
-40.91
7.33
24.43
1.22
15.88
18.93
-24.43
-393.26
1.22
650.34
169.15
-500.73
-252.81
464.70
186.86
-406.08
-127.63
423.79
-93.43
-613.09
-205.79
445.77
357.84
-254.03
-324.26
254.03
355.40
-277.85
-346.85
164.88
178.92
241.21
25.65
-288.84
-61.68
299.83
-25.04
-458.60
-71.45
393.87
-56.79
-271.74
14.04
233.27
101.98
-111.75
-31.75
-33.59
-264.41
-34.81
481.80
10.99
-443.33
-81.22
490.35
-15.88
-246.09
93.43
94.65
-230.21
-147.17
124.57
130.68
-37.25
-26.87
-43.97
114.80
-7.33
-170.37
-115.41
44.58
87.93
193.58
-14.66
-115.41
51.91
-8.55
-172.81
-128.85
96.48
136.17
-25.04
-120.91
53.74
-15.27
0.00
139.23
-4.89
-54.96
53.13
-10.38
-183.19
-117.24
23.20
48.85
15.88
17.10
34.20
-24.43
-14.04
83.05
13.43
-99.54
-68.39
54.96
47.02
-26.26
-62.90
-1.22
37.25
-66.56
-130.68
-15.88
172.20
137.40
-96.48
-120.91
46.41
87.93
-49.46
-86.10
-11.60
100.76
42.75
-139.23
-159.38
54.35
163.65
34.81
-75.11
-18.93
37.86
-38.47
-67.78
-55.57
4.27
93.43
47.63
-31.75
-74.50
-54.96
18.32
11.60
-27.48
31.75
21.98
-37.86
-14.66
-7.94
3.05
40.30
-1.83
-63.51
-38.47
51.29
23.20
-36.64
27.48
43.97
-0.61
-43.97
-58.01
18.32
31.75
-45.19
-75.11
-34.81
40.91
51.91
-21.98
-58.01
4.89
27.48
-3.66
1.22
-56.18
12.21
15.27
-55.57
3.66
-12.21
0.61
57.40
6.72
-25.65
29.92
20.15
-45.80
-20.76
6.11
1.83
-25.04
-10.38
-12.21
6.72
36.03
-9.16
-77.55
-14.04
53.74
-21.98
-50.07
-6.72
0.61
13.43
-1.22
-40.30
3.66
29.92
-9.77
-25.65
-43.36
30.53
83.05
-20.15
-64.12
-53.13
-1.22
77.55
54.35
-15.27
-75.11
-12.82
42.13
-36.03
-105.64
28.70
134.95
-13.43
-92.82
-3.05
67.17
4.27
-82.44
-36.03
-43.97
-49.46
34.20
86.10
43.36
-18.93
-18.93
22.59
32.98
-10.99
-48.85
-54.35
3.66
-92.82
-260.75
261.36
337.08
-181.97
-84.88
126.40
-81.22
-125.79
64.12
-17.10
-33.59
6.72
-41.52
16.49
49.46
-35.42
-29.92
20.15
-4.27
-6.11
28.70
7.94
-32.98
-81.83
-40.91
111.75
138.01
-17.10
-123.96
-92.21
-45.19
-17.10
40.91
85.49
28.09
-1.22
-36.03
-34.20
28.09
53.74
8.55
-87.93
-87.32
-18.93
-18.32
25.04
67.17
-10.99
-54.35
12.21
19.54
-62.90
7.94
100.76
23.82
-68.39
-109.92
-32.36
31.14
10.38
43.97
96.48
14.66
-291.89
21.98
340.13
-10.99
-57.40
96.48
-105.03
-355.40
-38.47
200.90
-20.15
-243.04
-50.07
325.48
214.34
-111.75
-101.98
29.92
-171.59
-46.41
292.50
-101.37
-147.17
92.21
81.22
-136.79
-122.74
90.99
128.24
-141.06
-108.09
131.90
-12.21
-192.97
138.01
227.77
-112.36
-164.26
-29.92
29.31
218.00
8.55
-437.84
-39.08
603.93
74.50
-325.48
123.35
-15.27
-181.97
-92.82
18.93
100.15
-122.74
-203.35
27.48
156.33
144.11
90.38
-181.36
-154.49
28.70
100.15
80.61
15.88
-252.20
-143.50
296.17
111.14
-204.57
116.02
147.17
-354.18
-148.39
197.24
65.34
-44.58
118.47
-55.57
-64.12
138.01
-52.52
-54.35
-20.76
-38.47
-19.54
66.56
-54.96
-22.59
117.24
-64.73
-159.99
39.69
156.94
-74.50
-174.04
58.01
71.45
43.36
73.28
-82.44
-189.91
-36.64
65.34
-63.51
-213.73
112.36
373.72
96.48
-211.90
-135.56
161.21
143.50
-127.63
-224.11
-15.88
183.19
15.27
-92.82
14.04
120.91
97.09
-85.49
-239.37
-115.41
150.83
153.27
-160.60
-252.20
148.39
399.36
-62.29
-381.66
-96.48
127.63
92.82
-293.72
-3.66
345.02
45.19
-95.87
-46.41
-89.15
92.82
208.23
-43.36
-188.69
-82.44
51.29
85.49
-90.38
-109.31
112.36
265.02
68.39
-186.25
-249.15
-137.40
-32.36
153.88
90.99
-92.21
190.52
147.78
-280.90
-172.20
52.52
26.26
196.63
47.63
-300.44
-75.72
154.49
-28.70
-2.44
98.93
-10.99
-75.72
-69.61
135.56
-15.27
-123.96
134.34
-31.14
-145.33
174.04
46.41
-188.69
48.85
-4.27
-172.20
29.31
24.43
-90.99