-76.33
-23.82
-287.01
112.97
390.21
-246.70
128.85
480.58
-328.53
-598.44
149.61
281.51
-84.27
-221.06
53.74
131.29
-69.00
-286.39
10.38
256.47
96.48
-7.33
4.27
-4.89
79.38
-191.13
-242.43
214.34
299.83
-65.95
-152.66
-28.09
-73.89
-112.36
32.98
17.10
20.15
261.97
3.05
-328.53
-47.02
245.48
75.72
-143.50
-232.66
-37.25
259.53
-84.88
-181.36
218.00
283.95
-59.23
-194.80
-133.73
-117.24
-9.77
241.82
-21.98
-31.75
-27.48
-124.57
33.59
105.03
-130.68
-4.27
177.09
-105.64
-138.01
9.77
71.45
29.31
27.48
-1.83
-9.16
71.45
-40.30
-137.40
-23.20
72.67
56.18
-15.88
-10.99
-15.27
-53.13
-2.44
-20.15
-53.74
3.66
42.75
-20.76
-45.80
35.42
67.17
-7.94
-39.69
-80.00
-47.02
9.16
-39.08
-13.43
69.61
74.50
18.32
-37.25
-32.98
25.65
17.71
-35.42
10.38
4.27
-71.45
-106.25
-80.00
107.47
108.70
28.09
-3.66
-22.59
-19.54
-108.09
-180.75
80.61
283.95
89.15
-178.31
-147.17
48.24
63.51
-41.52
-18.32
0.61
-33.59
-31.75
-17.71
-7.33
-17.10
62.29
74.50
-35.42
-65.95
-1.22
17.10
-17.71
-8.55
22.59
61.68
61.06
-84.27
-191.13
-61.06
105.64
29.31
-36.64
45.80
34.20
-39.08
-32.36
-31.75
-11.60
79.38
-0.61
-188.08
34.20
193.58
-80.00
-98.31
105.64
54.35
-34.81
4.27
-62.29
-67.78
-109.31
-47.02
112.36
160.60
1.83
-82.44
-3.66
4.89
-49.46
60.45
-95.87
-263.19
176.48
233.88
-109.31
43.36
134.34
-158.77
-193.58
-67.17
208.84
86.71
-179.53
117.86
89.77
-149.00
-48.85
4.27
-1.83
115.41
-225.94
-70.84
252.81
-48.24
-192.35
39.08
47.02
80.61
128.24
-87.32
-96.48
-74.50
-182.58
14.66
235.71
115.41
34.81
31.75
-125.18
-141.06
-40.30
-39.08
47.02
141.06
16.49
-119.08
-98.31
36.03
107.47
49.46
-67.17
-70.22
-49.46
-24.43
-14.04
0.61
51.91
153.27
89.77
-113.58
-133.12
-144.72
-128.24
314.48
279.68
-147.78
-166.71
42.13
-95.26
-163.65
85.49
123.96
14.66
-60.45
-83.05
-9.77
-116.63
-83.66
161.21
299.22
19.54
-178.92
-153.88
-38.47
-41.52
-61.06
204.57
273.57
-61.06
-196.63
-45.19
-103.20
-62.90
303.49
-73.28
-205.18
179.53
264.41
-234.49
-368.22
93.43
241.21
28.09
0.61
83.66
-298.00
-507.45
100.15
523.33
242.43
-228.38
-388.98
-18.93
180.75
62.29
-87.93
-26.26
319.37
179.53
-141.06
-288.84
40.30
219.22
-232.66
-208.23
388.37
37.86
-431.73
-89.15
221.67
5.50
-63.51
72.67
54.35
-74.50
3.66
83.05
89.15
-109.31
-4.27
83.66
-109.31
-237.54
-5.50
77.55
83.05
-59.23
-3.05
101.98
-127.63
-153.88
101.37
50.07
1.22
156.94
9.77
-164.26
-254.03
103.20
272.96
81.22
-20.15
-87.93
-158.77
-157.55
-18.32
52.52
145.33
22.59
32.36
90.99
-106.86
-255.25
-42.75
207.62
170.98
-36.64
-232.66
-117.24
30.53
97.70
50.68
-177.70
129.46
345.63
-254.64
-439.06
33.59
258.30
64.73
-63.51
-62.90
114.80
134.95
-100.15
-141.67
18.32
139.84
59.23
-109.31
-232.66
-99.54
191.74
136.17
-103.81
-73.89
125.18
108.70
-90.38
-150.22
15.88
64.12
-141.67
-133.12
65.95
108.09
25.04
-58.62
-6.72
82.44
-11.60
-87.32
36.64
76.94
15.88
-73.89
-77.55
19.54
43.97
-66.56
-41.52
80.00
76.94
-106.86
-131.29
52.52
100.76
-31.14
-54.96
79.38
110.53
-1.83
-329.75
36.64
267.46
-141.06
-98.93
131.29
-73.28
-120.30
-54.96
111.14
233.27
-63.51
-122.74
42.75
-53.74
-149.61
3.05
48.24
-68.39
-87.93
213.12
193.58
-211.28
-116.63
136.17
-69.00
116.02
204.57
-240.60
-84.88
78.16
-379.82
-100.15
468.98
159.38
-95.87
47.02
-147.17
-205.18
65.95
50.68
9.16
-35.42
81.22
120.91
-207.01
-108.09
108.70
-33.59
33.59
86.10
-184.42
-100.76
118.47
-0.61
-13.43
133.12
-7.94
-32.98
103.20
-37.86
-163.65
-133.73
15.88
73.89
-39.08
-103.81
25.65
238.15
157.55
-93.43
-417.07
-38.47
516.00
191.74
-292.50
-21.98
130.07
-348.68
-280.90
169.15
344.41
83.05
-392.65
-60.45
362.12
-18.32
-319.98
97.09
145.33
9.77
-12.21
-85.49
-323.64
-81.22
211.28
91.60
-32.98
75.72
199.07
-167.32
-385.32
62.29
283.34
-43.36
-123.35
161.82
149.61
-156.33
-75.11
175.26
141.67
-172.81
-32.98
86.71
-260.75
-309.60
291.89
479.97
-224.11
-436.00
15.27
84.88
-69.61
-11.60
249.76
244.87
-136.17
-303.49
14.04
185.03
-31.75
-173.42
71.45
88.54
-374.94
81.83
319.37
12.82
-89.77
56.18
43.36
-176.48
-141.67
191.13
67.78
-199.07
-54.35
139.23
81.22
40.91
32.36
-116.02
-130.68
-34.81
-39.08
64.73
15.88
65.95
97.09
-137.40
-104.42
7.94
-15.27
9.16
81.22
-17.10
-22.59
-165.49
99.54
281.51
-15.88
-94.65
-22.59
-183.19
-209.45
109.31
114.19
-21.37
-5.50
70.84
2.44
-58.01
-48.85
42.13
87.93
37.86
3.05
-86.10
-159.38
-58.01
22.59
43.36
-1.83
2.44
51.91
-25.04
-49.46
-36.03
41.52
110.53
58.01
-47.02
-62.90
-4.27
16.49
-25.65
-51.91
-58.62
-1.22
20.15
-68.39
-36.64
30.53
83.05
65.34
-9.77
-71.45
28.09
112.36
-73.28
-158.77
42.13
49.46
-42.75
-40.30
-6.11
0.61
-27.48
-23.20
32.98
84.27
-31.75
-121.52
76.33
140.45
-101.98
-148.39
10.38
54.35
-37.25
-188.08
117.86
235.71
-10.99
-216.17
-48.24
142.28
-53.74
-139.23
73.89
162.43
79.38
-121.52
-95.87
30.53
29.92
-58.62
-3.66
28.70
-35.42
-15.88
13.43
-38.47
20.15
70.84
9.16
-42.13
-51.91
-62.90
-26.26
-10.99
-14.04
36.03
46.41
-5.50
-25.65
-20.76
-37.86
-12.82
36.64
37.25
-12.82
-6.11
43.97
1.22
-39.08
-26.26
-20.15
0.61
13.43
-59.84
-25.04
86.10
-48.85
-23.20
152.66
-44.58
-94.65
-6.11
-126.40
-21.98
180.14
-10.99
-346.85
185.03
376.77
-235.10
-174.04
134.34
-37.86
-23.82
98.31
-287.62
20.76
315.10
-129.46
-147.17
310.21
12.21
-250.37
14.04
-9.16
-17.71
-104.42
172.81
200.90
-238.76
-163.65
123.35
1.83
-31.14
66.56
-99.54
-61.68
42.75
-115.41
-9.77
214.34
96.48
-19.54
-22.59
-104.42
-136.79
-37.86
72.06
39.69
4.89
45.19
19.54
27.48
12.21
-45.80
-12.21
-28.09
-80.61
-54.35
-67.17
-97.70
60.45
164.26
43.97
58.62
-152.66
-174.04
318.76
47.02
-349.29
308.99
399.98
-390.82
-316.32
301.05
69.61
-274.18
69.00
-163.04
-205.18
178.31
63.51
-90.99
-163.04
44.58
226.55
192.35
-202.74
-34.20
117.86
-72.06
72.06
54.35
9.77
169.15
-61.06
-585.61
-249.15
568.51
459.82
-405.47
-515.39
271.74
435.39
-137.40
-252.20
126.40
3.05
-396.92
52.52
145.95
-2.44
75.11
-72.06
136.79
147.17
-90.99
-131.29
-37.25
-67.78
29.92
84.88
64.73
-33.59
18.32
-21.37
-72.67
-26.26
55.57
64.12
-87.93
-157.55
-5.50
62.29
26.26
-87.93
5.50
183.81
48.24
-76.94
-122.74
-101.37
34.81
110.53
67.78
-36.03
-50.68
-7.33
-105.03
-117.24
65.34
122.74
3.66
-65.34
-66.56
-43.97
32.98
78.16
-1.83
10.99
81.22
-25.04
-163.65
-112.36
104.42
181.36
15.88
-93.43
-36.64
-7.33
-95.26
-45.80
123.96
150.22
-28.09
-218.61
-152.05
19.54
78.77
59.84
1.83
20.15
-3.66
-48.24
-58.01
-28.70
98.93
134.34
50.68
-73.89
-165.49
-108.70
26.87
41.52
-12.21
9.77
6.72
-19.54
1.83
0.61
43.97
48.85
3.05
-43.36
-59.23
-55.57
-26.26
-12.82
21.37
6.72
-3.66
-16.49
-17.10
-28.70
34.20
61.06
18.93
1.22
-15.88
-15.27
-37.86
-59.84
15.88
35.42
-12.21
-27.48
-44.58
-29.92
-5.50
14.66
40.91
26.87
-1.22
-3.05
16.49
-26.26
17.10
-9.16
-40.91
-12.21
-32.36
-36.64
12.21
-52.52
-70.22
33.59
106.25
15.27
-50.68
-30.53
-2.44
17.10
62.90
-23.82
-91.60
-28.09
26.87
39.69
29.92
-79.38
-45.80
79.38
-6.72
-174.65
2.44
265.02
76.33
-407.91
-32.98
467.76
39.08
-272.96
-12.82
15.88
-28.70
52.52
-98.93
-185.03
19.54
350.51
-78.77
-262.58
84.88
165.49
-32.36
-62.29
-162.43
-99.54
299.83
221.67
-222.89
-172.20
32.36
15.88
21.98
5.50
-87.93
22.59
56.79
-145.33
-192.35
23.82