-39.08
21.98
41.52
17.10
-58.62
30.53
80.00
-86.71
183.19
12.21
-298.61
-87.93
131.29
-18.32
-10.38
137.40
-25.65
-94.65
23.82
-8.55
-76.94
63.51
65.34
-37.25
15.88
50.68
-29.31
-34.20
10.38
21.37
-67.78
0.00
70.22
-0.61
50.07
29.92
9.77
-6.72
-25.04
-48.85
17.71
3.05
-61.06
0.00
18.93
3.66
-39.69
-23.20
2.44
2.44
-6.72
-24.43
53.13
27.48
-26.26
4.89
8.55
-1.83
143.50
105.64
-3.05
-173.42
-123.35
40.91
-117.86
-29.31
155.11
-76.94
98.31
223.50
-194.19
0.61
185.64
-185.64
-123.35
171.59
-73.28
-180.75
113.58
90.99
-68.39
-67.78
82.44
85.49
-52.52
-119.08
23.82
134.95
-8.55
-75.72
86.71
23.20
17.71
28.70
-99.54
-202.74
137.40
172.20
-139.84
-29.31
76.94
-53.13
-176.48
59.84
241.82
-213.73
-51.91
243.65
-14.04
-122.13
51.29
83.66
-53.13
-18.93
70.84
-45.19
-102.59
61.68
9.77
-85.49
24.43
79.38
93.43
-26.87
-112.36
-34.81
-9.16
3.05
44.58
42.75
18.32
31.14
-123.35
-73.89
112.36
-66.56
-160.60
122.13
142.89
-76.94
-54.96
109.92
9.16
-77.55
94.04
61.68
-109.92
-87.32
69.61
53.13
-23.20
-70.84
-43.36
132.51
-73.89
-79.38
208.84
-188.69
-181.97
346.85
201.51
-88.54
21.98
-62.29
-268.08
-51.29
134.34
-99.54
-343.19
92.21
269.30
31.75
95.87
67.78
-94.04
79.38
205.79
-61.68
-318.76
-87.93
75.11
58.62
114.19
-137.40
-265.63
188.69
211.28
-40.30
123.96
-160.60
-100.15
196.02
86.71
-177.09
-147.17
115.41
68.39
-202.74
61.68
174.04
-168.54
-120.30
176.48
79.38
-203.96
154.49
210.67
-396.92
197.24
156.33
-234.49
-13.43
222.28
49.46
-126.40
-39.08
-125.79
-53.13
-20.15
92.21
18.93
87.93
172.81
-193.58
-95.26
185.03
-90.38
-114.19
98.93
54.96
-187.47
-14.66
149.61
-85.49
-72.06
141.06
152.66
46.41
-30.53
-119.08
-96.48
-2.44
-98.31
-92.21
125.18
128.24
-24.43
16.49
10.38
-31.75
-3.66
42.75
88.54
-209.45
-142.28
191.74
-11.60
-56.18
105.03
48.24
18.32
-10.38
-69.61
-17.71
31.14
131.90
-4.27
-124.57
-30.53
58.01
-23.82
-54.96
-47.02
-6.72
69.00
28.09
18.93
-36.64
5.50
36.03
-36.03
-22.59
-15.88
-53.13
-28.70
10.99
0.00
38.47
75.11
29.92
-32.36
17.10
31.75
-23.20
-46.41
24.43
4.89
-20.15
-6.72
19.54
-9.16
1.83
65.95
-16.49
-40.30
38.47
18.32
-105.03
-45.19
-9.77
10.38
26.87
-9.16
4.89
95.87
65.95
-48.24
-109.92
-42.75
-45.19
-4.89
56.79
31.75
29.31
67.17
7.33
-80.61
6.72
42.75
-69.61
0.00
87.93
-26.26
-47.02
81.22
17.10
-95.26
-67.78
40.30
8.55
-59.23
84.27
82.44
-65.95
-39.08
53.13
-8.55
-79.38
-15.27
56.79
-21.98
-5.50
39.08
-12.21
-4.27
26.87
0.00
-4.27
-32.98
-50.07
67.78
148.39
-63.51
-121.52
92.21
38.47
18.32
-43.97
-120.30
28.70
129.46
-65.34
-73.89
130.07
-29.31
-153.88
93.43
20.76
-81.22
113.58
113.58
-132.51
-69.00
70.84
-88.54
-90.99
42.13
59.84
-0.61
21.37
36.03
14.04
22.59
-20.76
-9.16
-29.92
3.05
58.62
-12.21
-40.30
82.44
92.82
-72.67
-81.83
23.20
-12.21
-88.54
91.60
26.26
-98.31
42.75
125.79
-65.95
-128.24
50.07
38.47
-54.96
-50.07
57.40
11.60
-48.85
24.43
62.29
10.99
-10.99
16.49
10.99
-10.38
-32.36
23.82
28.09
-21.37
-17.71
21.37
11.60
-15.88
37.25
-36.03
-25.04
20.15
-11.60
-7.94
1.22
14.04
-10.38
51.29
26.87
-11.60
-83.05
-208.23
-29.31
205.79
-43.36
-106.86
180.14
59.23
-33.59
53.74
-114.80
-36.03
151.44
-34.20
-324.87
220.44
175.87
-11.60
-172.81
-0.61
159.99
-85.49
172.81
-17.71
-111.75
-1.22
56.18
25.04
-98.31
-130.07
-106.25
189.30
-72.67
61.06
119.69
-211.28
-39.08
283.95
139.84
-260.14
-144.11
-18.32
-77.55
-67.78
70.22
222.28
-219.83
283.95
271.13
-128.24
99.54
-33.59
-215.56
-54.96
-17.71
-287.62
112.97
149.61
-18.32
99.54
106.86
25.65
-128.85
-60.45
203.35
-158.16
-440.28
104.42
376.16
-146.56
35.42
257.69
-110.53
-67.78
33.59
-98.31
-65.34
12.82
93.43
35.42
-137.40
162.43
83.66
-109.31
69.00
51.91
-149.00
-91.60
-33.59
13.43
166.10
-57.40
-119.08
86.10
15.27
-18.93
4.27
-65.34
47.63
-15.88
-45.80
97.09
95.26
-0.61
-67.17
83.05
28.70
-130.07
-90.38
56.79
59.84
-112.36
-1.83
169.15
35.42
-163.65
26.87
165.49
-18.93
-133.12
16.49
37.86
-153.88
-95.26
81.22
43.36
-20.15
30.53
72.67
163.65
-112.36
-177.09
218.00
-6.11
-150.83
100.76
18.32
-90.99
74.50
-182.58
11.60
269.91
-275.40
-122.13
379.21
-138.62
-233.88
227.16
194.80
-186.86
-271.13
256.47
13.43
-243.04
166.10
188.69
-111.75
-141.67
84.27
96.48
-144.11
-47.63
111.14
128.24
125.18
-45.19
-61.68
102.59
-70.84
-67.78
-43.97
-88.54
-48.24
57.40
155.11
-14.66
-57.40
-84.27
-39.69
15.27
-7.33
-68.39
59.23
179.53
-25.65
-265.02
-21.98
263.19
53.13
-73.89
23.82
-25.65
-62.90
9.77
121.52
-25.65
-16.49
-15.27
-59.84
18.32
94.04
26.26
-51.91
-24.43
14.04
-12.82
-84.27
21.37
-1.83
-65.95
109.92
32.98
-59.84
42.13
161.82
-23.20
-167.93
-72.06
-37.86
-67.78
-17.71
89.77
114.19
15.88
-50.68
-4.27
13.43
-41.52
-20.76
29.31
58.62
10.38
-119.69
-7.94
169.76
92.21
-28.09
-7.33
-14.04
-13.43
-27.48
-98.31
-145.95
-36.03
101.37
93.43
123.96
58.62
-129.46
-159.38
141.06
-9.16
181.36
-173.42
-497.68
106.86
243.04
220.44
-254.64
-94.04
285.78
20.76
-353.57
63.51
224.72
-117.86
-34.20
539.20
90.38
-457.99
-54.96
144.72
-108.09
-28.09
-190.52
9.16
412.19
-138.62
-247.92
502.56
222.89
-657.06
-250.37
445.16
123.35
-654.01
-104.42
522.72
22.59
-141.67
50.07
186.86
-147.17
-230.83
329.14
149.61
-494.02
-43.36
619.81
-83.66
-313.26
234.49
121.52
-219.22
-197.85
268.08
0.61
-284.56
-15.27
234.49
200.29
-105.64
-102.59
-29.92
-54.35
-159.38
12.82
196.02
97.70
-296.78
-72.06
407.30
17.71
-285.78
105.03
120.30
-120.30
-29.92
-35.42
34.81
-2.44
-56.18
238.76
23.82
-112.97
40.30
31.75
-49.46
-151.44
-127.63
203.35
9.77
-225.33
186.25
202.74
-204.57
-79.38
168.54
-49.46
-214.34
81.22
83.66
4.89
14.66
103.81
83.05
-145.33
-118.47
15.88
50.68
-34.81
-23.82
-25.04
-35.42
7.33
158.16
123.35
-12.82
-83.66
-37.25
153.88
-139.84
-110.53
44.58
-18.93
-59.84
-12.21
68.39
145.33
108.09
-144.11
-14.66
-61.06
-67.78
59.23
27.48
-78.16
53.74
114.80
-42.75
-76.94
-3.05
-65.34
-76.33
194.19
-32.36
-225.94
303.49
42.13
-115.41
241.82
-184.42
-233.27
214.95
-84.27
-216.17
125.79
200.29
-149.61
-112.97
230.83
149.61
-134.34
-91.60
57.40
-120.30
-16.49
130.07
-17.10
-84.27
61.68
134.95
-19.54
-109.92
-19.54
30.53
-3.66
4.89
11.60
15.88
-1.22
-45.80
-11.60
-48.24
60.45
61.68
-48.85
22.59
-15.27
-139.84
-139.84
133.12
36.03
-131.29
139.23
310.82
-93.43
-195.41
61.68
37.25
-127.63
56.18
-27.48
-45.19
225.33
-33.59
-177.70
191.74
159.99
-300.44
-180.14
447.00
-43.97
-336.47
56.79
40.30
-228.99
114.19
278.46
-116.02
-154.49
-24.43
241.21
169.76
-531.27
-138.62
596.60
-31.75
-244.26
-132.51
277.85
-11.60
-425.01
398.14
161.21
-346.24
158.77
133.73
29.31
168.54
-76.33
-276.01
138.62
-122.74
-25.65
178.31
-307.16
-164.88
89.77
207.01
86.71
-74.50
29.31
14.66
-183.81
-218.61
48.24
137.40
79.38
9.77
51.91
20.15
-70.22
-54.35
74.50
40.30
-41.52
83.66
-56.18
109.31
208.23
79.38
-221.67
-243.04
21.98
-48.24
-77.55
5.50
-68.39
106.86
205.18
39.69
-97.09
-12.21
31.75
-8.55
-75.11
-86.71
44.58
23.82
-50.68
125.18
25.04
-90.38
12.21
128.85
-68.39
-144.11
54.35
-25.65
-9.16
127.63
161.82
-24.43
-203.96
-22.59
250.98
-38.47
-303.49
17.10
194.19
-155.11
-199.68
191.13
210.67
-135.56
20.76
200.29
-125.18
-57.40
59.84
-124.57
-108.70
9.16
15.88
70.84