-62.90
-122.74
-250.98
243.65
45.19
-146.56
-173.42
-59.23
222.28
-15.27
-75.11
125.18
136.17
-28.70
-117.86
-57.40
-9.77
39.08
23.20
-15.27
-42.75
-19.54
21.98
-18.93
-95.26
44.58
142.28
60.45
-131.90
-197.85
32.98
141.67
-4.27
-118.47
-72.06
89.15
108.09
-75.72
-101.98
-25.04
67.17
147.78
45.19
-112.36
-122.13
-5.50
119.08
-18.93
-126.40
-100.76
67.78
130.07
-34.81
-164.88
-58.62
175.87
163.04
-97.09
-130.07
32.98
89.77
42.13
20.76
-174.65
18.32
77.55
-73.28
-4.89
-112.36
-238.15
436.61
54.35
-174.65
263.19
196.63
-294.94
-376.77
0.61
-7.94
-170.98
189.91
460.43
-175.26
-555.08
205.79
411.58
-269.30
-110.53
332.19
-128.85
-188.69
-100.76
-65.34
283.34
264.41
-133.12
-65.34
111.75
-84.88
-242.43
-71.45
178.92
207.62
-29.31
-126.40
-34.81
-25.65
-40.91
166.10
-56.18
-277.85
43.36
162.43
-93.43
-189.91
75.72
223.50
76.94
-80.00
-136.79
-67.17
-144.11
201.51
239.99
-183.81
-69.00
85.49
81.22
186.25
-116.63
-375.55
-147.17
85.49
257.69
100.76
-188.69
6.72
256.47
-387.76
-152.05
511.11
-108.70
-510.50
142.28
287.01
-169.76
-183.19
100.76
323.64
399.36
-253.42
-566.68
-131.90
457.99
229.60
-511.72
-145.33
628.97
152.05
-439.67
-86.71
155.11
156.33
-289.45
-292.50
163.65
73.28
-106.86
-126.40
180.14
311.43
-17.10
-112.36
-58.01
-45.80
-77.55
-17.71
59.23
105.64
12.21
-114.80
-39.08
-14.04
-10.38
76.94
11.60
-60.45
-119.69
-61.68
56.79
53.74
79.38
75.72
34.81
-43.97
-83.66
-148.39
-107.47
170.37
159.99
-122.74
-125.18
111.75
161.82
-183.19
-512.95
296.78
685.15
-20.76
-462.26
-88.54
214.95
48.24
-222.89
-301.05
51.91
389.59
-37.86
-414.02
-69.00
274.18
208.23
-21.37
-91.60
15.27
44.58
-4.89
-54.35
-228.38
-85.49
211.28
109.31
-53.13
-84.27
14.04
18.32
-108.70
-38.47
158.16
130.07
-73.89
-117.24
-115.41
-60.45
80.00
84.27
74.50
11.60
-112.97
-150.83
-103.81
86.10
225.33
134.95
-45.80
-151.44
-131.90
-35.42
18.93
103.81
202.13
42.75
-222.89
-224.11
-16.49
108.09
113.58
15.27
-14.66
-20.15
-70.84
-50.68
-47.63
-26.26
62.90
106.25
21.37
-62.29
-31.14
13.43
40.30
12.21
-44.58
-62.29
-43.36
-6.11
-30.53
-37.86
36.64
67.78
10.99
15.88
13.43
-23.82
-34.20
-4.89
3.66
-71.45
-93.43
-4.27
98.93
26.87
-4.89
7.94
14.04
25.65
-8.55
-42.13
-34.81
3.66
26.87
-14.66
-31.75
-51.29
84.88
3.05
-105.03
9.77
72.67
-56.18
-97.70
-1.22
101.98
-45.19
-15.88
64.12
-40.30
-15.88
-1.83
-88.54
-21.37
-24.43
-161.82
216.78
397.53
-112.36
-200.90
88.54
-58.01
-149.00
45.80
54.96
-98.93
-156.94
0.61
185.03
45.80
-186.86
-102.59
219.22
136.17
-200.90
-43.36
161.21
29.31
-206.40
-155.11
106.86
169.15
69.00
-28.70
-87.93
-111.75
-45.80
146.56
56.18
-84.88
-42.75
166.10
-18.32
-250.98
45.19
185.03
-101.37
-78.77
-92.21
-12.21
225.33
-25.65
-56.79
168.54
-40.91
-194.80
-10.99
20.15
-169.76
-81.22
32.98
321.81
111.75
-306.55
35.42
206.40
-73.28
-134.34
49.46
25.04
-130.07
-114.19
-29.92
162.43
187.47
-26.87
-72.06
16.49
-73.89
-95.26
16.49
76.94
109.92
-68.39
-176.48
-14.66
154.49
85.49
-5.50
-139.84
-79.38
-64.12
15.88
-14.04
-53.13
172.20
178.92
-120.30
-305.94
59.23
382.88
-46.41
-302.27
86.10
127.02
-182.58
-73.89
108.70
-114.80
-207.62
158.16
418.30
-252.20
-324.87
100.15
247.31
23.82
-167.32
-31.14
282.73
-53.13
-126.40
-112.36
53.13
276.01
262.58
-472.64
-450.66
193.58
225.94
-98.31
-58.62
-68.39
45.80
254.03
-46.41
-135.56
-32.98
9.77
179.53
41.52
-335.25
-188.08
141.67
162.43
124.57
-56.18
-58.01
107.47
-31.14
-177.70
-174.04
-487.91
634.47
584.39
-338.30
-380.43
45.80
406.69
11.60
-512.95
-147.78
149.00
374.33
13.43
-471.42
-99.54
553.86
298.00
-321.81
-308.38
100.15
135.56
-69.61
-318.76
-75.72
161.21
227.16
189.30
-262.58
-305.94
175.87
253.42
-27.48
-145.95
-81.22
12.82
-80.61
-18.93
-5.50
87.93
275.40
139.84
-285.17
-360.89
70.22
257.08
-28.09
-131.29
62.90
119.08
-99.54
-147.17
-7.33
186.86
148.39
-167.93
-241.21
-70.84
74.50
69.00
-23.82
8.55
-4.27
56.18
36.64
-40.30
-31.14
-1.22
-24.43
-97.09
-88.54
96.48
198.46
36.64
-97.70
-34.20
26.26
-55.57
-70.22
12.82
80.61
20.15
-58.01
-54.35
-47.63
-12.21
62.29
32.98
13.43
-22.59
-52.52
-32.98
-32.98
-60.45
14.04
23.82
7.94
24.43
0.61
-10.99
-7.33
-57.40
-68.39
15.27
33.59
48.85
89.15
-2.44
-61.68
-9.77
-9.77
4.89
87.32
4.27
-163.04
-125.79
53.13
138.62
119.08
-100.76
-127.63
84.27
103.20
-101.98
-186.86
-106.86
112.97
54.96
170.37
-10.99
-224.11
32.98
73.89
-106.86
17.10
-40.91
-44.58
-254.64
-6.72
517.83
66.56
-213.73
-64.73
100.15
81.83
-265.63
-64.73
134.34
119.08
10.99
-68.39
-194.19
-16.49
309.60
176.48
-243.65
-180.14
-19.54
-71.45
-109.31
79.38
121.52
139.23
94.65
-175.26
-333.41
-52.52
378.60
190.52
-150.83
-343.19
171.59
246.70
-322.42
-130.07
358.45
117.86
-138.01
-222.28
-205.79
213.12
239.99
78.16
1.22
-31.14
8.55
-208.23
-170.37
-75.72
45.80
-69.61
367.61
269.30
-524.55
-238.15
315.10
55.57
-29.31
4.89
-152.66
-97.70
70.22
-42.13
-49.46
196.02
246.09
42.13
-192.35
-191.74
-36.64
89.77
84.88
26.26
-65.95
-9.77
-54.35
-56.18
89.15
99.54
38.47
-91.60
-266.24
-62.29
117.24
24.43
-46.41
-47.02
41.52
69.61
-23.82
-235.71
-117.24
735.22
212.51
-696.14
-35.42
382.27
-108.70
-275.40
40.30
112.97
1.83
-233.27
-32.36
36.03
87.32
129.46
43.97
-181.97
-126.40
324.87
15.27
-205.18
-222.89
15.88
396.92
44.58
-212.51
84.88
142.89
-144.72
-174.65
-70.22
-92.21
163.65
-73.89
-223.50
229.60
130.07
-233.88
22.59
211.90
-59.84
-166.10
-1.22
86.71
-62.90
-72.67
41.52
17.71
87.32
132.51
-32.36
-59.23
26.87
2.44
-46.41
-81.22
-50.07
55.57
67.17
4.89
-70.22
-130.68
-65.34
-29.92
81.22
75.11
54.35
-3.66
-72.67
52.52
-14.04
-203.35
-67.17
188.69
67.78
-119.69
1.22
43.36
13.43
3.66
-45.80
43.36
70.84
-235.71
65.95
173.42
-228.99
-2.44
242.43
-65.95
-197.24
-60.45
-7.33
-61.68
97.09
103.81
-11.60
47.02
-162.43
-125.79
39.08
178.92
34.81
-51.91
80.00
43.97
-338.91
-298.61
224.72
410.36
32.98
-209.45
-90.38
67.78
18.93
-105.64
-77.55
81.83
163.04
-16.49
-158.16
-54.96
136.79
105.03
-87.32
-78.77
5.50
-8.55
-103.81
-102.59
-3.66
105.64
62.29
-42.75
-43.97
43.97
33.59
-27.48
-8.55
64.73
19.54
-47.63
-89.77
-37.86
46.41
41.52
32.36
-14.66
-58.62
-40.30
1.22
20.15
-11.60
23.82
59.23
-7.94
-63.51
-51.91
7.33
1.22
-45.19
-59.23
9.77
47.02
-32.36
-7.94
81.83
29.92
-31.14
-15.27
-14.66
-45.19
-23.20
15.88
-1.22
17.10
50.68
15.27
-38.47
-101.98
-26.26
60.45
-2.44
14.04
25.65
-61.06
-69.00
-44.58
74.50
93.43
-1.83
-63.51
-34.81
-14.66
-20.15
-1.22
63.51
23.20
-53.74
-67.78
-14.66
7.94
-9.77
11.60
41.52
32.36
-21.98
-35.42
-21.37
-25.04
-35.42
15.27
61.06
-6.11
-40.91
-43.97
-6.72
25.04
18.93
39.69
3.05
-65.34
-23.20
5.50
9.77
-12.82
-20.15
6.11
-41.52
-34.81
-18.32
25.65
81.22
31.14
-11.60
-23.82
-36.03
-48.85
-10.99
25.04
11.60
-20.15
-6.72
7.94
-57.40
-59.23
0.00
10.99
30.53
37.25
-25.65
-75.11
96.48
118.47
-54.35
-64.12
39.08
-22.59
-169.15
-97.70
61.68
55.57
27.48
45.80
30.53
-43.36
-20.15
21.37
-7.33
-20.15
1.83
2.44
-23.82
-118.47
-100.76
52.52
135.56
62.29
-21.98
-31.75
-36.03
-45.80
12.21
12.82
18.32
63.51
0.00
-70.84
-36.03
28.09
-20.15
-70.22
14.66
28.70
-46.41
-36.64
-26.26
-15.88
-5.50
82.44
81.83
48.85
-65.95
-102.59
6.11
55.57
54.35
-81.22
-158.77
8.55
80.00
56.79
39.08
-89.77