-74.50
-30.53
88.54
72.06
-98.93
40.30
2.44
-67.78
86.10
-112.97
76.94
-17.10
-86.71
120.91
-95.26
-34.20
36.64
-46.41
31.75
-43.36
-63.51
34.81
-28.09
-101.98
97.09
-10.38
-83.66
40.91
42.75
-23.20
-1.22
28.09
-4.27
-35.42
30.53
-46.41
-15.88
32.98
-0.61
-38.47
1.22
32.36
-29.92
-69.00
5.50
40.91
-70.22
-0.61
36.64
-42.13
15.88
21.37
-5.50
-109.31
18.93
94.04
-86.10
28.70
-23.82
-84.88
111.75
-25.65
-105.64
189.30
-59.84
108.09
-288.23
194.19
-1.83
-144.72
-46.41
106.86
-72.06
-123.96
185.03
-290.06
268.69
62.90
-414.63
265.02
-54.35
-70.22
102.59
7.94
63.51
-33.59
21.98
-54.35
-55.57
-1.83
-7.33
-26.26
60.45
-28.09
-134.34
81.22
-27.48
-0.61
-65.95
36.64
56.18
-68.39
-1.83
-3.66
75.72
-295.55
361.50
-80.00
-234.49
298.00
-124.57
-81.22
15.88
-88.54
45.19
-13.43
-14.66
36.64
20.15
-34.81
-1.83
-53.13
10.99
-14.04
-10.99
21.98
-84.88
49.46
-42.75
-59.84
0.61
45.19
-80.61
63.51
-1.22
-30.53
55.57
-41.52
12.82
1.83
-58.01
-18.32
-29.31
14.04
-2.44
-36.03
15.27
4.89
18.93
-70.84
50.07
-1.22
-5.50
48.85
-106.25
103.20
-106.86
-181.97
181.36
10.99
-140.45
133.12
-55.57
-8.55
2.44
-37.86
133.73
-98.93
-105.03
301.66
-115.41
-201.51
185.64
-75.11
-234.49
181.36
153.88
-336.47
36.64
212.51
-105.03
-90.38
69.00
170.37
-379.82
266.85
150.83
-254.64
8.55
43.97
181.36
-387.76
102.59
360.28
-605.15
180.75
379.82
-377.99
19.54
205.18
-49.46
-255.25
154.49
267.46
-368.22
37.25
347.46
-324.87
120.91
-26.26
-3.05
-65.34
51.91
18.93
-166.10
195.41
49.46
-244.87
69.00
129.46
-302.88
83.05
240.60
-259.53
122.13
70.22
-169.15
98.31
-40.30
-26.87
-92.82
86.10
21.98
-116.63
117.86
29.31
-108.09
82.44
13.43
-86.10
14.04
58.01
7.94
-61.68
81.83
-64.12
14.66
-80.00
23.20
14.66
-31.75
31.75
40.30
-28.70
33.59
6.11
-72.67
46.41
-65.95
26.87
-31.75
-43.36
94.65
-40.30
-211.90
268.69
-69.61
-194.19
276.01
-82.44
-64.12
81.22
-26.26
-28.09
-25.04
53.74
-31.14
-81.22
45.80
17.71
-74.50
-0.61
50.07
-50.68
0.61
20.15
7.33
-17.71
0.61
9.16
5.50
-42.75
36.64
-1.83
-44.58
32.98
25.65
-4.89
-25.65
23.20
26.87
-9.16
-26.87
12.21
-21.98
8.55
-21.98
-4.27
-5.50
-6.11
14.04
20.76
-44.58
76.94
-89.15
-36.03
82.44
-47.63
7.94
20.76
4.27
9.16
10.38
-28.09
-34.20
31.75
-7.94
-26.87
16.49
0.61
6.72
-11.60
-21.98
-1.22
-21.98
61.68
-27.48
-11.60
99.54
-25.04
-78.16
98.93
-37.25
-60.45
32.36
-9.77
47.63
-59.23
19.54
34.20
-6.72
-6.11
-33.59
16.49
51.91
-21.37
-32.98
29.31
27.48
-54.96
-33.59
63.51
-28.70
1.22
-19.54
15.88
53.13
-76.94
27.48
133.12
-170.98
47.02
51.91
-33.59
-61.06
36.03
84.27
-144.72
74.50
35.42
-72.06
-22.59
31.14
-14.04
-89.15
108.09
20.76
-114.80
154.49
-40.30
-95.26
41.52
32.98
-34.81
-11.60
-3.66
69.61
-22.59
-83.05
61.68
13.43
-37.25
14.66
13.43
0.00
45.19
-20.76
4.27
-3.66
14.66
-3.05
-17.10
17.71
-25.04
-25.65
28.09
-22.59
-36.64
27.48
-37.86
14.66
15.88
-25.65
1.83
26.87
-25.04
-34.81
31.75
-8.55
-53.13
34.81
36.03
-47.63
0.00
37.86
-4.89
-28.09
-14.66
12.82
-3.05
-11.60
7.94
-13.43
-29.31
42.13
-1.83
42.13
-34.20
3.05
54.35
3.05
-75.11
43.36
-40.91
-112.36
71.45
56.79
-105.64
111.14
0.00
-43.36
-108.70
39.08
194.19
-311.43
122.74
230.21
-255.25
29.31
33.59
156.94
-308.99
72.67
329.75
-292.50
-9.77
245.48
-210.67
-159.99
310.21
-225.94
-30.53
9.77
65.34
-73.28
-73.28
189.91
-78.77
6.72
103.20
-131.90
142.89
-237.54
95.26
12.21
25.65
-76.94
-65.34
177.09
-118.47
-7.33
13.43
313.26
-363.95
46.41
250.37
-214.95
-17.71
111.75
-57.40
-78.16
74.50
-26.87
-265.02
275.40
58.62
-203.96
70.84
149.61
-178.92
-54.35
180.75
-141.67
161.82
-168.54
23.82
180.75
-209.45
-60.45
112.97
4.89
-56.79
25.04
47.63
-88.54
8.55
-88.54
222.28
-156.94
-136.17
271.74
-270.52
133.12
79.38
-179.53
5.50
167.32
-129.46
-37.25
144.72
-172.81
50.07
42.13
-122.74
26.26
152.66
-82.44
-109.92
210.67
19.54
-294.94
185.03
81.22
-236.32
33.59
117.24
-53.74
-106.25
53.13
51.91
-92.21
-14.66
53.74
0.00
-41.52
14.04
19.54
-58.62
-42.13
100.76
-60.45
-17.10
90.38
-109.92
41.52
28.09
-165.49
45.19
103.81
-213.73
193.58
25.65
-227.77
200.29
-53.74
-154.49
189.91
-193.58
-113.58
486.08
-483.02
60.45
324.87
-371.28
161.21
-79.38
142.89
-116.02
-73.89
170.37
-92.82
-111.75
151.44
148.39
-384.10
124.57
216.78
-225.33
21.98
117.24
-17.71
-165.49
198.46
-126.40
9.16
65.95
-101.37
17.10
-14.04
-157.55
124.57
74.50
-219.22
210.06
-186.86
76.94
-62.90
40.91
-10.38
-47.02
167.32
-191.74
79.38
-35.42
-122.13
92.82
-71.45
84.27
-90.99
83.05
60.45
-157.55
151.44
-89.15
-100.15
129.46
-155.11
23.82
120.30
-2.44
-35.42
-12.82
39.69
-61.68
13.43
-5.50
-9.16
-11.60
-32.98
11.60
-63.51
-25.65
-21.98
26.26
23.20
-37.86
15.88
-4.27
-6.11
-52.52
-119.69
99.54
16.49
-73.28
-10.99
133.12
-65.34
-119.69
95.87
-41.52
-23.20
-94.04
272.96
-110.53
-298.00
442.72
-319.98
-9.16
39.08
-77.55
9.16
-241.82
431.73
-133.12
-149.61
236.32
-257.08
89.77
147.17
-387.15
414.63
-228.38
-203.96
308.99
-34.20
-78.77
-123.35
139.23
-47.02
-9.77
25.04
234.49
-243.04
-177.70
274.18
-137.40
-75.72
-116.02
174.04
84.88
-282.12
61.68
367.00
-432.34
13.43
288.84
-233.27
29.92
-8.55
-69.00
-26.87
125.18
-299.22
185.03
-71.45
-111.14
265.02
-192.97
144.72
19.54
-125.18
157.55
-162.43
229.60
-290.67
80.61
181.97
-378.60
180.75
98.31
-158.16
-90.38
195.41
21.98
-102.59
3.66
51.29
-21.98
-53.13
-59.84
105.64
-59.84
-50.68
133.73
-75.72
40.30
-216.17
208.23
-51.91
-8.55
-54.35
91.60
-4.27
-125.79
-82.44
187.47
-122.13
-144.72
456.77
-323.64
21.37
152.05
-239.37
73.28
-4.89
5.50
-39.69
47.63
117.24
-238.76
100.15
-59.84
28.09
-37.86
13.43
125.18
-101.98
-28.09
117.86
-104.42
-101.37
79.38
13.43
-53.13
-36.03
109.31
-76.33
75.72
-5.50
-89.77
64.73
12.21
21.37
-30.53
29.31
11.60
-59.23
-34.20
-7.94
20.76
-152.05
172.20
6.72
-261.36
340.74
-202.13
-97.70
188.69
-92.82
-102.59
136.17
75.11
-207.01
44.58
165.49
-271.74
2.44
211.28
-164.88
-35.42
343.19
-342.57
31.75
273.57
-296.17
29.92
78.77
-79.38
128.85
-194.80
65.95
42.75
-100.15
53.74
7.33
-90.38
18.93
145.95
-161.21
72.06
112.97
-180.75
68.39
137.40
-139.84
-60.45
96.48
-19.54
-98.31
59.23
3.66
-68.39
93.43
-37.86
-122.74
109.92
-43.36
-43.36
54.35
14.66
-71.45
32.36
36.64
25.04
-90.38
-37.86
183.81
-150.83
-47.63
122.13
-45.80
-117.86
48.24
117.86
-192.97
138.62
180.75
-394.48
290.67
61.06
-236.93
-69.61
387.76
-324.87
-73.89
384.10
-407.30
249.76
-45.80
-161.82
224.72
-98.93
-43.36
191.13
-94.04
-80.61
51.29
177.70
-281.51
-25.04
112.36
116.63
-322.42
175.87
188.69
-243.04
128.85
53.74
-111.14
96.48
-42.75
-185.03
436.61
-459.82
66.56
375.55
-376.77
159.38
34.20
-231.44
187.47
-190.52
81.22
-60.45
40.91
91.60
-83.66
129.46
-51.29
-10.99
-28.09
-90.38
44.58
119.69
-114.19
54.35
114.19
-226.55
51.91
149.00
17.10
-234.49
360.89
-127.02
-97.70
124.57
-83.05
-26.87
-101.37
225.33
-216.17
-16.49
202.74
-65.34
-87.93
-59.84
210.67
-211.28
-98.31
216.78
-80.61
26.87
6.72
-17.71
69.61
-117.24
83.66
-21.98
32.36
-3.66
-89.15
114.19
-134.95
44.58
12.21
-83.66
105.64
-70.22
-64.73
144.72
-30.53
-138.62
122.74
104.42
-143.50
-50.07
95.87
-55.57
17.10
109.31
-119.08
103.20
26.87
-2.44