223.50
192.35
37.86
-296.17
10.99
136.79
-72.67
-142.28
76.94
153.88
29.31
-53.13
-101.37
-337.69
312.65
185.03
-9.16
136.79
-6.72
-199.07
-214.95
-85.49
-20.76
-12.82
213.73
192.35
-35.42
-202.74
-140.45
120.30
120.91
-35.42
26.87
86.71
-67.17
-178.31
-124.57
29.92
84.27
69.00
31.14
-43.36
-161.82
-83.05
106.86
167.32
42.75
-50.68
6.11
-23.20
-180.75
-135.56
118.47
247.31
37.86
-197.24
-115.41
53.13
63.51
63.51
27.48
36.03
-45.80
-190.52
-17.71
-28.70
-56.79
206.40
119.08
-141.67
-150.83
-15.27
117.86
39.69
-26.87
-26.87
-50.68
6.11
24.43
-72.06
-36.64
128.24
45.19
-177.70
-142.28
67.78
159.38
94.04
-55.57
-80.00
3.05
37.25
-96.48
-143.50
79.38
261.36
-20.15
-270.52
-24.43
228.99
85.49
-103.81
-156.33
-28.70
87.32
34.20
-102.59
-169.76
0.61
170.98
137.40
-16.49
-69.61
-25.65
47.02
2.44
-90.99
-125.18
-32.36
224.72
100.76
-221.06
-75.72
138.01
5.50
-102.59
18.93
-3.66
-42.75
-22.59
12.21
34.81
39.08
-6.72
0.00
26.26
-43.36
-100.15
0.00
23.82
36.03
-6.11
-42.75
91.60
148.39
13.43
-85.49
-66.56
-90.99
-90.38
-29.31
-41.52
-10.99
73.28
74.50
43.97
22.59
-43.97
-332.80
221.67
434.17
-296.78
-105.64
167.32
-138.62
-208.23
72.06
124.57
-46.41
-48.24
-3.05
-39.69
-52.52
-78.16
173.42
274.79
-92.82
-199.68
112.97
221.06
-145.33
-243.04
-103.81
23.20
73.89
47.02
61.06
29.92
-87.32
-93.43
14.66
74.50
73.89
48.24
-54.35
-163.65
-126.40
42.75
164.26
68.39
-28.09
-59.84
-76.33
-91.60
-49.46
63.51
95.87
35.42
-59.23
-106.86
-162.43
-139.84
371.28
529.43
-211.90
-282.73
78.77
74.50
-103.81
-6.11
-63.51
-137.40
-14.66
221.67
-128.85
-338.30
254.64
279.68
-123.96
-173.42
-106.86
-53.13
270.52
28.70
-92.21
19.54
107.47
141.67
-173.42
-395.09
49.46
330.36
136.79
-252.20
-330.36
-120.91
537.37
180.14
-363.34
114.80
191.13
-149.61
-161.21
-153.88
-319.37
367.61
354.79
-142.28
-20.76
278.46
-279.07
-184.42
120.30
-21.37
21.98
-14.04
-193.58
125.79
-126.40
-74.50
365.17
20.15
-266.85
72.06
-0.61
-225.33
175.26
278.46
-28.09
-224.11
27.48
188.69
-128.24
-299.83
4.89
81.83
89.15
-36.64
67.17
13.43
6.11
67.17
-119.69
34.81
108.70
-72.06
-112.36
-256.47
-16.49
55.57
70.84
127.63
61.06
81.83
-30.53
-134.95
-90.99
-28.70
55.57
29.92
-25.65
-87.32
-46.41
25.65
132.51
197.85
-0.61
-155.72
-133.12
41.52
32.98
-44.58
21.98
110.53
-50.68
-196.63
-145.95
-218.61
357.84
415.24
-185.03
-141.06
106.86
23.20
-235.71
-266.24
142.28
131.29
56.18
-101.98
-209.45
-32.36
62.90
183.19
165.49
-42.75
-98.31
85.49
23.82
-148.39
-112.97
17.71
125.79
-7.33
-126.40
-1.83
56.18
-55.57
-33.59
119.08
112.36
-61.06
-108.09
8.55
-18.93
-177.09
-31.75
191.74
111.75
-108.09
-122.13
41.52
72.06
39.69
-28.70
-96.48
-14.04
25.65
-29.92
-56.18
4.89
43.97
124.57
138.62
-54.96
-95.26
-12.21
-25.04
-54.35
-90.38
-66.56
51.29
43.97
-97.70
-80.61
36.64
116.63
49.46
-29.92
-58.01
72.67
-84.27
-144.11
224.11
175.87
-105.64
-70.22
-71.45
-101.37
-31.14
62.29
12.21
-4.27
-44.58
18.32
117.86
-31.75
-94.65
67.17
171.59
-23.82
-202.13
-86.10
46.41
53.74
-95.87
-179.53
58.01
245.48
102.59
-86.71
-346.24
83.05
415.85
-162.43
-166.10
252.20
-12.82
-227.16
-113.58
-76.33
-106.86
95.87
168.54
47.63
1.83
-99.54
-32.36
-30.53
-73.89
155.11
264.41
75.72
-150.22
-249.15
-117.24
33.59
66.56
61.06
-17.71
10.38
-64.12
-111.75
-131.29
151.44
354.18
83.05
-226.55
-133.73
114.80
108.09
-114.80
-9.77
-112.97
-27.48
-101.98
-178.92
-73.89
214.34
103.20
-48.24
129.46
1.83
-149.61
-47.02
-145.95
296.17
287.01
-279.68
-149.00
50.68
34.20
-62.90
-55.57
-91.60
127.63
299.22
-112.97
-310.82
45.80
382.27
186.86
-128.85
-141.06
-213.12
-133.12
-249.15
-3.66
212.51
70.22
-40.91
-22.59
55.57
119.69
-99.54
-76.33
-31.14
113.58
179.53
-10.38
-131.29
191.13
123.35
-343.80
-199.68
83.05
59.23
56.79
-139.23
-251.59
182.58
163.65
3.66
20.15
-22.59
10.99
122.74
-308.38
-185.64
292.50
7.94
-64.73
131.29
82.44
-68.39
-280.29
-4.27
-58.01
95.87
145.33
-9.16
8.55
-92.82
-29.31
15.27
-13.43
136.79
53.13
-130.07
-211.90
-144.72
116.63
159.38
42.13
18.93
-13.43
-1.22
61.68
-127.63
-212.51
-72.06
216.78
200.90
-134.34
-153.88
77.55
138.62
4.27
-112.97
25.65
109.92
-38.47
-157.55
-116.63
49.46
164.26
131.90
-109.92
-227.77
-80.61
73.28
17.10
-78.16
12.21
120.30
55.57
-81.83
-94.04
37.25
124.57
79.38
-40.91
-124.57
-121.52
-5.50
49.46
53.74
14.66
-28.70
-42.75
41.52
101.37
-45.80
-124.57
21.37
145.95
-83.66
-261.36
-69.61
237.54
192.35
-127.63
-128.85
20.76
127.63
-48.24
-129.46
-17.10
-18.93
62.90
81.22
-122.13
-64.73
122.13
134.95
-121.52
-47.63
141.67
49.46
-156.33
-256.47
-1.22
218.00
72.06
-87.32
-93.43
38.47
42.75
-51.91
-62.90
45.19
157.55
53.13
-235.71
-143.50
50.68
92.82
-24.43
-11.60
50.07
9.77
-69.00
-60.45
-43.36
133.12
156.33
-91.60
85.49
99.54
-290.67
-109.31
199.68
-29.31
-224.11
-84.27
2.44
109.31
97.70
-85.49
30.53
163.04
15.27
-58.62
6.11
-85.49
-6.72
40.30
-205.79
5.50
153.27
-13.43
12.21
18.93
-138.01
-93.43
31.14
48.24
73.89
70.84
-86.71
-45.80
89.77
2.44
-43.97
-20.15
-36.03
-62.90
31.75
64.12
-63.51
-78.16
62.90
99.54
29.31
-90.38
-94.65
26.87
155.11
-18.93
-219.22
-97.70
96.48
131.29
-42.13
-58.01
87.32
109.92
-71.45
-192.97
-100.15
97.70
168.54
49.46
-58.01
-98.93
-61.06
-17.10
-1.83
36.64
13.43
23.20
29.92
-69.61
-72.67
46.41
124.57
6.72
-108.09
-34.20
-36.64
3.66
-134.34
-62.90
298.00
177.09
-130.68
-128.24
-87.32
94.04
53.74
-153.27
-99.54
347.46
81.22
-479.97
-120.91
169.15
163.04
-103.81
-171.59
156.33
198.46
-136.17
-134.95
34.81
59.23
141.06
-11.60
-169.76
-21.98
27.48
105.03
-83.66
-112.36
243.04
84.27
-330.97
-210.06
181.36
103.20
108.70
-132.51
-199.68
343.80
211.90
-340.74
-21.98
244.87
-288.84
-45.19
133.12
-46.41
-44.58
50.07
-109.31
-34.20
155.11
-114.80
-287.01
111.14
256.47
-114.19
-26.87
158.77
150.83
-43.36
-291.28
-122.74
247.92
158.16
-135.56
-252.81
-81.83
53.74
81.83
16.49
13.43
81.83
33.59
-68.39
-53.13
17.10
54.35
54.35
-69.00
-115.41
41.52
-18.32
12.21
175.26
-58.01
-185.64
-30.53
-14.04
-65.34
0.61
89.77
113.58
34.20
-108.70
-106.25
3.66
14.66
-18.32
37.25
62.90
-42.75
-73.28
0.00
36.64
-14.04
14.04
75.11
0.00
-107.47
-111.14
3.66
109.31
25.04
-56.79
30.53
75.11
1.83
-114.19
-69.61
71.45
56.79
-54.35
-101.98
-51.29
87.32
28.70
-66.56
-1.22
43.36
23.82
-35.42
-67.78
12.82
21.98
-26.26
9.77
21.37
-39.69
-21.98
43.36
-21.37
-66.56
-31.14
43.36
71.45
16.49
-51.91
-1.83
62.29
43.97
-81.83
-49.46
34.81
0.00
-72.06
-11.60
-37.86
0.00
40.91
9.16
-43.97
-40.30
50.07
64.73
-69.00
-66.56
-15.27
-7.94
56.79
17.71
-43.97
-39.08
-22.59
8.55
29.92
7.94
46.41
69.00
-81.22
-114.19
18.93
33.59
-11.60
-13.43
31.75
43.97
-48.24
-17.71
-38.47
-180.14
179.53
326.70
-140.45
-185.64
18.93
-22.59
-14.04
28.70
-81.83
-47.02
-124.57
-64.73
363.95
114.19
-404.25
-93.43
255.25
88.54
-26.26
-0.61
-186.25
7.33
47.02
-260.14
24.43
377.38
197.85
-127.02
-175.87
-82.44
78.77
280.29
-95.87
-436.00
396.92
192.35
-441.50
-236.93
152.05
254.64
-72.06
-277.23
-229.60
210.06
384.10
-84.88
-197.24
76.94
115.41
5.50
-152.66
-136.79
57.40
162.43
-11.60
-176.48
-77.55
144.11
91.60
-68.39
-42.75
65.34
47.63
-39.08
-177.09
-59.23
117.86
40.30
-16.49
-0.61
13.43
38.47
-51.29
-62.90
120.30
61.68
-89.77
-90.99
-79.38
-12.82
-9.16
12.82
-231.44
-128.85
399.36
392.04
-165.49
-239.37
256.47
197.85
-441.50
-360.89
-38.47
324.26
150.83
-166.10
-276.62
50.68
272.35
147.17
-232.66
-163.04
207.01
15.88
-396.31
190.52
325.48
108.70
-100.76
-164.88
69.00
211.28
-230.21
-211.28
-184.42
199.07
40.91
-216.78
167.93
447.61
-466.54
-462.87
574.01
226.55
-581.34
-182.58
372.50
393.87
-101.98
-355.40
-108.70
269.30
231.44
-174.65
-327.92
-175.26
408.52
163.65
-253.42
-138.62
341.96
512.34
-172.20
-525.77
-252.81
-148.39
111.14
119.08
40.91
33.59
-98.31
114.80
280.29
-225.33
-99.54
206.40
-275.40
-56.18
93.43
-112.36
177.09
181.97
-58.62
-178.31
-7.94
22.59
-175.26
-36.03
219.22
40.91
-14.66
58.62
-94.65
-175.26
32.36
247.31
124.57
-225.94