18.93
-39.08
194.19
-152.66
23.82
205.79
-130.07
-45.19
130.07
24.43
-279.07
73.89
188.69
-247.92
-246.09
316.32
-12.82
-210.06
278.46
103.20
-100.15
32.36
7.33
-222.28
-49.46
64.12
-45.19
88.54
-39.69
93.43
141.06
-92.82
-141.06
111.14
50.68
-158.16
-37.25
120.91
45.19
-30.53
43.36
73.28
26.87
-19.54
-62.90
-40.30
-105.03
-55.57
89.15
107.47
0.00
-38.47
35.42
-15.88
-48.85
-59.84
-17.71
6.72
-13.43
-53.13
-20.15
62.90
113.58
18.93
67.78
145.33
-247.92
-101.37
185.03
-137.40
-147.17
185.03
101.37
-88.54
58.01
110.53
-120.91
27.48
72.06
-163.04
-144.72
71.45
64.73
-122.74
-1.22
123.96
70.84
40.30
-24.43
-82.44
-35.42
64.73
-7.94
-34.81
46.41
-24.43
-78.77
6.11
166.71
-6.11
-146.56
-109.92
50.07
14.04
59.84
152.05
8.55
-62.29
-6.72
82.44
-96.48
-151.44
24.43
8.55
-38.47
50.07
78.77
-10.99
101.37
41.52
-53.13
10.38
-2.44
-14.04
-58.01
-117.86
1.22
92.82
-33.59
19.54
90.38
-55.57
-42.13
25.04
-18.32
-90.99
-7.33
22.59
-14.66
75.11
55.57
-24.43
-17.10
32.36
-14.04
-119.69
-98.93
70.84
119.69
33.59
37.25
46.41
22.59
14.66
-16.49
-83.66
-61.68
-14.66
65.95
15.27
-94.04
-58.01
155.72
103.20
-71.45
-87.93
51.29
-84.88
-172.81
254.64
167.32
-213.73
-82.44
94.04
5.50
-112.36
9.16
76.94
15.27
-59.23
-26.26
48.24
-17.71
-101.98
67.17
234.49
-73.89
-135.56
89.15
-12.82
-162.43
-40.91
43.97
10.38
69.00
161.21
48.24
-42.13
-72.06
-70.84
1.22
-10.99
-51.91
76.94
97.70
-43.97
-51.29
53.13
44.58
-53.13
-19.54
106.25
-172.81
-111.75
77.55
-31.75
216.78
25.04
-296.78
213.12
124.57
-363.95
115.41
67.78
-210.67
172.20
137.40
-32.36
-58.01
101.98
-126.40
-138.62
5.50
163.65
-128.24
-131.29
199.68
101.98
132.51
-73.28
-160.60
-48.24
-72.06
-136.79
-6.11
451.27
-306.55
-92.82
328.53
109.31
-40.30
-94.65
-197.24
15.88
335.86
-462.87
-181.97
381.66
-134.34
50.68
171.59
37.86
-94.04
26.26
-156.33
104.42
60.45
-290.06
98.93
116.63
-25.65
10.99
14.04
-119.69
198.46
-36.64
-339.52
193.58
23.82
-145.95
234.49
194.19
-214.34
-70.84
232.66
-258.92
-128.85
62.29
185.03
-102.59
-187.47
259.53
174.04
-176.48
-178.31
246.70
130.07
-332.19
-90.38
236.32
-31.75
-164.88
47.63
219.22
-12.21
-164.88
115.41
149.61
-173.42
-202.13
171.59
191.13
-130.68
-108.09
116.63
-56.79
-195.41
-3.66
256.47
-123.35
-119.08
300.44
-61.68
-144.72
6.11
26.26
72.67
-9.77
-28.09
-170.37
122.74
273.57
-246.70
-13.43
142.89
-99.54
-71.45
60.45
38.47
-20.15
-75.11
66.56
47.63
-53.13
79.38
-121.52
-18.32
86.71
0.00
-33.59
18.32
-53.13
-103.81
73.89
119.69
-27.48
-23.82
87.32
-28.70
-101.98
77.55
-59.84
-12.82
154.49
95.26
-109.92
-95.26
38.47
-113.58
-31.75
64.12
-29.31
1.22
26.87
-21.37
36.03
3.66
39.69
72.67
-77.55
-18.32
5.50
-114.19
-18.32
37.86
-60.45
-16.49
123.96
99.54
-59.84
40.91
136.17
16.49
-136.79
-105.64
18.93
34.20
2.44
-16.49
6.72
39.08
63.51
9.77
-199.07
-12.21
59.84
-60.45
1.83
-40.30
-73.89
79.38
172.81
100.76
12.82
-58.62
-76.33
-6.72
-44.58
-6.72
-68.39
-110.53
68.39
174.65
31.75
-69.00
23.20
25.04
37.25
45.19
-59.23
-127.63
6.11
152.66
-42.13
-158.16
-34.20
73.28
16.49
-56.18
89.15
9.77
-182.58
50.68
276.62
-1.83
-162.43
120.30
33.59
-10.38
-65.95
-156.33
-95.26
-179.53
45.80
202.74
104.42
-23.20
61.06
65.34
-87.93
-31.14
139.84
34.81
-55.57
-138.01
-29.31
-86.71
-85.49
289.45
-43.97
-122.74
130.68
26.87
75.72
-66.56
-59.23
-34.81
99.54
116.02
7.33
-208.23
-54.96
104.42
-154.49
19.54
92.82
-238.76
-25.04
159.38
180.14
122.13
-58.01
-133.73
-67.78
12.21
163.04
-4.27
-219.22
-120.91
257.08
177.70
-451.27
53.13
412.80
-140.45
-112.97
100.15
-178.31
-40.30
106.86
157.55
99.54
-36.03
-178.31
-64.12
36.03
75.72
-130.68
-58.01
-43.36
-39.69
172.81
209.45
-101.37
-270.52
89.15
357.84
-100.76
-302.27
75.72
258.92
-25.65
-25.04
-8.55
-100.15
-152.66
23.20
0.61
-78.16
72.06
128.85
-150.22
61.06
352.34
-168.54
-291.28
239.37
43.97
-252.81
-36.03
-40.30
48.85
67.17
80.61
111.75
-49.46
66.56
56.18
-42.13
26.87
-335.86
-124.57
436.61
106.25
-327.92
182.58
244.26
-179.53
-90.99
31.14
-194.80
-211.28
254.64
89.15
-119.69
-12.21
48.24
53.13
-10.99
-48.24
-11.60
-20.15
2.44
39.69
-14.66
3.66
-28.09
-30.53
108.70
138.01
-34.81
-48.85
60.45
-12.21
-65.34
-39.08
44.58
-12.82
-34.20
-26.26
-62.90
-7.94
7.94
19.54
5.50
-22.59
-18.93
-7.94
-18.93
-72.67
33.59
243.65
99.54
-177.70
-3.66
191.13
0.61
-185.03
-81.22
-50.07
-31.14
123.96
72.67
-13.43
-13.43
90.38
-80.00
-73.89
80.61
-59.23
-31.75
43.97
-53.74
-39.08
109.92
-14.66
-199.07
14.66
162.43
32.36
-33.59
45.80
17.10
-28.70
-25.04
-70.22
-32.98
95.87
57.40
-45.19
-48.24
-19.54
81.83
-56.79
66.56
83.05
-237.54
15.27
197.85
-123.96
-78.16
221.67
-32.36
-83.66
69.61
-186.86
35.42
248.53
-206.40
-106.25
179.53
15.88
-152.66
-24.43
220.44
-86.71
-47.63
215.56
4.27
-183.81
42.13
106.25
-132.51
-74.50
37.25
-71.45
-106.86
117.86
153.88
17.10
29.92
26.87
-54.96
-9.16
-118.47
12.21
60.45
-191.74
9.77
141.67
24.43
37.25
-8.55
-36.03
105.03
-76.33
-112.36
47.02
50.68
-9.16
-9.16
-24.43
-37.86
37.25
134.95
-77.55
-166.10
90.99
72.67
-44.58
33.59
7.94
21.98
31.14
-47.02
-36.03
19.54
-25.04
-79.38
42.13
50.68
-43.36
16.49
102.59
42.75
-35.42
-31.75
23.82
6.72
-129.46
-100.76
45.80
84.27
-7.33
3.66
60.45
-6.72
-36.03
-10.99
61.06
3.05
5.50
59.84
-103.20
-163.04
14.66
72.06
211.28
-112.36
-213.12
138.01
96.48
-97.09
228.99
-192.35
-268.08
361.50
14.04
-171.59
56.79
50.68
-112.36
4.89
139.84
-101.98
-105.03
114.80
92.21
-169.15
101.37
225.94
-255.25
-76.94
274.18
-58.62
-145.95
136.79
-17.10
-179.53
12.82
-101.37
43.97
288.84
-97.70
-137.40
-20.15
233.88
-265.02
-156.94
254.64
34.20
-232.05
50.68
206.40
84.88
-225.33
37.25
162.43
-65.34
-31.75
109.92
-136.79
-57.40
78.16
42.75
-12.21
87.32
14.66
-134.95
-38.47
40.91
92.21
-20.15
-96.48
115.41
74.50
-167.32
-145.95
152.66
12.21
-140.45
101.98
67.78
-139.23
-30.53
160.60
-3.05
-8.55
26.87
-80.61
-22.59
15.88
13.43
-14.66
-34.20
39.69
69.00
-42.75
9.16
88.54
-59.84
-7.94
73.89
-29.31
-90.99
-58.01
70.84
11.60
-33.59
45.80
18.32
-56.18
-30.53
46.41
26.87
-70.84
-8.55
106.25
-9.16
-112.97
24.43
43.36
-16.49
-14.66
12.21
0.61
18.32
-15.88
-28.70
28.09
47.63
-6.11
-9.77
38.47
-31.75
-15.27
32.98
-17.71
-52.52
6.72
-28.09
21.98
50.07
-7.94
2.44
62.29
23.82
-12.82
-50.07
-64.73
-42.75
-9.77
42.75
19.54
-12.21
-54.35
6.72
32.36
-22.59
-34.20
-65.34
84.27
67.17
-128.85
56.18
123.96
21.37
-126.40
-78.16
108.09
84.27
-64.73
-42.13
65.95
23.20
-32.98
24.43
47.02
-17.71
7.94
34.81
-50.68
-72.67
-53.74
-6.72
7.33
-4.27
24.43
40.91
21.98
-45.19
-51.29
15.27
18.32
-127.63
84.88
69.61
-217.39
125.79
195.41
-64.12
-20.76
-14.04
-3.05
38.47
-61.06
-148.39
189.91
138.62
-177.09
31.14
123.96
-45.80
-49.46
16.49
50.07
-76.33
-46.41
230.21
-101.37
-279.68
23.82
118.47
-10.38
-49.46
78.77
-59.84
-94.65
-203.96
-58.62
254.03
246.09
-58.62
18.93
65.34
-193.58
-61.68
207.01
-135.56
-284.56
300.44
100.76
-192.35
141.06
119.08
-108.70
-9.16
9.77
-51.29
7.33
-40.30
-94.65
-39.08
68.39
18.32
3.05
78.77
-23.20
-30.53
31.75
-51.29
-119.08
-4.27
92.21
0.00
8.55
70.84
31.75
-43.97
-89.77
29.92
39.08
-101.98
-9.77