-48.24
-106.25
-103.20
24.43
155.72
125.18
-142.28
-94.65
151.44
-3.05
-107.47
71.45
89.77
-125.18
-182.58
31.75
117.24
-10.38
-37.25
26.87
45.80
5.50
-12.82
-70.22
-29.31
20.76
12.21
-59.23
14.04
86.71
-1.83
-80.61
-47.63
10.38
-0.61
-2.44
9.77
-38.47
-33.59
27.48
-27.48
-50.07
14.04
29.31
41.52
7.94
-18.32
-4.89
15.88
12.21
-47.02
-32.36
-17.71
-31.75
17.71
90.38
39.69
-37.86
-39.69
-15.27
-558.74
166.71
794.46
-0.61
-372.50
37.86
-12.21
-92.21
-123.35
-61.68
-30.53
114.19
-32.36
-53.74
-18.32
-128.24
172.81
274.79
3.66
-86.71
23.20
60.45
-103.20
-287.01
-102.59
231.44
223.50
2.44
-135.56
-142.28
-112.97
-117.86
-238.15
168.54
611.87
114.80
-290.67
-176.48
40.91
137.40
20.76
-120.30
-201.51
51.91
95.87
-116.63
-43.36
-96.48
78.16
245.48
61.68
-114.19
-30.53
82.44
-67.17
-345.63
-99.54
345.02
244.26
-87.32
-103.81
-14.04
-56.79
-128.85
-32.98
77.55
4.27
-9.16
80.61
-32.98
-1.22
54.96
22.59
78.77
14.66
-109.92
-106.25
-85.49
-58.01
-38.47
73.89
169.15
108.70
-63.51
-199.07
-141.67
47.02
110.53
-83.66
77.55
241.82
-40.91
-179.53
-31.75
6.11
-64.73
-255.86
-51.29
228.99
173.42
20.76
-143.50
-170.37
224.11
312.04
-214.34
-387.76
126.40
290.06
23.20
-113.58
-218.61
-100.15
313.87
142.28
-189.91
-453.10
185.03
606.99
-412.19
-514.17
294.94
298.61
163.65
-66.56
-269.91
-161.21
230.83
15.88
-309.60
7.33
89.77
-81.83
-50.07
75.11
258.92
158.77
-101.37
-66.56
-181.97
-14.66
110.53
37.25
75.72
93.43
-150.22
-243.04
-315.71
-25.04
456.16
235.71
-227.16
-124.57
64.12
29.92
71.45
68.39
-100.15
-53.74
73.89
-147.17
-230.21
-28.09
10.99
116.02
120.91
-97.70
18.93
169.76
-43.97
-221.67
-7.33
147.78
28.09
-23.20
-8.55
23.82
-60.45
-114.19
5.50
123.35
64.12
-76.94
-111.75
-31.75
9.16
61.06
79.38
18.93
4.89
-21.98
-172.81
-122.74
66.56
125.79
106.86
-17.10
-156.94
-187.47
51.29
169.76
-44.58
-43.97
86.10
35.42
-88.54
-249.76
-79.38
258.30
205.79
-20.76
-90.38
-15.27
39.08
-50.68
-192.35
-76.94
151.44
218.61
-0.61
-219.22
-102.59
142.28
83.05
-94.04
-83.05
47.02
86.71
-56.79
-153.27
-31.75
112.36
91.60
-49.46
-145.95
-7.94
52.52
-15.27
-21.37
-26.26
34.81
93.43
-21.98
-65.34
-12.82
19.54
4.27
4.27
-58.62
-48.85
69.61
76.33
-25.04
-92.82
20.76
106.25
-27.48
-97.09
-9.16
46.41
42.13
-76.33
-147.17
51.29
144.72
-53.74
-131.29
15.27
129.46
30.53
-145.95
-97.70
88.54
61.06
-88.54
-51.91
89.15
67.78
-15.27
-116.63
-32.98
106.86
15.88
-69.61
-4.27
53.74
26.26
-53.74
-17.71
5.50
-25.04
4.27
-26.26
-56.18
13.43
68.39
0.61
-74.50
-51.29
-0.61
76.94
6.11
-83.66
29.31
-142.89
-57.40
345.02
29.92
-308.38
163.04
254.64
-179.53
-268.08
81.22
76.94
-44.58
-130.07
-31.75
96.48
3.66
-56.18
5.50
149.00
110.53
-38.47
-51.91
-14.04
-78.77
-104.42
0.61
112.97
53.74
-69.61
-67.17
7.94
-67.78
-58.01
75.11
32.36
-56.18
-36.03
-12.21
31.14
78.16
35.42
-28.09
-55.57
-24.43
17.10
-40.91
-40.91
3.66
36.64
27.48
21.98
8.55
-23.20
17.10
27.48
-42.75
-65.34
-26.87
48.24
27.48
-56.18
-50.07
26.87
50.07
27.48
-71.45
-75.72
-9.16
21.98
-12.82
-56.79
4.89
20.76
-74.50
-12.82
98.93
91.60
-10.38
-37.86
6.11
-18.93
-136.79
-34.20
165.49
115.41
-217.39
3.66
78.77
-25.04
134.34
1.22
-268.08
-97.70
318.15
103.20
-633.85
71.45
558.74
-65.95
-217.39
69.61
26.26
37.86
-33.59
-236.32
-163.04
109.31
289.45
-119.08
-251.59
-40.91
227.16
186.25
-154.49
-174.04
101.98
155.72
36.03
-213.73
-71.45
123.35
246.09
-14.66
-290.06
-72.67
269.91
-262.58
-239.99
488.52
94.65
-210.67
-15.88
167.93
44.58
-371.89
47.02
136.79
-402.42
-145.33
231.44
178.92
51.91
-116.02
-71.45
233.88
42.75
-304.10
-60.45
228.38
-64.73
-171.59
75.72
180.75
268.69
-130.07
-417.68
4.27
244.26
48.85
-196.02
-148.39
158.77
30.53
-54.35
196.63
86.71
-258.30
-265.02
72.06
58.01
-34.20
-79.38
114.80
185.03
-235.10
-4.89
436.61
-3.66
-313.26
-28.09
-31.75
-214.95
-92.82
84.27
213.12
163.04
-9.16
-17.10
-90.38
-40.91
28.70
-24.43
-43.97
-53.74
-37.25
3.05
39.69
-11.60
36.64
75.72
3.05
-67.78
-113.58
-29.92
12.82
21.37
26.26
24.43
84.27
56.79
-96.48
-115.41
31.14
50.68
-63.51
-86.71
-54.35
48.24
102.59
-0.61
-114.19
31.14
200.90
165.49
-221.06
-336.47
28.09
365.78
-71.45
-195.41
36.03
59.84
99.54
-152.05
-80.00
95.87
67.78
100.15
-108.70
-153.27
-51.91
85.49
135.56
-56.18
-280.90
-43.36
261.36
83.05
-63.51
-48.85
-95.87
-37.86
-85.49
-31.75
185.64
163.04
79.38
-21.37
-181.36
-155.72
61.06
126.40
-91.60
147.78
36.03
-67.17
11.60
3.05
-112.97
-112.36
70.84
4.27
-252.81
39.08
237.54
81.83
-182.58
-132.51
172.81
153.27
-60.45
-86.71
0.61
-50.68
-197.24
-157.55
-132.51
217.39
470.20
128.85
-89.15
-191.74
-117.86
28.09
-73.89
-106.25
103.20
188.69
-45.19
-213.12
-108.09
255.86
339.52
-62.90
-263.80
-96.48
-18.93
-56.18
-20.76
65.95
114.19
71.45
-73.89
-210.06
-311.43
127.63
457.38
-11.60
-109.31
-13.43
-18.93
-61.06
-109.92
242.43
-18.93
-81.22
10.99
-129.46
-282.12
-272.96
194.19
423.79
134.34
-82.44
-86.71
-19.54
-221.67
-246.09
382.88
361.50
65.34
-196.63
-188.69
-46.41
74.50
-8.55
81.83
194.19
-58.01
-239.37
-173.42
-208.84
-25.65
171.59
194.19
-152.05
-126.40
5.50
-74.50
-61.06
223.50
453.10
142.28
-408.52
-368.22
158.16
189.30
-100.76
-222.28
265.02
260.14
-81.22
-363.95
-42.75
404.25
47.63
-244.87
-54.96
-42.75
27.48
-253.42
-48.24
228.38
138.62
20.76
-116.02
-80.61
-42.75
-129.46
26.87
252.81
35.42
-7.33
-97.70
-108.09
90.38
-6.72
-170.98
-37.25
6.11
101.37
232.05
-76.33
-80.61
141.67
132.51
-87.32
-267.46
-31.14
15.88
-319.37
119.08
321.20
-170.98
-135.56
250.98
-35.42
-197.24
-64.73
160.60
28.09
-21.98
-133.12
9.77
155.11
-45.80
32.98
31.75
-54.35
-51.29
-7.94
76.33
-41.52
-183.19
13.43
199.07
-3.05
-167.32
-62.90
109.31
120.30
-60.45
-149.00
1.22
61.06
85.49
-7.33
-123.35
-78.77
62.29
119.69
-31.75
-103.81
-127.63
111.14
272.35
-106.25
-237.54
74.50
245.48
-42.75
-351.73
-219.83
-37.86
386.54
232.05
-246.70
33.59
290.06
-220.44
-327.92
27.48
111.14
2.44
128.85
-35.42
-109.92
170.37
128.85
-269.91
-63.51
170.37
-90.38
-76.94
-82.44
38.47
175.87
-4.27
-172.81
-232.66
257.08
351.73
-313.26
-307.16
100.76
63.51
3.66
1.83
-86.10
-28.70
299.83
217.39
-192.35
-216.78
0.61
146.56
-38.47
-200.29
-4.27
161.21
92.21
-72.06
-218.61
-122.13
56.79
130.07
30.53
-110.53
-40.30
263.80
65.95
-245.48
-36.64
225.33
-81.83
-112.36
281.51
-73.28
-299.83
101.37
23.20
-76.94
42.75
-3.66
-122.13
-68.39
-9.16
-84.88
346.24
86.71
-302.27
14.04
209.45
-117.86
17.10
35.42
-179.53
-19.54
109.31
-235.71
18.32
421.96
204.57
-172.20
-285.17
30.53
3.66
-138.62
-307.77
206.40
574.01
-121.52
-523.94
288.23
382.27
-178.31
-363.95
-269.30
158.16
323.03
-26.26
-305.32
137.40
111.14
18.32
134.95
-179.53
-250.98
50.07
4.89
63.51
-46.41
-76.33
287.62
334.03
-218.00
-231.44
36.64
136.79
114.19
-297.39
-349.90
175.87
332.19
12.21
-233.27
54.35
46.41
-189.30
-280.90
165.49
51.91
9.77
110.53
70.84
-40.91
-103.20
17.10
165.49
69.00
-105.03
-190.52
73.89
115.41
-97.09
-180.75
-38.47
315.71
145.33
-213.73
-279.68
-31.75
208.23
-13.43
-36.03
-4.27
-4.27
201.51
37.86
-112.36
39.08
72.06
-139.23
-205.18
-45.80
-99.54
-17.10
158.16
133.12
9.77
-87.32
-55.57
91.60
116.63
-155.72
-258.92
170.98
253.42
-114.80
-209.45
-126.40
216.17
319.98
-116.02
-254.03
111.75
395.70
-240.60
-585.00
24.43