-45.80
-64.12
-282.73
72.06
359.06
31.14
-43.97
163.04
-48.24
-267.46
-84.27
45.80
42.75
-4.27
-63.51
-53.13
136.17
61.06
-78.16
21.98
90.99
1.22
-205.79
-498.90
141.67
481.80
0.00
-141.06
158.77
-56.18
-51.29
109.92
11.60
85.49
-414.63
-451.27
226.55
542.87
58.01
-145.95
-287.01
-198.46
265.02
312.04
25.04
-276.62
-276.01
260.14
260.75
-127.02
-95.87
150.83
-351.12
-403.64
529.43
423.79
-107.47
-451.27
-255.86
271.13
414.63
-29.92
-229.60
-92.82
-70.84
-217.39
17.10
265.02
244.26
-155.11
-254.03
87.93
-16.49
-198.46
194.19
178.31
-133.73
-4.27
-28.09
62.29
64.73
-174.04
53.13
194.19
-121.52
-179.53
14.04
-81.22
-23.20
0.61
97.09
49.46
76.33
-67.17
-107.47
37.86
-3.05
0.00
57.40
7.33
-59.23
-70.84
47.63
-52.52
-28.70
106.25
18.32
-60.45
-54.35
-25.65
-5.50
16.49
36.64
31.14
-26.26
-57.40
-25.04
-11.60
3.05
-1.83
-5.50
-0.61
-4.27
28.70
-2.44
-12.82
-0.61
-15.27
-67.17
-40.30
9.77
35.42
31.14
0.00
-20.15
-20.76
-14.66
-4.27
-6.72
-9.77
17.71
-10.99
-40.30
-5.50
27.48
-31.75
-15.88
81.22
63.51
-18.93
-111.14
-109.31
9.16
79.38
-7.33
-92.82
-10.38
61.06
9.77
-21.98
-19.54
9.77
37.86
-1.22
-11.60
-12.21
-41.52
-4.89
23.20
-16.49
-40.91
-3.05
-7.94
-29.31
-13.43
102.59
-7.33
-79.38
17.10
12.21
-73.28
-14.04
22.59
5.50
-56.79
-39.08
3.66
10.99
29.92
41.52
20.15
13.43
-9.77
-3.05
-50.68
-39.08
4.89
36.64
-11.60
-58.01
-14.04
34.20
24.43
-55.57
-93.43
47.02
126.40
14.66
-130.07
-85.49
32.98
43.97
-20.15
-48.85
-36.03
94.65
95.87
-87.93
-80.00
64.73
32.98
-35.42
-24.43
-94.04
-61.06
80.61
91.60
-36.03
-85.49
32.98
81.83
27.48
-52.52
-42.13
1.22
-25.04
-72.67
-81.22
20.76
115.41
47.02
-42.75
-95.26
-6.11
90.38
37.25
-84.27
-100.76
-20.76
81.83
16.49
-42.13
25.65
23.82
-3.05
-71.45
-225.33
174.04
366.39
-118.47
-197.85
109.31
-69.00
-180.75
44.58
36.03
-109.31
-118.47
384.10
100.15
-233.88
66.56
50.68
-138.01
-25.65
-9.16
-23.20
75.11
-99.54
-195.41
109.92
145.33
36.64
66.56
6.11
-95.26
-116.63
-16.49
48.24
7.33
-23.82
1.22
-20.15
39.08
28.70
-27.48
-78.16
-211.28
-9.16
348.07
147.78
-161.82
-67.78
135.56
-33.59
-241.21
-73.89
191.74
157.55
-264.41
-384.10
87.32
426.23
61.68
-310.21
-167.32
213.12
122.13
-96.48
-73.28
-42.13
201.51
222.89
-183.81
-122.74
233.88
96.48
-524.55
-341.35
460.43
361.50
-407.30
-93.43
438.45
25.04
-355.40
-26.26
260.14
-23.20
-307.77
-152.05
69.61
-47.02
-76.33
123.35
249.15
-20.76
-179.53
33.59
98.93
-109.92
-38.47
148.39
113.58
-97.09
-160.60
5.50
64.73
46.41
-58.01
-33.59
-40.30
-127.02
-17.10
210.67
141.06
-18.32
-29.92
-25.04
-205.18
-202.13
94.04
120.91
-96.48
10.99
6.11
16.49
136.79
6.11
-192.97
11.60
128.85
-57.40
-106.25
92.82
64.12
-9.16
-95.26
-26.26
62.90
35.42
45.19
-20.76
-209.45
-143.50
78.77
103.81
-12.82
24.43
69.00
-43.36
-43.36
-13.43
31.14
61.68
-21.98
-37.86
-3.05
-50.68
-42.75
12.82
0.61
-34.20
-45.19
-5.50
-10.99
-23.20
18.93
89.15
54.96
-45.19
-89.15
-33.59
43.97
42.13
23.20
-20.76
-33.59
-58.01
-84.88
10.38
81.83
49.46
11.60
-5.50
-75.72
-91.60
20.15
65.34
32.36
23.82
-68.39
-80.00
29.92
-25.65
-20.76
34.20
35.42
-31.14
-59.84
26.87
44.58
-14.04
-48.24
4.27
7.94
-53.74
-31.75
-2.44
1.83
-12.21
-4.27
28.70
-31.14
1.22
56.79
45.80
-45.19
-131.29
76.33
183.19
-59.84
-96.48
18.93
-53.74
-140.45
-29.31
61.68
-32.98
142.89
98.31
-156.33
-112.97
65.34
-30.53
-31.75
78.77
-87.93
-149.00
-54.96
262.58
256.47
-183.19
-100.76
159.38
-42.13
-133.12
42.75
-230.83
70.84
380.43
-238.15
-197.24
320.59
26.87
-157.55
15.88
-107.47
-126.40
-43.97
149.00
127.02
-155.11
-108.70
112.97
14.66
3.05
88.54
-58.01
-57.40
20.76
-101.37
-40.30
108.09
-1.83
-16.49
101.37
12.82
-119.69
-90.99
-28.09
38.47
-100.76
66.56
207.62
4.27
-77.55
21.98
-40.91
-61.68
-191.74
-98.93
362.12
29.92
-270.52
161.82
211.28
-136.79
-143.50
26.87
-4.27
42.13
42.75
-298.61
91.60
385.93
-144.11
-313.87
62.29
11.60
-52.52
15.27
28.70
-110.53
78.77
54.35
-48.24
119.08
59.84
-72.06
-78.77
-105.03
-13.43
-127.02
43.36
258.30
136.17
-135.56
-30.53
186.25
-254.03
-406.69
164.88
315.71
-144.72
-240.60
312.04
236.93
-300.44
-150.83
284.56
34.81
-405.47
-68.39
187.47
138.62
-107.47
-225.94
146.56
324.87
-70.84
-204.57
43.97
25.65
-27.48
-43.36
10.38
64.73
31.14
-41.52
-74.50
10.38
-25.65
-125.18
-76.94
-63.51
-7.33
88.54
116.02
125.79
50.07
-64.12
-69.61
-12.21
-15.88
-12.21
7.94
-65.34
-4.89
17.10
53.13
149.61
17.71
-167.32
-153.27
-47.63
-3.05
47.63
53.13
-18.32
-17.71
-17.71
-11.60
1.22
12.21
31.14
-37.86
-94.65
-71.45
82.44
196.02
15.27
-97.09
45.80
34.81
-103.81
-54.35
36.03
-36.64
-105.64
21.37
10.99
-84.27
35.42
115.41
-130.68
-114.80
106.86
31.14
-47.63
-29.92
16.49
76.33
25.65
-37.25
1.83
35.42
1.22
-57.40
-87.32
-32.36
73.28
51.91
41.52
44.58
-41.52
-110.53
-15.27
34.20
-4.27
28.09
-29.31
-130.07
-48.85
20.76
13.43
34.20
47.63
-6.11
-72.67
-76.94
-47.63
17.10
92.82
80.61
-26.87
-39.08
-17.10
12.82
14.66
-10.99
12.21
14.66
-37.25
-37.86
-6.72
-15.27
-31.14
43.97
48.24
-9.77
-62.29
-87.32
-50.07
31.14
50.68
5.50
-21.37
-19.54
9.77
16.49
-43.97
-39.69
78.16
65.34
-46.41
-42.75
-32.36
-36.64
28.70
24.43
20.15
9.77
-26.26
-59.23
9.16
25.65
-10.99
-6.11
29.92
-25.04
-48.85
-62.90
-50.07
-10.99
34.20
45.19
26.26
5.50
-3.66
-8.55
-25.65
-18.93
48.85
-67.78
-100.15
118.47
84.88
-118.47
-62.29
78.77
14.04
-26.87
-40.91
-81.83
-83.66
9.77
210.06
114.80
-143.50
-92.21
53.13
15.88
-50.68
-36.03
2.44
-68.39
63.51
158.16
20.76
-104.42
-12.82
26.26
-42.75
-74.50
-47.63
-73.28
-34.81
23.82
173.42
123.96
-127.63
-56.18
85.49
10.38
-53.74
-83.66
-81.22
18.93
-26.26
-73.28
47.63
136.17
48.24
23.20
-12.82
-100.76
-56.18
-32.98
-25.65
18.32
49.46
18.32
-19.54
-15.88
23.20
48.24
20.15
-53.13
-65.95
-60.45
-37.86
24.43
50.07
58.01
25.65
20.15
-194.19
-149.61
272.96
145.33
-125.18
-18.93
-23.20
-138.62
-76.94
54.35
35.42
33.59
-12.82
-108.70
43.97
83.05
-50.68
-6.11
139.84
68.39
-256.47
-257.69
317.54
337.69
-272.96
-279.68
182.58
174.65
-146.56
-205.18
91.60
167.93
-256.47
-260.14
312.65
354.18
-243.04
-304.10
183.19
167.32
-44.58
-107.47
-52.52
94.65
-61.68
-81.83
294.94
183.19
-286.39
-236.93
12.82
-165.49
-23.20
319.98
179.53
-121.52
-75.72
184.42
78.77
-214.34
-143.50
-29.31
-84.27
-42.13
-35.42
12.21
122.13
100.76
-10.38
-18.32
59.23
-67.78
-137.40
19.54
36.64
-74.50
-47.02
181.97
186.86
-94.65
-87.32
-14.66
-67.78
-103.20
-17.10
26.87
40.91
-107.47
-3.66
97.09
81.83
-60.45
-54.35
36.64
-23.82
-58.62
45.80
44.58
4.89
-15.88
-21.98
-58.62
-5.50
14.66
-6.72
-4.89
-104.42
-95.26
43.97
114.80
72.67
61.06
0.61
-94.04
-100.15
-56.18
12.82
26.26
12.82
45.19
-9.16
-31.14
-3.05
14.66
2.44
-34.81
-57.40
-43.36
-7.94
-1.83
15.88
51.29
67.78
10.99
-29.31
-41.52
-28.70
-67.78
-38.47
19.54
35.42
-4.27
-10.99
20.76
55.57
-11.60
-35.42
-14.66
-8.55
-48.85
-41.52
-29.31
23.20
64.12
8.55
-18.32
-20.15
-20.76
-0.61
-36.64
-14.04
-6.11
15.88
39.08
10.99
-20.15
-14.66
0.00
19.54
-55.57
-53.74
4.89
36.03
-25.04
-28.70
62.29
53.13
-19.54
-75.11
-50.68
-29.92
-6.72
-34.20
12.21
65.95
73.89
4.89