-74.50
-60.45
-101.37
-53.13
42.75
98.31
83.05
36.64
-71.45
-117.24
6.11
117.86
84.88
-14.66
-56.18
-14.04
81.22
72.67
-142.89
-216.17
-83.66
-4.89
57.40
78.16
42.75
-53.74
-169.76
-117.24
54.96
130.68
169.15
133.73
-40.30
-114.80
-53.74
34.81
-4.27
-34.20
44.58
26.26
-37.86
-119.69
-81.22
15.88
13.43
-8.55
-7.33
20.76
15.27
-15.88
-2.44
-14.66
19.54
47.02
64.73
-4.27
-136.17
-81.22
84.27
86.71
-26.87
-112.97
-43.36
40.91
-27.48
-53.13
28.70
78.16
15.27
-54.96
-67.17
-14.04
62.90
35.42
-18.32
-58.01
-15.27
53.74
35.42
-26.87
-56.18
4.89
17.71
-75.11
-80.61
33.59
40.30
-41.52
3.66
96.48
62.90
-45.80
-139.84
-75.11
26.26
0.61
-3.66
42.75
41.52
3.05
9.16
12.21
-47.02
-149.00
132.51
185.03
-75.72
-250.37
-246.09
343.80
275.40
-317.54
-78.16
442.72
-104.42
-279.07
36.64
-70.22
-203.35
-172.81
6.11
274.18
236.93
-169.76
-180.75
61.68
91.60
32.36
-26.87
31.75
122.13
12.21
-46.41
-81.22
-18.32
55.57
0.61
-64.73
-86.71
20.15
34.81
-124.57
-178.31
25.65
164.26
94.65
31.75
-18.93
-57.40
-55.57
-54.96
-12.82
64.73
81.22
-9.77
-115.41
-59.23
27.48
-1.22
-43.36
-50.07
21.37
113.58
-105.03
-123.96
292.50
163.04
-120.91
-30.53
139.84
-365.78
-390.82
486.69
325.48
-161.82
-235.10
-76.94
165.49
4.89
-218.00
-15.27
301.05
-72.06
-192.97
4.89
8.55
-13.43
120.30
54.96
-50.07
54.35
9.16
-141.06
-250.98
-106.25
118.47
216.17
191.74
-31.14
-69.00
-39.69
-33.59
-3.05
25.65
34.20
-45.19
-106.25
-78.16
1.83
52.52
23.20
7.33
7.33
11.60
-17.71
-92.21
-113.58
-65.34
294.94
109.92
-94.04
21.98
-29.92
-168.54
-84.27
-48.24
29.92
143.50
-48.24
-78.77
118.47
45.80
-29.31
6.11
-50.68
-117.86
83.05
-54.96
-120.91
324.87
89.77
-250.98
-11.60
152.05
-50.68
-61.68
-145.33
2.44
222.89
-40.91
-185.03
85.49
136.17
-60.45
-114.19
-83.05
-22.59
47.63
-161.21
6.11
208.84
-8.55
-60.45
134.95
78.16
-60.45
-80.00
-53.13
-111.14
-100.76
-40.91
50.07
159.99
78.77
51.29
52.52
-96.48
-70.84
-241.21
-81.22
368.83
268.69
-171.59
-326.70
-79.38
225.33
-44.58
-70.22
116.02
120.30
-161.82
-271.13
-32.36
118.47
290.06
-191.74
-243.65
420.74
308.99
-476.31
-558.13
170.98
615.53
149.00
-357.84
-209.45
175.87
-130.68
-172.20
169.15
83.66
-55.57
120.30
76.33
-128.24
-37.86
99.54
5.50
-295.55
87.93
243.65
-182.58
-301.66
71.45
198.46
81.83
-32.98
-68.39
-225.33
26.26
80.61
42.75
147.78
54.96
-34.20
51.91
-136.79
-324.87
-75.11
221.06
193.58
42.75
-261.36
-95.26
72.67
-42.75
73.28
282.73
132.51
-234.49
-256.47
-47.63
-41.52
58.01
312.04
113.58
-123.35
-68.39
-152.05
-217.39
20.15
108.70
140.45
-41.52
-144.72
62.29
142.89
-72.06
-78.77
7.94
-41.52
12.21
24.43
-36.64
-134.95
41.52
178.31
-29.92
-6.11
134.95
-59.84
-106.25
59.23
-26.26
-174.65
-63.51
65.34
86.71
12.21
-35.42
-38.47
56.79
43.97
-59.84
-48.85
-76.94
40.30
75.11
-32.98
26.87
-29.92
-92.82
-57.40
-61.68
47.02
201.51
-114.80
-158.16
106.25
244.26
21.37
-118.47
-94.65
-141.67
30.53
169.15
-61.68
-40.91
119.08
45.19
-154.49
-157.55
-34.20
181.36
43.97
-149.61
-90.38
135.56
51.91
-199.07
19.54
305.94
76.33
-257.08
-137.40
42.13
117.24
-145.33
-127.63
172.81
205.18
-54.35
-116.63
-100.15
-119.69
78.77
101.98
-14.66
-34.81
89.15
-126.40
-104.42
228.38
51.29
-220.44
-2.44
142.89
-110.53
-210.06
-29.92
117.24
175.87
69.00
-97.09
-76.94
28.70
4.89
-71.45
-31.14
54.96
87.93
-22.59
-117.24
5.50
87.93
34.20
6.11
-56.79
-116.63
-44.58
142.89
-97.09
7.33
188.08
-150.83
-125.18
119.69
-55.57
-158.77
-31.75
137.40
84.88
-75.11
53.74
42.13
-98.93
-9.77
39.08
-206.40
26.87
279.68
-199.07
-55.57
272.96
-98.31
-122.13
150.22
-34.81
-194.80
-196.63
132.51
182.58
21.98
-118.47
-36.64
108.70
105.03
-56.18
-151.44
19.54
-5.50
-50.68
14.66
-28.70
48.24
148.39
11.60
-119.08
-68.39
-54.96
-67.17
-130.68
7.33
153.88
155.72
14.04
42.13
53.13
-166.10
-211.90
23.20
209.45
83.66
-155.72
-99.54
87.93
51.29
-68.39
-56.18
94.04
-94.65
-14.66
-134.34
-357.84
376.77
430.51
-263.19
-46.41
317.54
-167.93
-392.04
-134.95
224.72
139.84
4.27
-65.95
54.35
187.47
-114.19
-141.06
127.63
-63.51
-61.06
23.20
-255.86
-82.44
172.20
114.19
175.87
70.84
-275.40
-152.66
42.13
-17.71
26.26
25.65
97.09
47.02
-83.05
-45.19
70.84
101.98
-73.89
-197.85
-104.42
-29.92
88.54
102.59
45.80
45.19
10.38
-61.68
-111.75
-76.94
0.61
181.36
65.95
-178.31
-112.97
206.40
57.40
-138.62
-76.94
48.85
52.52
37.86
-72.67
-142.28
12.82
131.90
-21.98
49.46
34.20
-50.68
-72.06
-104.42
-87.93
-18.93
95.87
96.48
33.59
23.82
-89.77
-64.73
1.83
37.86
70.22
-27.48
-72.06
4.27
21.37
15.88
-42.13
24.43
34.20
-51.29
-84.27
-69.00
-53.74
-38.47
57.40
124.57
48.24
-16.49
-52.52
-58.62
-13.43
24.43
75.11
19.54
-69.00
-64.12
-13.43
2.44
-0.61
-7.33
28.70
25.65
-37.25
-97.09
-7.33
82.44
34.20
-38.47
-27.48
-12.82
-35.42
-25.65
-11.60
0.61
58.01
39.69
-50.07
-9.77
-12.82
-33.59
-14.04
34.81
43.97
-7.33
-45.80
-37.86
5.50
14.66
-35.42
-28.70
20.76
36.64
-1.22
-55.57
-25.04
-2.44
-17.10
-25.04
7.33
36.64
23.82
-22.59
-50.07
8.55
34.20
5.50
1.22
-3.66
-18.32
-48.24
-44.58
6.72
8.55
1.83
-31.75
-17.71
7.94
-5.50
28.70
37.86
-18.93
-2.44
18.32
-17.10
-47.63
-58.62
-9.77
29.31
-37.25
9.77
47.63
16.49
-11.60
1.22
7.33
-2.44
-29.92
-81.22
-39.08
5.50
25.65
36.03
-1.22
-21.37
11.60
29.31
15.88
-43.36
-42.75
-10.99
-31.75
-9.16
21.98
-17.10
1.22
21.37
-10.99
-11.60
-1.22
-20.76
-20.15
1.22
4.27
-12.82
56.18
-20.15
-31.14
-1.83
-11.60
7.94
14.66
-18.32
16.49
-18.93
-42.13
-12.82
94.65
-106.25
-87.93
293.11
-15.88
-315.10
127.63
100.76
-258.92
-17.71
125.79
-32.36
34.81
-19.54
-87.32
106.25
87.93
-127.63
-72.06
88.54
56.79
8.55
4.89
-249.15
24.43
304.71
-86.10
-82.44
169.76
-94.04
-238.76
-71.45
-1.22
34.81
-4.89
252.81
47.02
-136.79
19.54
10.38
-128.24
-27.48
81.22
45.19
-32.36
-73.28
-142.89
17.10
54.96
65.34
90.99
49.46
-45.19
-189.30
-94.65
133.12
82.44
-27.48
5.50
-14.66
-52.52
-54.96
-14.04
17.10
31.14
-103.81
-192.35
205.18
336.47
29.92
-164.88
-205.18
-45.19
81.83
39.08
-75.72
64.73
175.87
-202.74
-316.32
156.94
445.16
-265.63
-586.22
157.55
534.93
-77.55
-605.15
-45.19
840.86
343.19
-473.25
-139.23
97.70
-340.13
-76.94
202.74
134.95
-87.32
-144.72
-39.69
18.32
54.96
145.95
203.96
-113.58
-436.61
-136.17
253.42
108.70
-108.70
84.88
162.43
32.36
-149.61
-303.49
-14.04
172.20
-0.61
-108.70
139.23
199.68
12.82
-188.69
-167.32
-26.26
92.21
161.21
-20.15
-123.96
-113.58
-78.77
88.54
206.40
59.23
-108.09
-142.28
-203.35
-20.76
128.24
127.63
130.68
25.04
-155.11
-39.08
84.88
-43.97
10.99
24.43
-177.09
-84.27
33.59
81.83
10.99
0.61
114.80
9.77
-95.87
-49.46
-32.36
-101.98
-74.50
0.00
56.79
144.11
104.42
-56.18
-30.53
6.72
-134.95
-137.40
87.32
72.67
-39.69
-5.50
22.59
-18.93
1.22
98.93
122.74
-22.59
-167.93
-148.39
-52.52
-36.03
22.59
140.45
102.59
-23.82
-18.32
-10.99
-55.57
-59.84
-4.89
51.91
11.60
-72.67
-81.83
-30.53
6.11
81.83
73.28
-20.15
-84.88
-71.45
-12.21
22.59
81.22
100.15
8.55
-45.80
-46.41
-3.05
-43.36
-34.81
31.75
12.21
-6.11
12.21
-12.21
-54.35
-26.26
56.79
-40.30
-75.72
73.89
64.73
-39.08
-74.50
-15.88
-28.70
-51.29
-80.61
114.19
199.07
-138.62
-158.16
81.22
6.11
-61.06
84.27
81.22