9.16
6.11
-20.76
37.86
7.94
-32.98
16.49
-15.88
-5.50
-6.72
-23.82
9.77
2.44
21.98
40.91
-24.43
-36.64
-29.31
-58.01
-36.64
67.78
65.95
-30.53
-20.15
18.93
-12.21
-82.44
-51.91
39.08
59.84
-9.16
-89.77
-22.59
61.68
-11.60
-51.29
81.22
95.26
-21.98
-29.92
-48.24
-166.10
-21.98
324.26
88.54
-283.34
4.89
80.00
-196.63
-82.44
75.72
54.35
13.43
-46.41
-53.13
-25.04
77.55
51.91
6.72
26.26
-45.19
-42.13
12.21
-12.21
-51.91
-59.23
-8.55
32.36
58.01
66.56
17.10
-82.44
-47.02
69.00
40.30
-50.68
-72.67
-20.15
-20.15
-21.37
71.45
59.23
-72.06
-120.30
-24.43
-22.59
-127.63
184.42
274.79
19.54
-18.93
15.88
-192.97
-213.12
53.13
81.22
-48.85
-254.64
119.08
249.76
-32.98
-113.58
56.79
23.82
-73.89
-11.60
-186.25
91.60
341.96
-109.31
-226.55
142.28
60.45
-229.60
-62.90
70.22
-17.71
97.09
-21.37
-279.68
20.15
341.96
224.11
-228.99
-257.08
57.40
227.77
-103.81
-332.80
50.68
386.54
-108.70
-308.38
152.66
260.14
-127.63
-120.30
128.24
-59.23
-222.89
177.70
198.46
-114.19
-127.63
-73.28
-109.31
-77.55
128.85
85.49
-93.43
-201.51
70.22
324.87
175.87
-63.51
-93.43
-131.90
-18.93
137.40
-100.15
-141.67
-114.19
58.62
186.86
-104.42
-56.79
109.31
-115.41
-199.68
149.61
198.46
36.64
-194.19
-152.66
266.24
276.62
-152.66
-192.35
-4.89
-158.77
-59.23
124.57
29.31
-113.58
-54.96
117.24
103.20
-28.70
-61.06
72.67
138.62
-50.07
-217.39
-36.03
164.88
25.65
-75.11
-36.03
-56.79
23.20
-104.42
-138.62
12.82
32.36
218.00
212.51
-62.90
-150.83
6.11
87.32
-27.48
-124.57
-123.96
62.29
28.70
-211.90
-39.08
267.46
36.03
-147.17
19.54
46.41
53.74
-79.38
-95.26
12.21
103.20
74.50
-47.63
-13.43
51.91
45.19
-50.68
-234.49
-134.95
25.04
112.97
49.46
-71.45
70.84
106.86
-53.13
-97.09
93.43
104.42
-67.17
-129.46
-78.77
8.55
116.02
4.89
-86.71
12.21
22.59
-12.21
20.15
15.27
36.64
-57.40
-183.81
-3.05
142.28
7.33
-63.51
-94.04
-146.56
186.25
196.63
-244.87
2.44
150.22
-120.91
8.55
10.99
-147.78
361.50
105.64
-331.58
-53.13
83.05
-29.31
140.45
-101.98
-478.14
271.74
472.03
-367.00
-181.97
282.73
39.08
-54.35
-112.97
-187.47
188.69
109.92
-238.15
-158.16
408.52
80.00
-315.10
6.72
53.74
-9.16
79.38
-34.20
-117.24
-71.45
47.02
167.32
158.77
-79.38
-194.19
13.43
41.52
-107.47
-100.15
35.42
113.58
-20.15
-108.09
-34.81
74.50
147.78
13.43
-102.59
-54.96
-20.76
6.11
28.70
-23.82
-33.59
36.03
44.58
-1.22
-99.54
-119.08
-175.87
51.91
421.35
86.10
-186.25
-53.74
94.04
98.31
-109.92
-281.51
-12.82
501.34
-140.45
-739.50
70.22
694.92
8.55
-398.75
38.47
258.92
-370.05
-329.14
266.24
400.59
-69.00
-199.07
93.43
227.16
-108.09
-108.09
-7.94
-277.23
60.45
78.16
-357.84
238.15
688.20
-213.12
-558.74
290.67
525.77
-328.53
-533.71
45.80
375.55
32.36
-357.23
-202.13
232.66
150.22
-161.21
-177.70
180.75
244.87
-75.72
-153.27
87.32
180.14
14.66
10.99
0.00
-35.42
-144.72
-302.27
-130.07
96.48
126.40
210.06
-174.04
-92.21
251.59
89.77
-290.67
-127.63
290.06
133.12
-230.83
-144.72
-11.60
203.96
32.98
-34.20
25.65
-62.29
-49.46
-52.52
-180.14
-126.40
85.49
236.32
212.51
20.15
-87.93
-59.23
-45.80
-101.37
-58.62
84.27
43.97
-112.36
-199.07
-117.24
147.17
203.96
112.97
64.12
-45.80
-149.00
-145.95
5.50
89.15
99.54
43.97
-43.36
-77.55
-90.99
-74.50
5.50
93.43
29.92
-76.94
-50.07
26.87
14.66
-7.33
34.20
69.61
26.87
-58.62
-112.97
-51.91
-9.16
-17.10
17.71
68.39
43.36
-39.08
-62.90
41.52
72.67
-48.85
-91.60
15.27
65.95
-41.52
-34.20
84.27
14.04
-138.62
-95.26
120.30
128.85
-94.65
-127.02
62.90
55.57
-104.42
-72.67
158.16
166.71
-158.77
-176.48
15.88
32.36
-60.45
-0.61
34.20
-17.10
27.48
73.28
10.99
-73.28
-94.65
9.16
72.06
40.91
23.82
25.65
-1.83
-37.25
14.66
-24.43
-62.29
6.11
-21.37
-71.45
-92.82
-57.40
21.98
53.13
90.38
26.26
47.63
180.14
-197.85
-147.17
205.79
-97.09
-158.77
145.95
-42.13
-186.25
40.30
120.91
72.06
-17.71
25.65
-73.89
-104.42
56.79
87.93
-147.78
-69.61
69.00
117.24
48.24
-149.61
-170.98
103.20
108.09
-30.53
-20.76
-42.75
26.87
-8.55
-145.33
70.22
223.50
20.15
-84.27
-59.23
-44.58
-6.72
26.26
-26.87
-68.39
-28.09
42.13
-8.55
-117.24
100.76
230.83
-78.16
-117.86
-61.68
-156.94
246.70
161.82
-208.23
109.92
108.09
-207.01
-213.73
-63.51
113.58
56.79
-54.35
153.27
39.69
-111.75
104.42
-66.56
-175.26
153.27
114.80
-230.21
-166.10
166.71
126.40
-48.85
-80.61
42.13
65.95
108.09
-61.68
-357.84
-53.74
473.25
79.38
-359.06
61.06
356.01
-10.99
-549.58
-363.34
353.57
311.43
-362.12
-272.35
270.52
526.99
122.13
-405.47
-187.47
280.90
50.68
-317.54
-146.56
218.00
197.85
-156.94
-94.65
50.68
11.60
-100.15
-198.46
115.41
126.40
-1.22
42.75
169.15
8.55
-182.58
18.93
42.75
-95.26
-157.55
-123.96
-8.55
108.09
-44.58
-62.90
192.35
123.35
-68.39
-41.52
52.52
-123.35
-174.04
29.92
166.10
174.04
10.38
-155.72
-25.04
53.13
-66.56
-118.47
-73.28
239.37
1.83
-304.71
48.24
362.12
59.84
-112.36
-18.93
-145.95
-241.82
-35.42
90.99
75.11
50.68
-45.80
-87.32
92.21
83.66
-28.09
-9.77
-64.73
-59.23
72.67
23.20
-40.91
87.32
139.23
-87.93
-145.33
10.38
17.71
-92.82
-95.26
-32.98
-34.20
12.82
141.06
100.76
35.42
-15.88
-59.23
-28.09
-46.41
-64.12
-18.32
53.74
21.98
-56.18
-77.55
-25.04
76.94
53.74
-47.63
-31.75
10.38
48.85
60.45
-5.50
-25.04
-35.42
-62.29
-16.49
7.94
-37.86
-51.91
-59.23
27.48
43.97
14.66
6.72
109.92
143.50
-2.44
-147.17
-97.09
17.71
-3.05
-57.40
-44.58
-21.37
6.72
12.21
23.20
-21.98
-47.63
-31.14
44.58
45.19
-13.43
-33.59
-7.94
34.81
32.36
3.66
-31.14
-51.29
-25.65
-19.54
-29.31
9.77
6.11
12.82
41.52
1.22
-39.08
17.10
33.59
-23.20
-87.32
-54.35
26.26
41.52
37.86
-17.10
-70.84
-31.14
58.62
164.88
-58.62
-91.60
65.34
-49.46
-119.69
-32.98
43.36
69.00
-3.05
-258.92
25.65
348.07
-75.11
-219.22
114.80
15.27
-109.92
33.59
28.09
-13.43
0.61
111.75
-49.46
-108.09
97.09
24.43
-92.21
-67.78
-35.42
-40.91
32.36
31.14
62.29
44.58
-133.73
-72.06
107.47
54.96
-3.66
4.89
-30.53
-45.80
-22.59
-69.61
37.86
131.29
-28.70
-126.40
-70.22
6.11
-288.23
116.02
635.69
-0.61
-296.78
71.45
-24.43
-178.92
-61.68
-31.75
-40.91
20.76
-108.70
-28.70
371.89
-54.35
-278.46
119.08
202.13
-28.09
-150.22
-40.30
94.65
3.05
-161.82
-115.41
166.10
203.35
-25.04
-77.55
-169.15
-163.65
47.02
71.45
9.16
26.26
100.15
41.52
-62.90
-57.40
-8.55
29.92
29.92
-46.41
-92.21
-67.78
34.81
42.13
10.38
22.59
27.48
-26.26
-44.58
14.66
-26.87
-228.99
189.30
400.59
-85.49
-382.27
-152.66
156.33
279.07
-80.61
-266.85
398.14
176.48
-590.50
-353.57
511.11
285.78
-586.83
-497.68
490.96
602.10
-293.72
-547.75
213.12
418.30
3.05
-170.98
-83.05
136.17
137.40
-67.78
-181.97
32.98
201.51
12.82
-178.92
-142.89
40.91
127.63
-118.47
-238.15
-229.60
94.04
371.89
126.40
-97.70
136.17
101.37
-298.61
-348.68
199.07
243.65
51.29
-129.46
-213.73
97.09
130.68
-124.57
-199.07
-63.51
230.21
184.42
-271.74
-257.69
140.45
359.06
10.38
-216.78
-18.93
195.41
63.51
-152.05
-231.44
-31.75
132.51
32.36
51.91
30.53
12.82
-82.44
-147.17
-36.64
54.35
-17.71
70.84
129.46
-131.29
-157.55
81.22
142.89
30.53
-10.99
-167.32
-172.81
70.84
47.63
-28.70
59.23
39.69
52.52
44.58
-80.00
-82.44
-17.71
108.09
-3.05
-101.98
-74.50
-18.32
27.48
31.14
-20.15
-7.33
46.41
42.13
-100.76
-120.91
28.70
153.88
36.64
-84.88
-2.44
81.22
0.00
-110.53
-117.24
-4.89