-34.20
-28.09
30.53
-3.05
-64.73
-35.42
-9.77
-14.04
58.62
45.19
-20.15
-6.11
-39.69
-58.62
43.36
45.19
-55.57
-7.94
40.30
-52.52
-26.26
4.89
-34.81
4.89
26.87
-19.54
-24.43
30.53
7.33
-42.75
50.07
43.36
-43.36
-66.56
-37.25
-20.76
-15.88
-1.83
26.87
35.42
-15.88
-34.20
6.72
-0.61
-18.32
-7.33
-15.88
-82.44
28.09
152.05
12.21
-72.67
43.36
46.41
-120.91
-127.02
-51.91
70.22
-0.61
-61.68
106.25
-37.86
-180.75
149.00
213.12
-163.04
-131.90
80.00
97.09
-84.88
-176.48
-31.75
155.11
139.84
23.82
-106.86
-94.65
18.32
2.44
-62.90
-32.36
-15.88
68.39
26.26
-53.13
-4.27
40.91
11.60
-48.24
-31.14
14.66
-35.42
-32.98
26.87
10.38
25.04
36.03
-27.48
-14.66
-40.30
-45.19
-10.38
-88.54
-32.36
122.74
87.32
-43.97
-79.38
-21.37
9.16
32.36
20.15
-40.91
42.75
89.77
14.04
-84.27
-34.81
43.97
-63.51
14.66
33.59
-144.11
14.04
65.95
-55.57
19.54
41.52
7.33
-11.60
-73.28
-218.00
-18.32
359.06
-23.20
-362.73
4.89
253.42
-28.09
-127.02
-18.93
106.86
150.83
-109.92
-217.39
24.43
186.86
82.44
-73.89
-78.16
21.98
45.19
-52.52
-79.38
-15.88
63.51
70.84
-46.41
-80.00
-2.44
39.08
-4.89
-61.68
30.53
27.48
-75.72
-45.19
-20.15
-67.17
18.32
91.60
6.72
-36.03
-13.43
10.38
42.75
-13.43
-51.29
-35.42
54.96
69.00
-25.65
-23.82
29.92
-2.44
-27.48
-29.31
-34.20
-18.93
-58.62
-4.27
65.95
-45.80
-139.84
127.63
221.06
-34.81
-17.71
21.98
-196.63
-139.23
81.22
46.41
-131.29
-60.45
42.13
-8.55
6.11
39.69
12.21
158.16
61.06
-192.97
-32.98
35.42
-150.22
100.76
279.07
192.97
-151.44
-258.92
-49.46
-252.20
-165.49
360.28
196.02
-130.07
-223.50
57.40
305.94
0.61
-162.43
168.54
70.22
-482.41
-217.39
131.90
50.68
142.89
43.97
-12.82
305.94
-49.46
-395.09
-54.96
70.84
135.56
15.88
98.93
20.76
-263.80
-33.59
213.12
60.45
-105.64
-83.05
-107.47
-9.16
-92.21
-83.05
101.98
345.02
155.11
-177.70
-117.86
-59.23
-45.80
-201.51
56.18
125.79
-85.49
80.00
123.35
-164.26
-72.67
129.46
36.03
73.28
-84.88
-209.45
203.35
213.12
-147.78
-102.59
78.16
-111.75
-209.45
-3.66
51.91
78.77
-92.82
-89.77
103.81
76.94
45.19
78.16
62.90
-28.70
-81.83
-17.71
11.60
-111.14
-66.56
43.36
2.44
13.43
90.99
4.89
-229.60
-166.10
100.76
205.18
20.15
-63.51
30.53
41.52
-45.80
-102.59
-40.91
102.59
50.68
-129.46
-122.74
41.52
126.40
48.85
-4.89
23.82
40.30
-10.99
-130.07
-130.68
34.20
118.47
34.81
-97.09
-131.90
-25.65
38.47
9.77
-37.86
-6.11
-47.02
25.65
105.03
-39.69
15.88
181.36
32.36
-222.89
-188.69
134.95
261.36
-80.00
-186.86
87.93
145.95
-138.01
-327.92
-71.45
318.76
174.04
-298.61
54.96
247.31
-212.51
-112.36
69.61
76.94
130.68
-8.55
-276.62
-172.20
47.02
152.05
174.65
-31.75
-28.09
146.56
-127.63
-255.86
53.13
120.30
-36.64
6.72
-109.31
-94.65
45.19
134.95
-17.71
-47.02
23.20
-58.62
-79.38
39.69
17.10
67.17
92.82
-36.64
-83.05
47.02
89.77
-1.22
-117.86
-172.81
-45.80
290.06
19.54
-243.04
97.09
65.34
-164.26
17.10
80.61
-36.64
192.97
-101.37
-374.94
134.95
227.16
-137.40
-91.60
98.31
-133.73
61.68
212.51
-246.70
-43.97
374.94
-92.82
-203.96
106.25
3.05
37.86
0.61
-144.11
-100.76
-3.05
-59.23
43.97
181.97
66.56
-117.24
-160.60
-33.59
103.20
77.55
16.49
-48.24
4.89
88.54
-63.51
-101.37
68.39
123.96
-49.46
-371.28
-156.33
464.70
112.36
-203.96
24.43
-12.82
-50.68
53.74
-4.89
3.05
57.40
83.66
-113.58
-131.90
-3.66
63.51
-30.53
-204.57
-153.27
277.23
197.24
-328.53
-280.29
261.97
519.05
126.40
-341.35
-260.75
-4.27
26.87
46.41
102.59
136.17
-164.88
-117.86
25.65
23.82
118.47
161.82
-228.38
-330.36
-17.10
153.88
90.38
-6.72
14.66
131.90
32.98
-233.27
-189.30
29.31
65.34
70.22
84.88
89.77
-55.57
-37.25
32.98
-34.20
-76.94
-56.18
7.33
17.71
-169.76
-48.24
256.47
145.95
-161.82
-42.13
97.09
-74.50
-90.38
-1.83
48.85
-29.31
-53.74
31.14
45.19
33.59
24.43
-48.85
-70.22
47.02
-20.15
-124.57
-18.32
17.71
26.26
37.25
17.10
-1.22
-17.71
-22.59
-64.73
-43.36
9.77
39.08
53.74
12.82
22.59
17.71
-7.94
-34.20
-64.73
-75.72
-59.23
23.82
86.71
69.00
40.91
-41.52
-70.84
-7.94
13.43
-14.04
-47.02
-45.19
21.98
29.31
-58.01
0.61
64.73
-6.72
-78.16
-19.54
18.32
0.61
-32.98
-70.22
-6.11
99.54
95.26
-26.87
-87.93
-9.16
-12.21
-20.15
-21.37
13.43
25.65
42.13
18.32
-9.77
7.94
10.38
-21.37
-47.02
-48.24
-19.54
-23.82
1.22
20.15
-4.27
33.59
-0.61
-68.39
-40.30
-5.50
4.27
12.82
-6.11
-47.02
-1.22
15.27
12.82
22.59
19.54
-30.53
-17.71
6.11
-23.82
-22.59
25.65
65.95
21.98
-29.31
-48.85
-37.86
13.43
4.27
-22.59
3.05
-3.05
-13.43
-36.64
6.72
49.46
-39.69
-22.59
13.43
-63.51
-66.56
-20.76
1.22
50.07
26.87
-10.99
21.98
8.55
-30.53
-1.83
-3.66
-11.60
0.00
8.55
-37.25
-7.33
47.63
32.98
-2.44
-39.08
-17.10
-3.05
-19.54
-20.15
-45.80
-1.22
66.56
-30.53
0.00
18.32
-57.40
-29.31
8.55
-40.30
-3.66
-10.38
-1.22
41.52
16.49
-28.70
20.15
26.87
-28.70
-38.47
-36.64
-22.59
26.26
27.48
10.38
45.80
-7.33
-31.14
-5.50
-50.07
-26.26
29.31
-12.82
-17.10
36.03
-31.75
-33.59
3.66
-17.10
-9.77
37.86
23.82
-26.87
-61.68
-29.31
7.94
31.14
13.43
-11.60
-38.47
-17.10
0.61
-7.94
9.77
25.65
11.60
20.76
-37.25
-66.56
4.89
32.98
-12.21
-11.60
-26.26
-14.66
34.20
-25.65
-75.11
37.86
77.55
14.66
-47.63
-119.08
-45.80
72.67
36.64
-18.32
-23.82
26.26
47.63
60.45
28.09
-1.22
-10.38
-76.94
-127.02
-93.43
2.44
31.75
16.49
31.14
13.43
-38.47
14.04
53.74
-40.30
3.05
73.28
-77.55
-142.89
-23.82
32.36
82.44
122.74
4.89
-101.37
9.16
-19.54
-137.40
70.22
219.83
22.59
-100.15
-94.04
-134.34
-69.61
43.97
22.59
46.41
16.49
-87.32
-37.86
31.75
28.70
15.88
53.13
51.29
-7.94
-54.96
-17.10
-40.30
-37.86
-3.66
-11.60
39.69
11.60
-100.15
-37.25
68.39
22.59
-58.62
-16.49
21.98
6.11
23.82
2.44
-56.18
15.88
65.95
-14.04
-27.48
-20.76
-43.36
-25.04
-12.82
-6.11
32.98
-9.16
-21.98
-20.76
-59.84
-29.31
61.06
45.19
3.05
20.76
-12.21
-32.98
-31.14
-16.49
-54.35
-4.89
65.34
-34.20
-48.85
32.36
21.37
14.04
27.48
-4.89
-17.71
-36.03
-86.10
-29.92
47.63
-2.44
3.66
8.55
-14.04
-10.38
-22.59
-16.49
-8.55
-67.17
-36.64
148.39
89.15
-107.47
0.61
172.81
-21.37
-242.43
-62.29
72.06
3.66
-129.46
-32.36
130.07
40.91
-144.72
92.82
201.51
-17.71
-146.56
-125.18
55.57
37.86
-100.15
9.16
94.65
63.51
-36.64
-70.22
-75.11
45.19
134.95
-53.13
-228.38
-111.75
103.20
154.49
25.65
-58.01
25.65
40.91
-55.57
-98.31
-14.66
56.18
47.63
-26.87
-56.79
-23.20
70.22
33.59
-41.52
-57.40
3.66
-12.21
-42.13
-63.51
-22.59
65.34
86.10
-28.70
-42.13
-3.05
-37.25
-35.42
5.50
38.47
66.56
25.04
-23.20
-27.48
-11.60
55.57
37.25
-30.53
-47.02
-76.33
-81.83
-75.72
33.59
117.86
55.57
-8.55
-6.11
-19.54
-53.74
-66.56
-4.27
4.89
-45.19
12.21
34.81
-6.72
-21.98
-3.05
26.87
-31.75
-36.64
1.22
-25.65
-4.89
32.36
70.22
59.23
3.66
-287.62
92.82
443.94
-141.06
-241.82
142.28
-62.29
-187.47
-1.22
0.61
87.93
-23.20
-127.02
-55.57
225.33
84.88
-270.52
-73.89
154.49
74.50
-13.43
-58.62
-47.63
-37.86
-15.88
-53.13
62.29
244.87
29.31
-158.16
-109.31
-32.36
63.51
69.00
-7.94
-1.83
-31.75
-99.54
-56.79
83.05
60.45
-13.43
-3.66
-43.97
-90.38
-13.43
51.91
9.16
-45.80
-2.44
-42.75
-47.02
48.24