422
438
423
396
368
408
402
392
358
371
411
439
440
430
395
383
418
405
389
354
386
419
449
427
421
371
377
403
392
362
349
386
412
435
415
397
359
388
394
386
351
349
392
422
441
429
400
375
414
408
397
358
376
415
441
435
431
389
381
417
409
388
355
387
410
439
416
418
368
382
401
393
359
346
384
414
440
423
403
368
398
399
388
354
363
403
429
439
422
387
369
407
400
391
354
379
415
448
436
429
387
386
415
409
381
349
384
411
440
415
404
362
379
394
387
353
348
386
416
439
422
398
367
399
398
394
360
372
414
444
453
439
403
391
428
414
399
358
385
418
451
437
431
383
384
409
399
372
351
389
419
444
424
405
364
385
398
393
356
353
391
413
433
421
393
370
410
404
394
358
373
412
441
447
436
398
387
418
409
396
361
392
426
452
430
421
370
374
396
389
357
342
380
408
430
415
397
365
395
400
391
355
357
398
427
441
427
395
369
408
403
393
356
375
414
443
440
431
386
383
416
406
387
352
387
417
444
425
419
370
383
400
389
355
342
382
412
434
426
402
364
395
397
391
358
368
412
439
452
437
402
381
420
410
400
361
382
419
441
434
430
385
383
414
404
375
351
388
415
444
421
411
370
389
401
392
359
352
391
420
441
421
395
366
398
401
392
360
370
412
435
441
426
390
376
415
406
392
360
386
422
455
439
434
383
379
407
397
366
343
381
410
437
418
405
366
391
402
394
362
359
398
423
441
425
399
376
410
407
398
362
379
419
446
449
440
401
388
420
406
388
354
385
416
444
422
414
371
380
400
395
365
348
387
415
437
419
402
366
392
400
390
355
355
402
425
444
433
402
384
418
412
403
364
386
422
448
440
431
390
385
417
407
387
351
387
419
443
423
415
368
379
399
391
358
346
389
416
440
423
399
362
392
393
388
354
358
408
432
438
429
397
379
418
409
398
362
388
423
448
437
431
385
382
408
395
369
341
379
411
438
416
408
365
384
397
389
357
350
396
421
436
419
392
362
397
397
387
351
361
404
431
438
429
393
382
420
411
397
358
388
421
451
436
434
385
386
411
399
368
345
385
412
435
415
398
357
380
391
386
351
350
392
415
436
423
397
370
412
412
400
363
379
420
448
447
436
393
381
419
407
388
352
388
419
452
428
424
373
377
397
390
357
342
384
413
435
421
404
363
396
398
386
347
351
390
417
435
420
392
374
410
402
393
357
380
421
449
443
438
392
386
419
410
389
359
389
414
443
418
410
366
379
398
390
356
346
388
416
437
424
402
368
396
396
390
355
362
408
435
449
435
402
383
426
418
404
365
389
417
449
438
433
389
388
412
405
377
352
389
414
443
420
408
362
378
390
381
347
342
384
412
431
417
393
364
401
396
393
356
367
412
439
444
432
394
381
420
409
393
352
381
415
445
427
426
374
378
398
392
364
345
384
414
438
420
402
362
383
391
388
353
348
390
416
429
419
391
368
403
396
388
351
368
409
439
442
433
395
385
417
405
384
351
386
417
446
420
414
366
382
398
391
358
343
386
413
435
420
402
367
394
400
391
352
358
399
431
443
431
403
380
416
406
399
361
387
421
450
442
438
394
386
415
407
384
353
384
413
439
414
407
363
381
396
387
352
345
385
412
433
418
394
360
386
390
383
347
358
400
430
440
427
390
373
414
406
396
359
386
420
451
437
434
390
389
411
399
368
343
381
408
435
413
399
354
375
387
380
349
347
388
415
435
417
392
365
399
398
391
354
374
412
437
439
427
390
379
414
399
387
351
382
418
449
430
422
377
384
408
398
363
349
389
417
441
419
398
360
387
393
387
352
350
391
415
432
419
390
369
406
405
393
356
379
418
447
443
436
396
391
423
409
391
356
386
414
444
421
411
368
378
399
394
361
351
389
416
438
422
401
368
391
395
385
347
354
397
426
444
431
399
383
422
409
398
358
381
417
448
439
430
388
385
418
408
384
357
391
420
450
435
417
373
386
397
389
350
340
383
408
429
415
390
356
387
388
381
351
363
407
438
446
433
398
385
422
415
403
364
394
428
451
435
434
384
385
413
397
368
342
378
406
433
414
402
364
381
391
388
357
350
397
426
443
430
403
371
406
402
391
356
370
410
434
438
428
393
381
418
405
387
349
378
411
442
421
419
372
377
401
392
360
345
387
415
440
421
402
366
390
397
387
355
356
398
422
441
424
394
378
417
411
401
363
383
419
446
443
432
389
384
417
405
387
353
387
416
447
425
418
370
384
403
396
362
347
387
414
433
416
395
361
387
390
383
350
360
407
432
448
431
395
379
414
403
392
352
378
417
448
438
429
387

433
416
395
361
387
390
383
350
360
407
432
448
431
395
379
414
403
392
352
378
417
448
438
429
387
