-67
106
182
222
197
226
153
94
262
193
57
146
149
204
246
193
193
152
-53
-34
73
-171
-334
-290
-7
88
15
-50
-61
104
155
172
200
268
166
91
253
183
33
149
148
179
245
189
188
130
-60
-55
73
-144
-328
-311
-8
134
28
-65
-99
92
193
225
216
213
113
93
303
224
44
109
120
212
286
194
150
126
-38
-18
105
-132
-369
-276
0
125
39
-43
-105
79
180
214
221
223
134
85
297
242
40
102
124
215
282
181
152
113
-32
-19
62
-141
-343
-247
22
96
-13
-80
-84
131
182
211
190
215
155
86
265
195
67
162
134
161
246
211
186
126
-65
-48
74
-87
-355
-299
-43
82
40
-22
-96
62
149
215
214
241
168
115
259
195
66
162
138
171
252
210
210
158
-52
-103
31
-64
-301
-245
-73
36
20
23
-83
56
128
208
245
267
141
60
240
212
103
152
109
143
247
212
193
155
-32
-52
46
-80
-350
-244
-32
80
10
-25
-87
84
160
186
197
232
173
116
272
188
59
129
145
195
257
200
167
152
-18
-35
25
-73
-347
-195
-20
55
-9
-39
-94
90
161
183
214
248
187
112
252
199
60
131
119
177
283
224
158
124
-36
-12
73
-53
-403
-275
-28
103
44
-36
-141
48
174
239
225
225
152
133
286
231
79
90
91
173
302
247
188
99
-82
-54
70
-2
-371
-251
-67
85
50
6
-135
28
142
228
259
262
169
95
240
230
111
134
108
139
259
227
186
147
-67
-36
26
3
-360
-232
-58
58
11
-21
-88
68
139
163
205
267
231
133
241
174
89
141
156
167
229
205
205
170
-54
-87
30
33
-366
-222
-46
62
-4
-30
-91
63
133
199
218
237
188
149
264
204
78
109
155
199
270
194
155
151
-26
-2
86
9
-421
-239
-17
115
18
-64
-145
73
196
214
186
203
190
182
308
225
40
75
165
207
287
215
186
141
-47
-36
42
40
-399
-220
-48
64
9
-30
-107
53
113
202
243
271
217
134
251
202
125
139
134
172
254
215
175
145
-69
-51
60
92
-378
-244
-98
65
50
13
-110
27
121
218
228
246
196
139
253
240
135
121
121
143
244
250
230
164
-97
-78
71
119
-354
-225
-122
79
78
8
-149
-16
127
250
261
236
181
138
288
252
124
85
134
189
308
238
154
121
-62
-19
75
125
-396
-253
-114
96
95
9
-152
-11
142
259
286
212
155
137
284
287
155
53
76
170
336
283
156
88
-99
-35
114
120
-399
-261
-82
149
108
-16
-199
-22
171
307
267
186
148
146
310
294
108
25
116
219
367
247
89
68
-33
29
94
75
-412
-224
-51
126
42
-70
-152
54
204
236
199
169
216
215
325
227
85
44
160
239
326
221
101
100
-18
22
78
67
-418
-220
-36
157
55
-75
-179
31
228
275
191
149
191
213
330
254
78
10
139
254
369
220
73
71
-9
54
128
59
-448
-228
-55
172
53
-94
-202
46
251
281
165
119
178
241
366
246
89
18
166
246
321
214
93
123
3
15
55
54
-385
-189
-71
113
20
-63
-153
81
184
214
210
200
250
219
251
185
111
67
190
235
281
198
118
145
27
3
13
53
-365
-136
-77
82
-14
-72
-130
93
222
205
141
176
298
287
250
124
101
131
232
228
231
176
129
213
47
-53
-20
59
-298
-129
-110
51
17
-20
-104
19
179
193
201
231
265
213
203
174
135
112
223
216
237
197
134
200
29
-64
3
120
-291
-166
-158
8
0
-11
-85
56
145
149
199
230
265
189
226
212
153
83
192
197
236
198
172
208
16
-74
16
97
-282
-186
-172
39
39
19
-105
21
119
142
228
284
265
160
205
223
165
96
177
174
239
233
157
190
-18
-61
35
122
-302
-194
-159
43
45
-6
-137
28
135
180
234
229
247
152
212
253
179
78
120
162
288
280
160
121
-53
-37
87
128
-338
-243
-156
89
89
-19
-210
-13
162
229
224
200
240
191
238
200
127
97
207
189
249
208
150
184
-6
-64
23
113
-296
-187
-173
33
40
18
-154
1
163
212
216
190
230
176
239
237
145
80
166
191
248
217
148
190
17
-20
25
74
-317
-188
-159
10
27
-12
-157
21
138
170
202
222
279
179
179
198
138
137
219
184
211
181
150
196
44
-56
-12
94
-261
-151
-187
-20
3
27
-99
44
120
151
210
237
277
148
165
210
189
138
173
142
200
234
192
209
2
-70
14
100
-281
-201
-211
4
49
36
-146
6
84
154
220
272
277
140
153
206
182
114
185
159
209
233
192
202
-3
-63
13
120
-275
-219
-223
4
44
9
-154
6
123
182
228
225
253
133
171
250
177
106
167
165
221
245
178
194
1
-50
18
90
-296
-217
-222
24
48
33
-138
52
97
148
204
268
275
135
144
225
169
117
181
139
223
240
235
197
-32
-64
49
144
-317
-237
-248
16
66
23
-150
-18
88
181
269
256
202
67
162
327
221
113
122
107
219
316
242
162
-77
-79
72
161
-320
-277
-259
13
97
69
-132
-58
48
189
291
285
200
76
143
279
210
114
120
92
204
325
