1278
1313
1367
1396
1356
1272
1205
1154
1193
1252
1283
1298
1341
1395
1415
1367
1285
1224
1190
1246
1317
1350
1366
1401
1443
1450
1390
1289
1218
1170
1219
1279
1306
1318
1353
1405
1423
1378
1287
1220
1172
1215
1266
1288
1294
1321
1372
1392
1347
1257
1182
1128
1166
1221
1247
1252
1281
1331
1363
1334
1268
1212
1172
1226
1292
1323
1336
1367
1411
1433
1384
1299
1222
1164
1210
1276
1318
1336
1372
1417
1432
1395
1311
1241
1174
1204
1260
1293
1303
1319
1357
1387
1364
1301
1243
1195
1238
1309
1350
1364
1391
1423
1443
1390
1301
1219
1152
1179
1236
1271
1277
1303
1343
1366
1332
1260
1209
1165
1222
1301
1355
1372
1403
1437
1455
1412
1328
1252
1178
1202
1265
1314
1333
1358
1396
1422
1386
1317
1250
1178
1196
1260
1312
1335
1374
1410
1432
1396
1327
1265
1200
1216
1279
1332
1357
1397
1428
1443
1406
1342
1287
1209
1216
1264
1313
1339
1374
1409
1423
1387
1335
1292
1221
1230
1285
1340
1371
1414
1441
1454
1414
1356
1293
1211
1202
1254
1304
1327
1366
1396
1414
1390
1346
1289
1214
1220
1278
1336
1361
1391
1421
1436
1395
1326
1253
1162
1147
1200
1260
1298
1354
1400
1434
1419
1370
1312
1237
1224
1271
1320
1343
1368
1393
1405
1379
1322
1244
1160
1132
1170
1228
1267
1312
1351
1391
1381
1342
1273
1195
1162
1196
1253
1288
1324
1353
1379
1372
1338
1279
1227
1203
1242
1308
1356
1394
1429
1457
1451
1394
1316
1243
1192
1225
1280
1330
1364
1391
1418
1417
1370
1292
1231
1165
1190
1245
1289
1310
1334
1359
1365
1326
1253
1188
1123
1150
1217
1267
1282
1312
1349
1375
1340
1273
1208
1144
1172
1240
1280
1284
1310
1345
1374
1340
1276
1209
1144
1166
1240
1297
1309
1340
1377
1410
1390
1325
1256
1169
1171
1225
1273
1272
1286
1309
1331
1310
1248
1173
1089
1088
1159
1217
1241
1274
1309
1351
1350
1308
1241
1167
1150
1199
1253
1281
1303
1337
1377
1373
1334
1256
1187
1168
1221
1292
1323
1350
1377
1407
1408
1351
1263
1193
1146
1186
1240
1270
1286
1321
1364
1382
1332
1248
1187
1142
1187
1248
1285
1294
1325
1364
1384
1340
1268
1217
1169
1215
1292
1343
1362
1397
1436
1448
1396
1301
1223
1152
1170
1236
1288
1303
1341
1391
1426
1398
1329
1263
1194
1204
1273
1333
1356
1389
1425
1459
1430
1367
1291
1223
1222
1289
1362
1396
1430
1461
1483
1454
1382
1290
1217
1187
1241
1317
1359
1394
1428
1453
1452
1391
1309
1245
1194
1233
1295
1347
1378
1417
1448
1452
1410
1338
1286
1234
1277
1353
1403
1426
1456
1487
1490
1438
1359
1290
1218
1228
1293
1340
1356
1385
1411
1430
1395
1320
1245
1170
1177
1247
1306
1326
1357
1386
1413
1387
1324
1239
1157
1143
1209
1276
1312
1337
1369
1406
1399
1337
1249
1186
1161
1216
1283
1335
1378
1437
1475
1466
1398
1313
1250
1201
1231
1299
1362
1400
1449
1485
1484
1416
1337
1275
1202
1225
1298
1370
1417
1463
1488
1482
1425
1354
1298
1231
1248
1322
1388
1431
1465
1487
1498
1449
1379
1302
1239
1231
1288
1354
1388
1420
1450
1478
1465
1412
1334
1274
1229
1269
1329
1375
1405
1442
1476
1481
1427
1354
1290
1233
1261
1328
1383
1421
1459
1490
1496
1443
1371
1309
1236
1247
1308
1369
1393
1434
1466
1487
1450
1381
1312
1239
1235
1292
1363
1405
1439
1470
1491
1466
1401
1320
1261
1227
1274
1335
1388
1424
1458
1489
1483
1424
1350
1295
1235
1260
1319
1369
1401
1438
1477
1481
1429
1358
1295
1226
1235
1302
1357
1390
1432
1462
1482
1446
1382
1304
1236
1226
1280
1343
1379
1416
1452
1482
1464
1396
1319
1264
1226
1274
1338
1383
1416
1451
1473
1475
1412
1335
1275
1215
1246
1318
1375
1399
1440
1473
1487
1442
1367
1302
1227
1234
1294
1359
1394
1428
1461
1483
1453
1383
1302
1241
1220
1277
1344
1393
1428
1464
1489
1478
1408
1327
1270
1216
1249
1318
1378
1408
1448
1483
1488
1437
1361
1299
1232
1249
1319
1371
1398
1432
1463
1488
1456
1389
1309
1244
1233
1297
1363
1404
1433
1459
1486
1475
1409
1323
1264
1225
1275
1351
1398
1420
1453
1482
1488
1424
1336
1266
1211
1249
1331
1386
1401
1437
1476
1509
1459
1365
1270
1212
1229
1305
1380
1412
1440
1475
1508
1485
1401
1304
1253
1231
1290
1356
1396
1415
1464
1506
1516
1448
1358
1296
1236
1273
1340
1381
1391
1425
1474
1512
1486
1408
1323
1268
1267
1328
1379
1401
1427
1471
1511
1510
1442
1354
1297
1263
1311
1375
1423
1446
1480
1512
1509
1437
1358
1300
1253
1294
1375
1440
1488
1530
1567
1585
1545
1468
1386
1347
1334
1404
1458
1487
1504
1533
1555
1539
1465
1389
1343
1298
1326
1396
1443
1475
1521
1547
1541
1472
1381
1295
1229
1230
1289
1362
1402
1435
1472
1491
1468
1396
1307
1244
1194
1228
1292
1342
1364
1393
1418
1415
1355
1270
1202
1136
1149
1216
1262
1278
1312
1334
1360
1343
1286
1213
1162
1148
1209
1268
1300
1324
1354
1388
1398
1345
1281
1230
1173
1197
1262
1313
1333
1371
1396
1414
1385
1329
1274
1217
1223
1278
1334
1359
1379
1404
1425
1416
1365
1298
1249
1203
1235
1300
1349
1371
1403
1422
1429
1394
1338
1291
1227
1237
1298
1352
1373
1394
1419
1441
1421
1366
1289
1233
1203
1252
1312
1353
1374
1404
1425
1434
1390
1332
1288
1227
1242
1301
1349
1364
1390
1417
1443
1419
1372
1314
1258
1238
1277
1327
1371
1399
1436
1458
1448
1392
1321
1272
1210
1222
1275
1327
1350
1388
1419
1433
1408
1361
1315
1258
1245
1280
1329
1360
1389
1415
1430
1418
1372
1317
1277
1225
1246
1296
1338
1364
1401
1429
1432
1393
1342
1294
1231
1221
1259
1302
1330
1359
1392
1414
1408
1368
1306
1270
1231
1257
1310
1351
1373
1407
1432
1433
1397
1343
1289
1225
1225
1270
1320
1351
1384
1421
1445

1306
1270
1231
1257
1310
1351
1373
1407
1432
1433
1397
1343
1289
1225
1225
1270
1320
1351
1384
1421
1445
