224
221
213
212
214
215
213
205
206
195
202
180
185
170
167
157
156
144
138
132
119
114
106
106
100
99
93
89
91
90
94
90
104
104
114
123
135
152
165
177
178
204
202
217
217
229
243
243
253
251
259
259
257
255
249
260
255
255
243
248
250
244
237
234
244
234
234
231
225
223
226
221
223
224
213
219
202
206
189
191
178
165
164
151
145
131
125
115
111
107
103
100
98
101
93
92
92
100
107
106
117
138
143
158
157
168
187
193
203
201
219
220
239
232
241
250
255
255
247
253
253
262
253
255
253
255
253
245
245
242
249
239
234
229
233
216
221
221
216
225
207
212
196
200
189
184
175
162
166
153
142
132
124
124
112
108
100
104
103
97
99
90
98
92
99
103
109
123
128
143
143
159
169
184
186
197
209
213
222
231
243
245
250
255
251
258
253
258
255
258
260
254
254
247
254
240
241
240
240
233
224
225
212
218
214
217
218
206
212
196
186
191
173
167
164
152
145
134
130
118
114
106
104
100
97
96
94
96
88
95
97
107
113
118
129
139
162
160
172
185
196
206
210
218
221
241
241
247
248
256
261
253
254
248
260
256
257
249
247
250
245
245
233
244
239
234
229
226
223
220
226
217
224
213
216
203
199
191
188
178
164
161
151
146
132
127
119
116
113
102
106
100
108
99
101
96
103
108
107
119
123
138
139
154
155
174
184
188
199
196
218
213
230
233
236
245
250
252
246
254
261
254
252
256
254
256
248
249
243
251
241
236
230
231
221
214
220
211
222
206
207
199
198
188
183
175
162
164
153
141
133
129
126
114
112
103
107
103
101
101
97
102
95
98
99
108
119
123
136
142
160
171
179
187
202
211
217
224
227
245
251
248
257
255
265
260
259
259
258
264
261
260
248
253
245
246
241
238
239
230
226
216
222
215
220
213
212
209
201
200
189
184
181
168
158
150
150
139
132
119
116
112
105
105
94
99
94
97
93
100
104
114
113
129
136
158
162
167
180
195
203
206
214
224
236
238
246
251
253
257
252
258
252
259
255
254
253
254
254
244
244
241
246
241
235
235
225
226
222
225
218
222
211
213
202
200
193
186
179
162
160
154
143
135
122
118
111
110
101
102
100
102
95
90
97
97
107
101
113
117
132
142
151
161
165
181
191
196
205
213
225
230
236
243
254
253
257
252
261
261
262
258
254
260
260
259
248
250
247
249
245
235
234
227
221
213
221
226
210
209
203
199
195
186
176
170
169
155
141
140
132
130
115
113
105
104
98
94
98
93
97
90
94
96
104
117
122
136
143
157
171
180
187
198
206
217
221
232
241
247
246
254
252
260
257
251
254
257
262
255
253
244
252
248
240
237
240
242
226
228
219
219
222
218
221
214
213
206
198
193
189
180
174
161
149
151
141
140
124
120
117
109
105
96
97
91
96
94
97
103
107
114
117
130
142
159
165
166
186
194
205
208
216
222
236
239
251
253
260
249
252
252
262
254
248
253
250
254
241
244
244
248
240
238
238
228
225
221
223
219
224
211
213
202
195
190
183
174
157
156
150
139
133
120
122
112
113
103
105
101
101
99
95
105
103
110
106
117
121
135
146
153
163
165
187
190
195
205
212
222
228
235
243
251
249
254
251
259
259
257
254
256
263
257
255
246
250
247
246
241
232
233
224
215
212
213
220
213
209
199
203
193
192
175
176
168
158
155
143
143
133
131
119
112
107
104
93
98
90
96
94
98
99
105
118
122
137
145
166
173
178
196
199
219
215
233
234
242
251
254
257
253
257
251
255
255
255
258
247
249
245
250
240
236
242
237
236
228
228
219
224
226
218
226
213
217
208
204
194
190
176
170
165
146
145
135
133
120
117
112
103
100
90
99
95
100
92
93
99
104
114
119
130
140
153
165
175
185
194
205
202
216
227
230
240
242
248
248
259
253
256
253
255
257
254
259
252
253
243
247
246
243
240
234
221
229
213
222
218
215
216
202
204
188
191
175
173
161
158
147
136
131
122
122
109
108
99
101
104
102
102
95
103
97
101
104
110
123
130
141
143
161
171
183
185
200
204
218
220
231
243
243
253
251
258
254
258
259
259
262
261
264
254
255
249
252
248
241
240
235
233
219
225
209
220
218
214
214
201
210
195
199
182
179
179
162
161
149
150
139
130
121
113
111
107
107
97
99
93
89
93
96
107
107
119
120
138
148
161
168
171
203
213
208
229
226
238
249
247
251
250
258
255
256
255
256
257
252
255
245
248
242
242
246
238
239
231
228
220
226
220
221
222
213
220
196
206
187
188
175
162
159
150
146
132
127
116
110
110
105
103
94
100
93
93
93
100
106
108
117
115
133
143
158
160
169
189
190
203
203
217
221
238
237
240
254
255
258
248
252
255
257
254
253
254
251
254
242
241
241
244
241
227
232
222
218
217
216
218
217
212
205
198
192
191
173
177
161
156
144
133
127
128
114
112
102
104
100
98
97
95
105
99
103
100
112
118
130
140
144
170
173
184
191
200
211
217
231
229
243
246
257
248
254
255
259
261
254
261
255
260
253
255
250
247
246
244
241
230
237
219
218
217
218
221
213
209
205
206
197
191
178
181
166
156
154
143
142
129
124
113
108
109
101
99
90
96
87
90
94
96
103
105
119
123
143
154
169
172
183
203
202
222
217
233
242
247
251
252
260
261
263
253
255
255
260
254
248
248
242
239
237
237
239
232
223
226
216
225
220
216
221
210
211
197
198
185
185
170
160
158
144
140
125
120
112
110
108
98
98
92
100
91
95
98
103
110
109
120
123
141
150
161
165
176
194
194
207
203
227
224
238
240
243
250
254
258
250
254
253
260
255
258
261
250
250
245
254
247
241
238
233
232
220
224
212
221
216
213
208
201
199
188
188
177
170
160
161
