-180
-184
-174
-170
-154
-135
-128
-112
-101
-95
-84
-83
-71
-63
-61
-56
-48
-60
-64
-76
-90
-108
-133
-147
-158
-167
-166
-161
-156
-147
-144
-141
-137
-135
-118
-103
-95
-77
-59
-51
-46
-42
-50
-51
-69
-77
-85
-101
-109
-124
-132
-141
-149
-161
-166
-180
-173
-161
-156
-136
-123
-106
-95
-83
-80
-71
-71
-63
-57
-62
-51
-63
-70
-79
-92
-110
-135
-152
-162
-169
-171
-157
-163
-149
-142
-139
-140
-134
-122
-101
-92
-73
-55
-51
-42
-41
-48
-56
-71
-78
-89
-104
-110
-120
-136
-140
-150
-158
-166
-180
-171
-166
-157
-140
-121
-108
-92
-86
-76
-70
-69
-63
-62
-66
-64
-65
-73
-86
-98
-114
-134
-156
-164
-169
-170
-165
-158
-147
-144
-133
-129
-120
-115
-99
-84
-76
-57
-48
-40
-42
-41
-59
-69
-85
-95
-105
-126
-129
-141
-148
-151
-153
-163
-173
-169
-164
-152
-138
-112
-106
-86
-78
-67
-69
-65
-66
-63
-66
-65
-66
-81
-89
-101
-118
-140
-162
-169
-175
-176
-167
-157
-150
-141
-135
-125
-117
-113
-94
-84
-73
-59
-45
-40
-44
-48
-58
-71
-90
-101
-115
-128
-142
-144
-148
-154
-152
-159
-161
-163
-158
-143
-129
-108
-89
-75
-67
-54
-54
-52
-59
-63
-59
-71
-77
-88
-100
-113
-121
-150
-163
-178
-180
-174
-176
-159
-150
-140
-127
-114
-107
-99
-89
-77
-63
-55
-36
-43
-44
-48
-59
-83
-97
-114
-124
-138
-149
-147
-157
-155
-151
-154
-160
-159
-152
-139
-124
-101
-78
-71
-58
-52
-49
-50
-61
-65
-67
-80
-88
-95
-110
-122
-133
-150
-163
-178
-178
-178
-174
-164
-145
-131
-121
-108
-98
-86
-81
-70
-59
-55
-47
-43
-50
-58
-68
-88
-102
-127
-141
-147
-163
-161
-163
-158
-154
-148
-156
-146
-144
-127
-108
-96
-69
-60
-49
-38
-34
-41
-53
-64
-69
-80
-96
-97
-120
-127
-134
-151
-169
-178
-183
-178
-172
-158
-135
-129
-111
-97
-91
-81
-79
-68
-61
-59
-49
-47
-62
-62
-79
-96
-114
-140
-151
-160
-172
-169
-159
-157
-151
-147
-143
-138
-131
-115
-99
-86
-67
-53
-40
-37
-36
-44
-54
-71
-76
-90
-107
-118
-127
-138
-147
-155
-163
-169
-181
-177
-165
-156
-134
-119
-101
-89
-75
-72
-65
-64
-58
-54
-60
-58
-71
-77
-91
-101
-122
-144
-161
-167
-174
-174
-157
-160
-149
-142
-133
-133
-124
-110
-93
-77
-60
-45
-45
-36
-39
-52
-68
-88
-93
-108
-122
-128
-137
-149
-149
-157
-160
-164
-176
-168
-160
-147
-128
-105
-92
-77
-69
-59
-60
-62
-56
-60
-67
-74
-82
-86
-103
-116
-133
-150
-169
-175
-177
-176
-167
-155
-147
-142
-127
-120
-109
-104
-89
-71
-64
-54
-44
-38
-42
-49
-71
-84
-101
-115
-122
-140
-142
-151
-153
-154
-149
-157
-161
-160
-152
-134
-124
-97
-89
-74
-63
-52
-61
-59
-63
-68
-75
-81
-85
-101
-111
-123
-139
-158
-175
-181
-180
-177
-164
-152
-147
-134
-124
-114
-105
-98
-83
-71
-63
-54
-41
-45
-50
-61
-77
-94
-111
-125
-139
-150
-158
-157
-155
-157
-154
-155
-154
-156
-147
-132
-117
-100
-78
-68
-61
-49
-52
-49
-63
-69
-75
-88
-97
-105
-117
-126
-136
-156
-164
-179
-180
-170
-168
-153
-145
-134
-119
-105
-101
-91
-84
-72
-61
-63
-44
-53
-57
-63
-76
-99
-114
-130
-142
-154
-159
-151
-163
-153
-149
-150
-152
-154
-148
-129
-118
-95
-76
-71
-56
-49
-50
-53
-65
-70
-79
-91
-99
-105
-122
-129
-141
-154
-164
-181
-179
-175
-172
-161
-148
-134
-120
-111
-101
-89
-85
-73
-64
-63
-57
-51
-57
-68
-77
-95
-108
-132
-143
-151
-160
-158
-160
-154
-149
-146
-148
-144
-147
-129
-113
-101
-79
-68
-56
-46
-43
-51
-60
-71
-79
-88
-106
-107
-124
-131
-139
-147
-161
-177
-180
-176
-171
-160
-139
-138
-117
-108
-98
-91
-84
-75
-63
-63
-54
-50
-61
-65
-80
-93
-112
-137
-147
-158
-166
-162
-159
-160
-151
-151
-148
-146
-148
-128
-115
-100
-82
-65
-52
-44
-45
-47
-56
-69
-76
-89
-103
-114
-121
-131
-142
-147
-156
-167
-178
-175
-168
-160
-144
-131
-114
-104
-91
-85
-75
-73
-66
-59
-62
-60
-67
-73
-87
-94
-117
-135
-154
-164
-166
-170
-162
-159
-153
-146
-138
-139
-136
-122
-108
-92
-75
-50
-48
-38
-39
-44
-60
-73
-84
-96
-109
-117
-126
-141
-146
-153
-157
-169
-178
-175
-171
-161
-143
-124
-110
-94
-85
-75
-69
-69
-62
-61
-63
-67
-69
-79
-93
-105
-121
-142
-160
-167
-172
-173
-171
-157
-151
-147
-137
-131
-124
-114
-100
-82
-69
-52
-39
-34
-38
-44
-61
-72
-93
-108
-113
-132
-140
-149
-153
-155
-151
-165
-166
-172
-162
-148
-137
-109
-95
-82
-67
-56
-54
-53
-56
-59
-64
-73
-72
-94
-104
-114
-131
-157
-172
-184
-180
-178
-171
-156
-155
-143
-133
-125
-115
-106
-91
-77
-67
-52
-36
-41
-41
-52
-67
-83
-107
-120
-129
-145
-154
-154
-156
-155
-151
-156
-158
-161
-150
-138
-124
-104
-80
-67
-59
-49
-49
-45
-58
-62
-68
-82
-91
-103
-117
-126
-139
-157
-169
-185
-183
-172
-172
-157
-146
-134
-123
-107
-104
-90
-84
-71
-59
-56
-37
-45
-51
-58
-72
-90
-113
-134
-144
-158
-166
-155
-165
-155
-150
-152
-156
-154
-146
-129
-116
-92
-70
-65
-49
-40
-41
-46
-64
-69
-77
-93
-100
-110
-130
-133
-150
-160
-169
-183
-179
-173
-170
-155
-139
-125
-112
-103
-90
-82
-79
-67
-61
-59
-53
-56
-62
-74
-86
-104
-123
-150
-157
-168
-173
-169
-162
-156
-151
-145
-143
-136
-134
