-5718.140
-5797.135
-5177.680
-4465.505
-3820.125
-3140.890
-2470.500
-1901.370
-1322.785
-759.145
-229.055
251.320
788.120
1198.345
1673.230
1671.095
1036.390
511.180
281.515
286.090
529.175
992.775
1836.405
2671.190
3382.755
3932.365
4393.220
4727.195
4903.485
4884.575
4752.205
4621.055
4408.470
4164.775
3837.815
3108.255
2124.935
1111.420
61.915
-969.290
-1872.090
-2563.830
-2793.800
-2830.095
-2847.480
-2841.685
-2927.390
-3071.045
-3304.980
-3157.055
-3061.285
-3022.550
-3004.555
-2826.435
-2513.505
-2760.250
-3563.620
-4163.860
-4436.225
-4526.200
-4431.040
-4108.045
-3255.570
-2312.205
-1456.680
-618.540
235.155
977.525
1671.400
2346.975
2914.275
3495.910
4159.895
4744.885
5134.980
5132.235
4732.685
4218.150
3808.840
3437.350
3039.630
2666.310
2763.910
2940.505
3009.740
2976.800
2825.825
2572.065
2330.200
2027.945
1600.030
1157.475
659.715
211.975
-273.890
-1201.090
-2588.230
-3800.910
-4853.160
-5621.150
-6108.235
-6258.295
-5940.485
-5526.295
-5084.655
-4539.315
-3916.505
-3432.470
-2906.650
-2328.980
-1886.120
-1413.980
-875.960
-405.040
48.800
148.535
-103.395
-317.505
-446.215
-502.335
-422.425
-158.295
642.940
1593.625
2581.215
3394.955
4006.785
4496.310
4886.710
5194.150
5502.200
5646.770
5571.435
5446.690
5271.315
4539.620
3231.780
2035.265
1035.170
201.910
-467.260
-1032.730
-1092.510
-1168.455
-1286.795
-1488.705
-1771.135
-1934.920
-2096.570
-2260.355
-2486.970
-2710.535
-2797.460
-2806.610
-2826.740
-3169.865
-3806.095
-4283.725
-4619.530
-4872.985
-4912.940
-4716.825
-4070.835
-3296.440
-2496.425
-1699.765
-1023.885
-346.480
200.080
809.165
1454.850
2059.360
2612.935
3131.130
3596.865
3613.640
3133.875
2652.280
2378.390
2242.665
2162.450
2277.130
2877.980
3338.530
3603.270
3726.490
3739.605
3686.230
3568.500
3375.435
3081.720
2747.135
2373.815
1993.480
1475.590
625.860
-459.940
-1629.920
-2743.170
-3606.930
-4297.755
-4741.225
-4729.940
-4581.710
-4345.030
-4071.445
-3852.760
-3635.600
-3352.255
-2939.590
-2571.760
-2200.575
-1747.345
-1268.190
-932.080
-1161.440
-1814.750
-2300.310
-2559.255
-2599.210
-2448.235
-2047.465
-1097.695
-136.030
728.340
1493.280
2267.065
3108.865
3841.475
4325.205
4759.220
5080.080
5303.950
5577.535
5707.465
5281.075
4419.755
3563.010
2761.165
2106.940
1400.560
879.620
805.505
825.635
750.910
548.695
246.440
-82.350
-421.205
-836.920
-1140.090
-1361.825
-1606.740
-1905.640
-2198.440
-2941.725
-4088.220
-5037.075
-5742.235
-6154.595
-6246.095
-6014.905
-5323.470
-4539.315
-3774.680
-3066.165
-2427.800
-1790.655
-1149.850
-555.405
-18.910
470.615
1024.190
1593.625
2130.425
2188.680
1960.540
1679.025
1620.770
1769.610
1908.385
2165.195
2845.040
3509.025
4091.880
4569.205
4853.465
4945.575
4851.330
4735.125
4641.795
4485.025
4200.460
3839.340
3485.540
2519.605
1047.675
-328.180
-1509.750
-2442.440
-3261.975
-3851.235
-3863.435
-3731.980
-3691.110
-3685.925
-3781.695
-3750.890
-3664.270
-3597.780
-3542.270
-3423.930
-3104.900
-2749.880
-2480.565
-2495.205
-2838.940
-3221.715
-3460.835
-3491.030
-3398.310
-3082.025
-2268.895
-1412.150
-470.920
399.245
1181.570
1917.230
2547.970
3160.410
3855.200
4561.275
5096.245
5491.830
5762.670
5328.350
4463.980
3767.665
3194.570
2624.830
2155.435
1883.070
2061.495
2237.785
2268.285
2126.460
1931.565
1701.900
1373.415
964.105
523.380
80.215
-411.140
-883.890
-1236.775
-1954.135
-2954.535
-3973.235
-4801.920
-5446.385
-5890.160
-6024.970
-5689.470
-5152.365
-4508.205
-3947.615
-3385.500
-2764.825
-2204.540
-1699.460
-1142.225
-592.615
-18.300
460.855
907.680
736.270
141.520
-276.635
-409.920
-357.460
-236.985
215.025
1289.540
2298.785
3110.390
3754.855
4237.670
4595.435
4935.815
5201.775
5223.430
5105.090
4933.680
4712.250
4481.060
3832.630
2791.360
1709.220
764.940
-104.005
-955.565
-1547.570
-1726.300
-1836.405
-2010.255
-2131.950
-2254.865
-2346.365
-2494.595
-2694.065
-2791.055
-2782.820
-2744.085
-2716.025
-2687.660
-3160.105
-3920.165
-4569.205
-4858.650
-4881.525
-4820.220
-4537.790
-3681.045
-2733.105
-1913.265
-1202.005
-537.105
170.495
810.690
1467.050
2057.835
2593.415
3089.345
3642.920
4238.280
4314.225
4004.345
3645.055
3305.285
3036.885
2852.665
2887.435
3122.590
3318.705
3437.960
3529.460
3453.515
3325.415
3082.940
2771.230
2501.000
2125.545
1723.555
1235.555
728.645
-351.360
-1901.370
-3161.020
-4085.475
-4840.655
-5475.360
-5774.870
-5489.390
-5076.115
-4718.045
-4447.510
-4138.850
-3722.525
-3245.810
-2836.500
-2389.675
-1946.815
-1514.325
-1058.045
-631.045
-595.055
-852.780
-1150.155
-1317.600
-1336.815
-1179.740
-765.550
98.820
954.955
1792.790
2634.895
3501.400
4126.955
4615.870
5027.010
5332.010
5581.500
5807.505
5901.140
5733.390
4870.240
3611.810
2554.985
1680.855
943.365
241.865
-188.490
-233.325
-199.470
-354.105
-627.080
-895.480
-1245.010
-1619.855
-1821.155
-2020.320
-2281.400
-2504.965
-2715.110
-2828.265
-3320.230
-4034.540
-4742.750
-5158.160
-5366.475
-5428.390
-5231.665
-4456.050
-3630.415
-2913.055
-2197.830
-1450.885
-800.930
-184.525
372.100
940.620
1548.485
2128.900
2614.460
3094.225
2814.540
2182.885
1885.205
1794.620
1801.025
1846.470
2105.415
2757.505
3439.485
3958.900
4227.910
4292.265
4244.075
4217.540
4080.900
3861.605
3549.895
3145.465
2775.195
2404.620
1484.740
298.595
-882.060
-1939.800
-2938.065
-3783.525
-4180.940
-4091.880
-4060.465
-3955.850
-3886.005
-3746.010
-3556.910
-3417.830
-3286.680
-2983.510
-2560.780
-2195.085
-1859.280
-1507.005
-1865.990
-2656.245
-3130.825
-3310.470
-3340.360
-3212.870
-2826.435
-1931.565
-908.290
21.655
831.430
1544.520
2185.325
2974.665
3688.060
4303.855
4750.375
5094.415
5378.065
5541.545
5295.715
4703.405
3962.255
3172.305
2549.800
2019.100
1736.365
1817.495
1848.300
1752.225
1647.305
1434.720
1125.755
727.120
333.365
-73.505
-513.925
-847.290
-1128.195
-1438.990
-2511.980
-3808.230
-4897.385
-5538.800
-5926.760
-6272.020
-6220.170
-5577.230
-4870.545
-4244.990
-3560.875
-2963.075
-2447.930
-1947.425
-1367.620
-794.525
-249.490
212.585
660.935
1142.225
1185.840
953.735
767.380
662.765
641.415
825.635
1426.180
2296.345
3091.785
3755.160
4334.660
4702.795
5080.385
5321.335
5241.730
5106.920
4996.205
4779.655
4568.595
4237.670
3134.180
1728.435
513.925
-532.530
-1428.315
-2208.200
-2720.600
-2748.355
-2845.345
-2855.105
-2833.755
-2958.195
-3133.875
-3254.655
-3244.285
-3207.685
-3181.455
-3167.730
-2998.150
-2686.440
-2876.760
-3340.665
-3689.890
-3900.950
-4027.830
-4024.475
-3580.090
-2756.895
-1912.045
-1111.420
-369.965
459.940
1132.160
1758.325
2345.755
2882.555
3477.000
4129.700
4714.995
5129.795
4705.845
3923.215
3275.395
2885.300
2682.170
2401.265
2241.140
2554.680
2763.910
2877.675
2860.290
2734.935
2501.610
2266.150
1974.875
1582.340
1113.860
691.435
239.425
-284.870
-1102.575
-2186.850
-3173.220
-4134.275
-4910.805
-5500.065
-5622.675
-5360.680
-5014.505
-4651.250
-4179.110
-3605.710
-3183.285
-2764.520
-2262.185
-1762.595
-1320.345
-787.815
-281.210
97.295
-231.190
-872.910
-1302.960
-1371.890
-1285.270
-1069.940
-513.315
438.895
1442.955
2447.320
3356.220
3938.465
4458.795
4896.775
5220.685
5500.980
5615.660
5601.935
5411.310
5206.960
4619.835
3631.025
2639.165
1671.705
775.005
76.250
-387.350
-563.945
-767.685
-939.400
-1204.750
-1506.090
-1767.780
-1950.170
-2190.205
-2472.940
-2709.925
-2808.135
-2811.185
-2900.855
-3772.850
-4829.370
-5450.350
-5722.105
-5832.210
-5736.745
-5283.820
-4456.050
-3586.800
-2693.455
-1850.435
-1098.000
-433.100
178.730
827.770
1487.180
2193.865
2691.015
3217.750
3643.835
3690.500
3548.980
3347.375
3092.700
2941.420
2775.500
2961.855
3516.650
3938.465
4149.220
4171.790
4146.170
4061.990
3915.895
3704.530
3370.555
3002.420
2595.245
2166.720
1552.145
299.815
-1209.630
-2523.265
-3592.595
-4426.160
-4967.840
-5275.280
-5167.310
-4937.950
-4677.175
-4427.380
-4205.950
-3980.860
-3744.790
-3251.605
-2854.495
-2450.980
-2029.470
-1580.815
-1209.020
-1280.085
-1518.290
-1809.565
-2047.465
-2090.470
-1986.770
-1498.465
-523.990
310.795
1132.160
1852.570
2608.055
3408.070
4102.860
4606.720
4980.955
5321.945
5573.875
5813.910
5894.125
5014.200
3866.180
2879.505
2121.275
1543.300
1080.615
691.740
673.745
733.220
703.940
519.720
225.090
-136.640
-477.325
-847.290
-1177.605
-1373.110
-1611.010
-1894.050
-2282.010
-2982.900
-3654.205
-4377.665
-5003.830
-5511.045
-5722.105
-5431.745
-4754.035
-4074.800
-3377.265
-2765.435
-2217.045
-1583.560
-937.265
-369.660
134.505
595.970
1060.485
1643.645
2102.365
1742.160
1085.800
681.980
606.645
848.510
1147.715
1611.315
2395.470
3159.190
3675.250
4237.975
4633.865
4746.410
4722.010
4611.295
4478.925
4320.020
4098.895
3717.035
3243.980
2422.920
1322.785
231.800
-843.935
-1818.715
-2679.120
-3199.450
-3209.820
-3132.045
-3114.965
-3210.430
-3340.055
-3335.480
-3262.890
-3162.545
-3132.350
-3031.700
-2751.710
-2407.670
-2214.605
-2725.175
-3415.085
-3874.415
-4121.160
-3994.890
-3823.175
-3299.185
-2441.525
-1550.010
-654.530
180.560
951.600
1653.405
2269.200
2848.090
3470.900
4155.930
4660.400
5038.600
5283.210
4995.290
4480.450
4043.690
3529.460
3005.775
2476.600
2281.400
2430.240
2501.000
2461.655
2376.255
2173.735
1961.455
1622.295
1207.495
744.810
318.420
-128.100
-589.565
-1056.215
-2199.355
-3586.800
-4671.075
-5456.755
-5945.060
-6250.365
-6177.470
-5731.255
-5148.705
-4458.795
-3815.245
-3324.805
-2763.300
-2186.545
-1709.830
-1197.735
-670.390
-185.745
251.625
616.710
492.270
283.040
98.515
5.795
5.185
82.045
663.070
1665.300
2607.140
3333.040
3935.720
4462.760
4834.250
5194.455
5450.350
5482.985
5363.730
5209.095
5049.275
4787.280
3646.275
2280.180
1169.065
193.980
-537.105
-1289.235
-1782.725
-1881.850
-1964.200
-2111.210
-2251.510
-2356.430
-2457.690
-2643.740
-2838.025
-2956.670
-2936.540
-2912.750
-2882.250
-2964.600
-3353.780
-3762.480
-4158.675
-4456.050
-4584.150
-4603.670
-4230.655
-3393.735
-2541.260
-1718.065
-1026.325
-381.250
265.960
942.450
1573.800
2149.335
2688.575
3224.155
3826.835
4346.860
4001.600
3352.560
2858.765
2584.265
2433.900
2511.370
2738.290
3103.070
3325.110
3482.490
3565.755
3504.145
3404.410
3139.670
2813.625
2530.890
2211.555
1741.550
1271.240
677.710
-265.655
-1441.430
-2517.470
-3422.710
-4201.375
-4901.960
-5152.365
-4966.620
-4681.445
-4392.610
-4222.420
-3946.395
-3547.760
-3097.885
-2748.660
-2341.180
-1906.250
-1488.705
-1094.645
-733.220
-1176.690
-1831.525
-2247.850
-2418.955
-2348.500
-2059.665
-1462.780
-489.220
435.235
1319.125
2242.665
3134.485
3826.225
4339.235
4780.875
5133.150
5421.070
5720.580
5809.335
5611.390
4876.340
4022.645
3203.720
2416.515
1693.055
928.725
574.620
569.740
523.685
325.435
30.805
-292.800
-568.215
-988.505
-1304.485
-1542.080
-1807.125
-2019.710
-2308.240
-2597.685
-3566.060
-4652.775
-5553.745
-6035.950
-6141.785
-6105.795
-5729.730
-4866.275
-4052.840
-3378.790
-2666.920
-1925.465
-1273.985
-656.970
-35.990
489.830
1036.390
1638.460
2207.590
2607.140
2521.435
2311.290
2202.710
2221.010
2257.000
2286.890
2715.415
3330.295
3922.910
4383.155
4656.740
4716.520
4677.480
4579.880
4509.730
4234.315
3894.240
3552.640
3157.360
2672.715
1349.625
-184.830
-1519.510
-2552.545
-3429.420
-4159.590
-4380.105
-4223.640
-4158.065
-4162.640
-4104.080
-3975.065
-3839.340
-3751.195
-3575.515
-3393.125
-2996.320
-2645.570
-2318.000
-2043.500
-2203.930
-2525.400
-2773.670
-2870.660
-2877.675
-2750.795
-2219.180
-1292.285
-375.760
524.600
1311.805
2044.415
2712.060
3384.280
4097.370
4709.810
5142.300
5494.880
5751.995
5834.040
5060.560
4114.145
3243.980
2521.435
1955.965
1487.790
1387.445
1459.730
1479.555
1374.940
1253.245
1145.275
800.015
372.405
-33.550
-429.745
-845.155
-1170.895
-1434.720
-1847.385
-2729.140
-3745.095
-4532.300
-5122.475
-5627.860
-5981.355
-5836.480
-5128.575
-4419.145
-3791.150
-3205.550
-2576.945
-2041.975
-1483.825
-871.995
-328.485
156.160
652.395
1067.805
1396.290
938.485
338.855
3.355
-96.685
-23.790
325.435
1106.235
2053.260
2865.475
3537.085
4109.265
4548.770
4932.460
5155.415
5165.785
4995.900
4857.735
4664.670
4449.340
3987.875
3051.525
1946.205
956.480
36.905
-905.850
-1757.715
-2200.880
-2332.335
-2412.245
-2492.765
-2494.900
-2568.100
-2777.330
-2922.205
-2930.745
-2903.295
-2883.775
-2883.165
-2804.170
-2758.115
-3381.535
-4140.375
-4621.055
-4825.100
-4876.035
-4775.995
-4056.805
-3159.190
-2259.440
-1455.460
-731.695
54.900
781.715
1463.695
2059.360
2664.785
3220.495
3842.085
4465.200
4783.620
4610.685
4210.525
3834.460
3473.950
3206.160
2989.000
2964.295
3172.000
3367.810
3397.090
3315.960
3189.690
2952.400
2699.555
2412.245
2030.690
1574.715
1083.970
586.515
-96.380
-1496.635
-2826.435
-3907.965
-4783.620
-5507.690
-5967.020
-5902.970
-5525.990
-5129.490
-4774.470
-4375.225
-3849.710
-3401.665
-3010.655
-2511.370
-2009.035
-1577.460
-1087.630
-594.750
-278.770
-463.295
-674.965
-890.905
-947.330
-898.225
-735.965
-143.350
736.270
1650.355
2534.550
3402.885
4022.645
4566.460
4992.240
5305.475
5561.675
5732.780
5734.000
5576.010
5166.395
4040.945
2854.495
1744.295
869.250
131.455
-470.005
-678.930
-727.425
-906.155
-1102.575
-1294.420
-1609.790
-1825.425
-2000.190
-2180.445
-2432.375
-2606.835
-2734.935
-2727.920
-2807.220
-3477.000
-4158.675
-4585.980
-4791.855
-4931.240
-4966.010
-4411.825
-3635.295
-2873.100
-2096.570
-1340.780
-704.245
-121.390
455.975
1079.700
1589.355
2136.830
2618.425
3083.855
3267.465
2774.890
2350.330
2097.180
1904.115
1908.385
1908.690
2324.710
2977.410
3494.080
3736.860
3817.685
3834.155
3843.305
3692.940
3467.240
3163.765
2858.155
2542.785
2156.350
1503.955
363.560
-753.960
-1801.635
-2799.595
-3589.240
-4192.835
-4351.435
-4267.865
-4149.220
-3877.465
-3703.615
-3526.105
-3401.360
-3189.385
-2822.470
-2448.540
-2169.770
-1824.815
-1440.515
-1350.540
-1974.570
-2623.305
-2995.405
-3163.155
-3121.675
-2938.675
-2217.655
-1210.545
-297.375
610.305
1377.075
2163.975
2971.615
3770.410
4374.920
4830.895
5232.885
5540.325
5803.235
5845.020
5280.465
4464.285
3655.425
2998.455
2367.410
1820.240
1535.675
1493.585
1471.625
1397.510
1183.095
815.265
361.120
71.980
-362.645
-792.695
-1119.350
-1419.775
-1751.005
-2322.880
-3554.165
-4712.250
-5577.535
-6169.540
-6583.425
-6696.580
-6195.160
-5448.825
-4796.430
-4095.540
-3355.305
-2757.505
-2097.180
-1445.700
-834.480
-272.670
247.050
801.235
1392.020
1769.000
1671.095
1496.635
1341.085
1336.510
1522.560
1816.580
2445.185
3219.580
3908.270
4490.515
4908.670
5265.825
5357.935
5304.255
5210.315
5058.730
4837.910
4580.185
4247.430
3532.205
2163.365
780.800
-455.060
-1502.735
-2415.600
-3145.160
-3430.945
-3451.380
-3395.870
-3376.045
-3469.985
-3597.170
-3637.430
-3614.250
-3553.250
-3539.830
-3439.790
-3198.230
-2818.200
-2719.380
-3025.295
-3354.390
-3624.925
-3770.715
-3764.310
-3580.395
-2872.185
-2015.135
-1172.420
-353.800
458.720
1215.425
1910.825
2518.995
3104.595
3721.000
4374.005
4953.505
5351.530
5334.450
4595.435
3802.740
3231.780
2835.280
2432.985
2032.215
2107.855
2299.090
2449.455
2458.605
2356.430
2166.110
1966.640
1617.110
1243.790
772.565
346.175
-64.660
-536.190
-1081.835
-1959.015
-2935.320
-3910.405
-4689.070
-5260.945
-5648.295
-5490.915
-5115.460
-4663.755
-4095.845
-3554.470
-3095.140
-2624.220
-2085.590
-1632.055
-1184.315
-681.370
-184.830
296.765
420.290
-218.075
-783.240
-1012.905
-1035.170
-937.875
-645.990
104.005
1141.615
2188.680
3033.225
3645.360
4194.360
4583.845
4912.635
5205.435
5340.550
5263.385
5107.530
4916.905
4529.250
3674.945
2649.230
1644.865
760.670
-0.305
-685.335
-995.520
-1125.755
-1215.120
-1422.520
-1674.450
-1822.070
-1964.200
-2181.055
-2415.905
-2592.195
-2645.570
-2675.765
-2715.415
-3082.330
-4008.310
-4729.635
-5154.195
-5384.165
-5360.985
-5149.620
-4525.590
-3665.490
-2744.085
-1933.395
-1214.510
-502.945
119.560
779.580
1426.485
2045.635
2599.820
3148.820
3656.950
4026.915
3945.785
3639.260
3370.555
3172.305
2974.055
2889.265
3243.675
3633.465
3851.235
3942.735
3979.945
3865.570
3679.520
3432.470
3126.555
2814.235
2454.640
1973.045
1435.635
616.100
-848.510
-2318.610
-3496.520
-4344.115
-4987.970
-5520.805
-5541.850
-5257.590
-4918.125
-4677.175
-4436.225
-4210.830
-3842.390
-3330.600
-2936.235
-2579.080
-2070.340
-1634.190
-1221.220
-971.730
-1148.325
-1436.855
-1645.780
-1748.260
-1678.720
-1429.535
-692.350
229.665
1102.270
1915.705
2742.865
3542.270
4239.500
4751.900
5172.800
5522.635
5749.250
5984.100
6059.740
5651.955
4457.880
3314.435
2407.670
1680.855
1028.765
435.845
293.410
337.025
284.870
91.195
-194.590
-502.335
-842.105
-1181.265
-1519.510
-1754.665
-1962.370
-2284.755
-2522.960
-2857.545
-3565.145
-4293.790
-4928.495
-5434.185
-5628.775
-5615.660
-5105.395
-4363.940
-3577.040
-2889.570
-2231.990
-1583.560
-928.420
-310.490
229.665
742.065
1296.860
1858.060
2377.170
2495.205
1902.285
1329.495
1111.725
1212.070
1379.820
1553.060
2192.645
2929.525
3530.680
4049.485
4444.155
4548.465
4533.520
4421.890
4224.860
4048.570
3791.150
3486.455
3089.650
2540.955
1498.465
318.420
-795.745
-1804.990
-2638.555
-3400.445
-3552.335
-3393.125
-3371.775
-3362.320
-3332.125
-3286.375
-3213.175
-3171.390
-3078.670
-2861.510
-2529.670
-2213.995
-1969.995
-2021.235
-2677.900
-3330.295
-3697.210
-3784.440
-3767.665
-3538.000
-2769.705
-1854.095
-901.885
-132.980
610.000
1312.720
1982.500
2616.900
3284.545
3937.550
4427.075
4853.465
5228.310
5199.640
4785.450
4272.745
3677.690
3083.855
2552.545
2152.995
2169.465
2275.300
2290.245
2236.870
2116.700
1923.330
1600.945
1188.280
763.415
385.215
44.530
-448.350
-762.195
-1464.305
-2788.005
-4080.290
-5006.575
-5569.605
-5975.255
-6238.470
-5936.215
-5329.875
-4594.215
-4071.750
-3566.365
-3002.420
-2458.910
-1995.920
-1506.090
-977.830
-478.545
33.550
495.930
681.370
552.965
357.765
220.515
195.505
253.150
550.830
1466.745
2460.435
3256.790
3935.415
4481.975
4887.930
5251.490
5491.525
5487.560
5419.850
5260.335
5095.940
4858.345
4139.460
2803.560
1473.455
397.415
-520.940
-1331.630
-2067.595
-2273.470
-2334.470
-2469.890
-2570.845
-2668.445
-2784.650
-2962.770
-3150.040
-3222.020
-3270.515
-3271.735
-3278.140
-3200.365
-3265.330
-3594.120
-4018.070
-4313.615
-4420.365
-4477.400
-4354.485
-3594.730
-2676.985
-1765.340
-944.280
-241.560
460.245
1184.010
1854.400
2503.745
3089.345
3613.030
4215.405
4824.490
4930.325
4253.530
3588.325
3111.305
2836.195
2701.080
2557.730
2792.275
3001.505
3187.555
3278.445
3243.675
3055.185
2776.720
2460.740
2175.260
1790.045
1314.245
838.140
377.590
-333.060
-1479.250
-2559.865
-3518.480
-4355.095
-5108.750
-5614.135
-5493.660
-5140.470
-4818.695
-4541.755
-4166.910
-3633.160
-3176.270
-2780.685
-2334.165
-1788.825
-1331.020
-836.005
-351.055
-299.510
-936.350
-1502.430
-1778.150
-1774.185
-1625.040
-1286.490
-451.095
470.310
1373.720
2289.330
3178.405
3859.470
4392.000
4807.105
5134.065
5393.620
5621.455
5712.650
5579.365
5094.110
4300.805
3390.380
2540.345
1709.525
922.015
326.045
194.285
111.630
-79.300
-350.445
-576.145
-897.005
-1207.190
-1467.355
-1682.990
-1927.600
-2254.865
-2449.455
-2531.805
-2976.495
-4115.060
-5131.930
-5707.770
-5939.265
-5994.165
-5950.550
-5210.925
-4370.650
-3600.525
-2875.540
-2073.085
-1317.600
-726.510
-161.650
443.775
1040.660
1661.030
2267.675
2812.710
2999.065
2822.470
2684.915
2643.130
2568.710
2511.980
2574.505
3069.520
3643.835
4163.860
4409.080
4456.355
4432.870
4383.155
4252.310
4052.840
3776.815
3448.025
3090.565
2701.995
1830.000
304.390
-1123.315
-2231.075
-3236.050
-4041.555
-4545.720
-4493.565
-4434.090
-4367.905
-4253.835
-4108.960
-3957.985
-3856.115
-3696.905
-3358.355
-2964.905
-2626.355
-2288.720
-1854.095
-1775.100
-2055.700
-2322.880
-2483.005
-2594.940
-2548.275
-2329.895
-1550.925
-594.750
268.400
1085.190
1815.360
2465.010
3181.455
3942.430
4546.940
5018.165
5429.915
5654.090
5855.695
5615.050
4686.630
3681.045
2816.675
2165.500
1646.695
1223.355
1262.395
1318.210
1264.225
1169.980
982.710
646.905
257.725
-109.190
-485.255
-961.055
-1236.470
-1514.020
-1776.930
-2380.220
-3346.155
-4161.420
-4847.975
-5363.730
-5800.490
-5924.015
-5386.300
-4678.700
-4032.405
-3365.980
-2705.655
-2125.850
-1576.545
-966.850
-394.060
158.905
672.220
1143.140
1665.300
1703.120
1100.440
609.390
374.540
355.325
595.665
1114.470
1923.635
2765.130
3429.115
4022.340
4419.755
4747.020
4952.895
4966.620
4824.185
4644.540
4445.985
4216.015
3914.980
3240.015
2169.160
1103.795
36.905
-964.715
-1857.145
-2551.935
-2761.165
-2825.215
-2844.430
-2836.500
-2891.705
-3075.620
-3154.920
-3158.275
-3107.645
-3035.360
-2959.110
-2793.190
-2504.050
-2655.635
-3458.700
-4059.245
-4350.825
-4463.980
-4392.610
-4086.085
-3199.145
-2243.885
-1375.245
-558.760
222.955
943.670
1617.415
2244.190
2804.780
3426.675
4054.670
4603.975
5052.020
5050.800
4649.115
4122.075
3729.540
3380.315
2969.480
2604.090
2685.525
2855.410
2940.200
2916.105
2788.615
2570.845
2332.030
1985.245
1625.650
1169.675
729.255
314.455
-186.965
-1124.535
-2497.340
-3670.675
-4707.370
-5467.430
-5969.765
-6192.110
-5798.965
-5346.650
-4896.775
-4378.580
-3815.855
-3369.945
-2855.410
-2346.365
-1822.985
-1364.265
-886.940
-384.300
39.955
136.335
-137.250
-394.670
-572.485
-637.755
-562.725
-321.165
472.140
1469.490
2376.560
3211.040
3798.470
4346.250
4773.555
5102.345
5388.435
5587.600
5602.240
5514.400
5303.645
4619.835
3384.280
2219.485
1215.120
391.620
-279.075
-849.425
-978.745
-1072.075
-1167.845
-1355.420
-1608.875
-1787.605
-1938.885
-2106.940
-2356.735
-2566.880
-2671.190
-2704.435
-2727.615
-3133.265
-3783.830
-4286.470
-4652.165
-4944.050
-5050.190
-4892.505
-4231.570
-3485.235
-2692.845
-1916.925
-1223.965
-584.380
10.675
622.505
1268.800
1890.695
2479.345
3043.595
3522.140
3578.870
3085.685
2637.030
2375.340
2271.945
2237.480
2329.590
2988.695
3477.305
3778.645
3900.950
3943.040
3896.070
3778.950
3559.350
3276.615
2921.900
2582.130
2138.355
1670.485
793.305
-295.850
-1452.715
-2563.830
-3469.070
-4175.145
-4715.910
-4790.940
-4649.725
-4442.630
-4226.080
-4021.730
-3786.880
-3564.230
-3119.540
-2762.690
-2443.355
-2016.355
-1539.945
-1171.200
-1325.530
-1953.830
-2461.350
-2676.985
-2702.910
-2587.620
-2203.625
-1250.805
-267.180
700.890
1494.805
2236.260
3091.785
3839.645
4396.270
4852.550
5203.300
5472.310
5690.385
5834.955
5479.630
4650.640
3760.955
2980.460
2245.410
1575.020
1040.660
930.555
899.140
862.845
680.760
397.415
65.270
-287.920
-675.880
-1029.985
-1299.300
-1562.210
-1851.655
-2140.490
-2956.060
-4165.080
-5127.965
-5825.500
-6282.390
-6438.855
-6229.625
-5512.570
-4732.990
-3898.815
-3170.780
-2516.860
-1851.960
-1147.715
-539.240
-6.405
473.970
1031.815
1607.045
2140.490
2267.370
2051.125
1762.290
1668.960
1770.525
1898.015
2119.140
2780.075
3464.800
4021.425
4515.830
4877.255
4953.505
4891.285
4767.455
4611.600
4453.305
4197.105
3845.440
3424.845
2477.515
1068.720
-350.750
-1513.105
-2464.095
-3293.695
-3887.225
-3924.435
-3768.885
-3672.200
-3748.755
-3796.640
-3766.140
-3614.555
-3529.765
-3471.510
-3365.370
-3131.740
-2803.255
-2445.795
-2471.720
-2802.950
-3135.705
-3364.455
-3375.740
-3285.155
-2979.545
-2146.895
-1304.485
-430.050
446.215
1261.785
1991.650
2608.360
3182.370
3804.570
4491.735
4970.585
5351.225
5655.005
5259.725
4427.685
3645.055
3075.620
2517.775
2018.795
1700.375
1895.880
2071.255
2138.965
2045.940
1891.000
1655.845
1381.955
956.785
502.030
57.950
-366.915
-829.600
-1145.580
-1769.000
-2811.490
-3859.775
-4663.450
-5368.305
-5811.775
-5956.345
-5583.635
-5050.495
-4403.285
-3782.610
-3275.395
-2678.510
-2102.365
-1600.030
-1052.250
-528.260
0.000
489.220
896.395
669.475
44.225
-383.080
-568.825
-579.500
-411.750
-13.115
1008.635
2068.510
2967.650
3577.650
4119.635
4507.900
4866.580
5170.665
5235.630
5138.030
5018.470
4818.695
4588.725
3968.355
2974.055
1926.380
915.305
81.130
-740.540
-1387.445
-1587.525
-1657.065
-1817.800
-2005.375
-2075.525
-2165.195
-2332.030
-2596.465
-2727.920
-2749.270
-2699.250
-2677.290
-2691.320
-3203.110
-4063.515
-4697.000
-5056.900
-5124.915
-5066.050
-4816.865
-3949.445
-3006.080
-2148.420
-1384.395
-693.265
-47.580
617.930
1279.780
1917.840
2491.240
3024.075
3558.130
4165.995
4280.980
3994.585
3664.880
3331.210
3058.540
2900.550
2921.900
3239.710
3478.830
3576.735
3642.005
3634.075
3488.895
3284.240
2974.360
2658.990
2304.275
1893.745
1379.515
920.795
-141.215
-1699.765
-2994.185
-3956.460
-4734.820
-5378.980
-5748.030
-5499.760
-5140.165
-4809.240
-4500.275
-4221.200
-3796.945
-3321.450
-2942.640
-2523.875
-2042.585
-1586.305
-1170.285
-688.080
-588.955
-887.245
-1151.985
-1358.775
-1399.645
-1237.995
-867.725
-27.145
864.980
1664.690
2504.355
3327.245
3971.710
4473.130
4865.665
5213.365
5471.700
5749.860
5835.565
5716.005
4850.415
3596.560
2525.095
1661.945
936.960
273.890
-188.795
-126.270
-189.710
-350.140
-559.370
-807.030
-1093.730
-1415.200
-1655.235
-1847.995
-2073.085
-2281.095
-2511.370
-2612.630
-3078.975
-3772.545
-4478.925
-4948.320
-5180.120
-5238.985
-5104.175
-4385.290
-3537.085
-2849.615
-2194.475
-1464.915
-843.325
-230.275
270.840
769.210
1276.730
1779.065
2333.250
2858.155
2583.655
1886.425
1523.170
1490.840
1531.405
1619.245
1917.535
2570.235
3212.870
3823.785
4192.530
4303.550
4259.325
4194.970
4094.625
3916.200
3666.405
3348.290
2947.825
2552.850
1731.180
532.530
-625.250
-1704.035
-2638.555
-3428.810
-3895.460
-3836.900
-3749.060
-3731.065
-3687.755
-3588.020
-3433.995
-3316.570
-3236.965
-3017.975
-2712.060
-2430.240
-2126.765
-1786.080
-2139.880
-2928.305
-3458.395
-3640.480
-3618.520
-3493.775
-3117.100
-2250.290
-1268.190
-326.655
569.740
1366.095
2085.895
2752.015
3531.900
4234.620
4820.220
5237.460
5520.500
5682.760
5494.270
4963.265
4305.380
3596.255
2932.270
2351.245
2037.705
2106.330
2143.845
2052.955
1892.830
1668.960
1378.905
955.260
512.400
92.720
-386.435
-791.780
-1125.755
-1446.920
-2495.815
-3937.245
-5055.070
-5783.715
-6268.970
-6639.545
-6625.210
-5998.130
-5239.290
-4615.260
-3996.415
-3284.850
-2683.085
-2135.610
-1538.115
-929.945
-376.980
148.230
641.415
1137.955
1209.630
1044.320
894.565
796.660
824.720
943.365
1526.525
2456.775
3231.170
3905.525
4424.025
4817.780
5189.270
5415.885
5449.740
5310.965
5123.085
4918.735
4688.765
4342.590
3275.090
1823.290
576.450
-451.705
-1370.975
-2178.615
-2714.500
-2801.425
-2881.030
-2897.500
-2930.440
-2998.760
-3169.560
-3280.580
-3354.390
-3324.500
-3298.270
-3246.420
-3121.065
-2864.865
-2989.610
-3400.140
-3711.850
-3887.835
-3994.280
-3965.305
-3563.010
-2700.775
-1809.870
-1002.535
-276.330
417.545
1182.790
1793.095
2416.210
2956.975
3436.435
4002.820
4592.690
4973.635
4575.000
3780.170
3140.585
2730.360
2533.330
2313.120
2220.095
2439.695
2655.025
2765.740
2774.585
2696.505
2482.700
2223.145
1928.210
1570.140
1108.370
683.200
248.270
-238.205
-1153.205
-2156.655
-3077.755
-3944.565
-4749.155
-5342.990
-5481.460
-5146.875
-4757.390
-4437.445
-4001.905
-3498.655
-3039.630
-2622.085
-2113.955
-1636.325
-1230.065
-763.110
-259.555
142.740
-143.655
-881.755
-1352.980
-1475.285
-1382.565
-1170.285
-631.655
226.310
1178.215
2145.980
3003.640
3643.225
4157.760
4558.530
4842.790
5134.675
5335.365
5363.730
5223.735
4975.160
4378.275
3453.515
2544.920
1708.915
803.675
90.585
-337.025
-462.685
-582.245
-771.650
-973.255
-1221.830
-1481.385
-1626.260
-1861.110
-2125.545
-2404.620
-2546.445
-2617.205
-2671.495
-3492.250
-4593.910
-5271.925
-5554.660
-5699.230
-5660.190
-5197.810
-4430.430
-3618.825
-2768.485
-1953.525
-1194.075
-569.130
-7.015
581.635
1209.325
1818.715
2376.255
2921.595
3347.985
3382.755
3283.630
3151.260
2986.560
2835.280
2748.050
2923.730
3520.310
4026.000
4260.240
4310.565
4320.630
4205.645
4091.270
3871.365
3540.745
3170.475
2805.695
2392.420
1862.330
577.365
-956.175
-2288.720
-3374.520
-4196.190
-4777.520
-5102.345
-5042.260
-4913.550
-4690.900
-4417.925
-4228.215
-4096.455
-3881.735
-3538.305
-3069.825
-2684.610
-2259.440
-1816.275
-1492.365
-1549.400
-1777.235
-1950.475
-2121.275
-2216.130
-2142.625
-1665.910
-716.445
237.290
1075.125
1857.755
2529.060
3287.595
4024.475
4632.340
5055.375
5347.870
5580.280
5835.260
5977.085
5278.330
4059.855
3025.295
2227.720
1647.305
1165.710
892.735
866.810
818.010
791.780
638.365
378.200
-15.555
-370.270
-763.110
-1146.190
-1425.265
-1629.005
-1905.030
-2281.705
-2986.865
-3786.270
-4479.535
-5055.985
-5516.535
-5834.955
-5578.755
-4892.505
-4191.615
-3500.485
-2836.805
-2305.190
-1694.885
-1058.960
-455.670
75.335
568.520
1010.465
1556.415
2008.425
1692.140
1086.105
600.850
455.060
620.980
953.125
1462.170
2275.910
3017.670
3557.520
4065.650
4487.770
4675.650
4673.820
4529.555
4381.630
4217.845
4003.125
3726.185
3367.810
2466.840
1416.420
326.655
-670.085
-1626.260
-2425.360
-2963.380
-3028.650
-2935.930
-2869.135
-2912.445
-3039.020
-3072.265
-2994.185
-2920.985
-2857.850
-2749.575
-2582.130
-2235.955
-2041.060
-2585.485
-3309.860
-3804.875
-4103.470
-4126.345
-3984.520
-3500.485
-2596.465
-1782.725
-996.740
-216.550
520.940
1202.005
1842.810
2407.365
3020.720
3714.595
4313.615
4767.760
5052.935
4820.220
4340.150
3925.350
3527.630
3063.115
2543.395
2383.270
2578.775
2688.270
2716.025
2621.475
2412.245
2219.485
1941.325
1566.175
1159.305
738.100
332.145
-126.575
-590.480
-1711.965
-3040.545
-4225.775
-5161.515
-5732.475
-6089.020
-6081.395
-5647.075
-5233.190
-4694.560
-4140.375
-3665.490
-3173.220
-2596.770
-2144.760
-1688.785
-1197.430
-658.800
-147.620
258.945
142.435
-98.515
-238.205
-286.700
-215.940
-13.115
463.600
1436.855
2495.205
3365.065
4077.850
4612.210
5027.010
5360.985
5664.765
5857.830
5811.470
5649.515
5415.580
5081.605
4006.480
2667.530
1440.820
418.460
-431.880
-1123.315
-1566.480
-1686.345
-1794.010
-1994.090
-2236.870
-2392.725
-2485.140
-2664.175
-2921.595
-3120.760
-3218.360
-3195.180
-3166.510
-3229.340
-3708.800
-4183.990
-4583.235
-4840.045
-4909.890
-4841.570
-4437.140
-3630.720
-2706.875
-1824.815
-990.640
-317.810
321.165
980.880
1638.765
2335.690
2943.555
3502.010
3978.115
4460.625
4152.575
3477.610
2994.185
2738.595
2570.540
2449.455
2712.670
3158.580
3451.990
3549.285
3634.380
3536.170
3407.460
3202.500
2910.920
2574.505
2223.450
1800.415
1288.320
739.015
-191.845
-1380.125
-2524.485
-3433.080
-4202.595
-4919.650
-5185.305
-5039.210
-4754.035
-4476.485
-4217.845
-4018.375
-3635.295
-3197.315
-2747.135
-2351.550
-1924.855
-1463.085
-1056.825
-648.125
-1057.435
-1759.850
-2172.820
-2332.335
-2292.685
-2062.105
-1467.355
-537.410
391.925
1251.110
2047.160
2884.690
3610.895
4212.660
4625.630
4971.500
5239.595
5580.280
5735.220
5596.445
4893.725
3965.305
3199.450
2444.575
1758.325
1037.610
665.510
659.105
660.020
582.550
279.990
-27.755
-355.325
-713.700
-998.875
-1205.055
-1452.410
-1771.440
-2079.185
-2359.785
-3315.655
-4431.955
-5313.100
-5895.955
-6147.885
-6193.635
-5769.075
-5009.930
-4187.650
-3496.520
-2840.160
-2138.965
-1467.965
-836.005
-250.100
264.130
781.715
1367.925
1953.525
2421.090
2368.325
2089.860
1946.510
1996.225
2039.535
2093.825
2488.190
3108.865
3674.640
4202.595
4610.990
4775.690
4738.175
4638.440
4518.880
4379.800
4138.240
3798.775
3409.290
2941.420
1640.595
148.535
-1134.905
-2185.630
-3100.020
-3865.875
-4166.300
-4043.080
-3979.030
-4014.105
-4011.360
-3945.175
-3847.270
-3712.155
-3623.400
-3459.310
-3138.450
-2741.950
-2422.005
-2110.905
-2293.295
-2612.935
-2856.935
-2915.190
-2935.625
-2811.490
-2285.975
-1400.560
-464.210
449.265
1234.030
1946.205
2555.595
3195.485
3905.830
4576.830
5052.325
5409.785
5664.765
5712.040
5069.710
4169.350
3370.250
2604.395
1985.550
1508.835
1436.550
1578.070
1675.365
1503.345
1333.460
1160.220
871.995
515.145
108.580
-279.685
-708.515
-1111.725
-1379.820
-1699.460
-2567.490
-3577.345
-4449.340
-5069.710
-5496.710
-5847.155
-5735.830
-5183.170
-4512.475
-3863.435
-3240.320
-2615.680
-2012.695
-1501.210
-952.820
-350.445
179.035
636.230
1059.875
1344.135
893.955
321.165
-8.540
-164.395
-112.240
100.345
862.845
1886.730
2751.100
3384.585
3929.925
4330.390
4699.440
5008.100
5053.545
4939.170
4763.490
4618.310
4403.285
4065.650
3130.520
2062.105
1065.670
133.590
-735.660
-1583.865
-2015.440
-2045.025
-2178.920
-2259.135
-2257.915
-2397.300
-2552.850
-2726.395
-2774.280
-2771.840
-2764.825
-2784.955
-2756.590
-2720.905
-3332.735
-4155.930
-4693.035
-4920.565
-4948.320
-4854.075
-4240.720
-3264.415
-2356.430
-1622.295
-901.580
-159.515
608.170
1249.280
1877.580
2436.950
2973.140
3576.430
4291.045
4653.690
4425.245
4022.950
3644.445
3362.015
3135.095
2918.240
2932.270
3126.250
3322.060
3464.800
3490.725
3384.890
3166.510
2877.980
2604.090
2295.125
1846.775
1369.145
885.110
291.580
-1062.620
-2496.730
-3607.845
-4490.820
-5244.170
-5779.445
-5763.890
-5389.960
-5015.115
-4732.075
-4387.120
-3913.455
-3438.875
-3039.020
-2615.985
-2131.645
-1705.865
-1245.925
-763.720
-430.355
-595.055
-938.180
-1194.990
-1268.495
-1184.010
-1035.475
-489.525
356.240
1219.390
2196.610
3118.015
3813.110
4340.760
4774.775
5135.895
5473.530
5745.895
5849.900
5705.025
5362.815
4315.445
3160.715
2157.875
1291.675
499.895
-149.450
-330.925
-338.550
-410.530
-619.455
-864.065
-1135.210
-1395.985
-1598.505
-1798.890
-2035.265
-2351.855
-2525.095
-2605.615
-2733.715
-3363.235
-4146.475
-4729.635
-5015.420
-5228.005
-5266.435
-4827.540
-4061.075
-3340.970
-2616.900
-1844.945
-1176.995
-573.705
-51.850
539.240
1133.380
1746.125
2310.985
2820.335
3134.485
2676.070
2250.290
2063.935
1948.340
1902.895
1999.580
2409.500
3097.580
3705.750
4040.030
4146.780
4164.165
4138.240
4023.560
3843.000
3514.210
3148.820
2782.515
2396.385
1818.410
760.365
-405.650
-1444.175
-2482.090
-3327.855
-4035.760
-4256.275
-4238.280
-4204.730
-4075.715
-3924.435
-3764.920
-3665.185
-3521.530
-3283.325
-2908.175
-2529.670
-2183.495
-1718.065
-1512.190
-2081.625
-2713.585
-3053.965
-3194.265
-3111.915
-2908.785
-2218.570
-1177.605
-172.935
711.870
1492.975
2220.400
2962.465
3730.760
4376.445
4819.000
5199.945
5463.465
5649.210
5761.755
5283.515
4491.430
3659.390
2914.885
2321.050
1753.445
1553.975
1519.510
1445.395
1362.130
1225.490
962.885
556.015
168.055
-197.945
-642.330
-1018.395
-1323.395
-1653.100
-2219.180
-3482.490
-4667.110
-5494.270
-6052.420
-6477.285
-6693.835
-6246.095
-5375.015
-4668.940
-3968.355
-3247.640
-2640.690
-2034.655
-1364.875
-696.620
-157.685
315.980
788.730
1298.385
1721.725
1628.395
1416.420
1182.790
1044.015
1135.210
1472.845
2144.760
2920.070
3613.335
4179.110
4672.905
5057.205
5277.110
5263.385
5128.880
4973.635
4808.020
4596.350
4271.830
3687.145
2295.430
950.075
-215.330
-1251.720
-2076.135
-2881.335
-3185.725
-3245.810
-3192.435
-3152.785
-3180.540
-3362.320
-3423.625
-3408.375
-3350.730
-3284.850
-3286.680
-3180.540
-2901.465
-2708.400
-2966.430
-3384.585
-3655.425
-3809.450
-3867.400
-3701.785
-3076.535
-2213.385
-1406.050
-596.885
176.290
980.880
1684.210
2314.950
2860.900
3416.000
4038.505
4646.675
5056.900
5159.685
4482.280
3642.920
3120.760
2835.585
2488.800
2095.350
2108.770
2364.665
2570.845
2639.165
2553.155
2346.670
2127.375
1903.810
1594.845
1164.185
686.860
315.065
-135.725
-758.840
-1651.270
-2664.785
-3642.005
-4558.530
-5200.860
-5612.305
-5500.065
-5098.685
-4811.375
-4323.680
-3769.190
-3268.075
-2858.765
-2313.425
-1805.905
-1336.815
-834.175
-308.660
137.250
292.495
-271.755
-828.380
-1118.740
-1148.020
-1043.405
-839.970
-142.130
865.285
1947.120
2818.810
3481.575
3993.670
4446.900
4804.055
5149.010
5357.630
5334.755
5175.545
4969.365
4677.480
3883.870
2898.110
1916.010
1001.315
210.755
-417.850
-652.090
-852.780
-1016.870
-1187.365
-1427.095
-1627.785
-1794.010
-2012.695
-2272.250
-2505.270
-2599.820
-2588.535
-2628.185
-2894.450
-3908.575
-4732.990
-5151.145
-5435.710
-5395.145
-5288.395
-4665.585
-3771.935
-2873.405
-2048.380
-1313.025
-684.725
-70.455
584.075
1192.855
1768.390
2326.235
2847.480
3360.490
3737.165
3687.145
3471.815
3156.750
2972.530
2805.085
2720.600
3091.785
3542.575
3802.435
3903.390
3953.715
3886.310
3778.950
3567.585
3248.860
2935.930
2632.760
2256.085
1795.230
997.655
-411.140
-1869.040
-3118.015
-3997.940
-4692.425
-5245.390
-5336.585
-5110.580
-4804.970
-4558.530
-4312.395
-4129.090
-3876.550
-3495.300
-3042.680
-2690.405
-2289.635
-1814.750
-1369.755
-1093.425
-1235.860
-1492.365
-1794.010
-1876.970
-1860.805
-1630.530
-862.235
22.570
869.250
1687.870
2431.460
3239.710
3981.470
4509.120
4894.030
5257.895
5518.975
5784.020
5951.160
5666.900
4559.750
3320.230
2430.850
1752.530
1171.810
537.105
342.820
396.805
453.535
329.705
63.440
-208.620
-541.375
-909.815
-1247.755
-1493.890
-1696.410
-1957.490
-2257.305
-2649.230
-3293.695
-4051.620
-4730.245
-5296.020
-5619.930
-5614.745
-5109.360
-4415.485
-3655.120
-2948.130
-2330.200
-1691.835
-1024.190
-487.390
20.130
465.735
968.680
1519.510
2058.445
2234.735
1610.095
1005.585
755.790
836.005
1043.710
1253.855
1876.360
2623.915
3303.455
3884.785
4370.040
4540.840
4564.325
4519.490
4473.130
4314.530
4079.375
3784.440
3454.735
2920.985
1955.660
838.750
-267.485
-1259.650
-2122.800
-2879.505
-3130.520
-3076.535
-3024.075
-3069.825
-3159.800
-3193.350
-3199.755
-3143.635
-3101.850
-3063.115
-2874.015
-2581.215
-2321.355
-2355.210
-3048.475
-3743.875
-4158.370
-4196.190
-4141.900
-3987.875
-3311.080
-2408.280
-1472.235
-586.515
263.825
1022.665
1786.690
2434.510
3105.815
3890.580
4504.545
4961.435
5352.445
5453.705
5066.050
4636.915
4160.200
3570.330
3036.885
2553.765
2507.405
2629.405
2665.090
2562.000
2394.555
2196.915
1902.895
1495.415
1037.000
615.185
177.205
-308.660
-713.090
-1351.760
-2669.970
-4044.910
-5073.675
-5810.860
-6246.705
-6534.625
-6297.640
-5785.240
-5191.405
-4584.150
-4014.105
-3397.090
-2773.975
-2234.735
-1724.470
-1151.985
-578.890
-74.725
429.135
692.960
571.875
423.645
315.065
294.630
363.560
552.050
1358.775
2392.115
3201.585
3884.480
4400.540
4794.905
5160.905
5477.190
5572.350
5492.440
5315.845
5125.525
4922.395
4345.335
2979.545
1625.345
481.595
-342.820
-1088.850
-1842.200
-2115.480
-2163.670
-2277.130
-2442.135
-2525.400
-2628.795
-2813.625
-3036.275
-3181.150
-3201.280
-3163.155
-3128.690
-3096.970
-3183.590
-3494.995
-3862.825
-4174.840
-4314.225
-4361.500
-4233.095
-3539.220
-2609.275
-1760.460
-981.795
-299.815
325.130
997.045
1663.165
2214.605
2790.140
3300.100
3778.645
4332.525
4472.215
3840.865
3171.085
2726.395
2454.030
2328.370
2295.430
2607.445
2876.150
3016.145
3120.760
3155.225
3034.445
2838.635
2570.235
2299.700
2034.960
1640.595
1181.265
736.270
108.275
-993.995
-2111.515
-3059.455
-3906.135
-4596.960
-5167.615
-5124.610
-4815.340
-4502.105
-4208.695
-3919.860
-3556.910
-3125.335
-2741.340
-2379.915
-1921.195
-1455.155
-1058.960
-608.780
-494.710
-1155.950
-1768.695
