-510
-510
-510
-510
-508
-506
-503
-501
-498
-495
-492
-491
-488
-486
-485
-485
-485
-485
-485
-485
-486
-487
-488
-489
-490
-490
-491
-492
-493
-494
-494
-495
-497
-498
-500
-501
-503
-505
-506
-507
-509
-511
-512
-514
-515
-517
-519
-521
-524
-525
-528
-530
-532
-534
-536
-538
-540
-542
-543
-545
-546
-547
-547
-547
-547
-547
-547
-547
-546
-545
-544
-543
-542
-541
-540
-538
-538
-536
-536
-534
-533
-532
-531
-530
-529
-528
-526
-525
-524
-523
-521
-520
-518
-516
-515
-513
-511
-510
-508
-506
-505
-503
-502
-502
-501
-500
-500
-500
-500
-501
-502
-503
-503
-505
-506
-507
-507
-508
-509
-510
-510
-511
-512
-512
-512
-513
-514
-514
-515
-514
-513
-513
-512
-511
-510
-508
-506
-503
-501
-499
-497
-494
-492
-490
-488
-487
-486
-484
-484
-483
-483
-483
-483
-483
-484
-485
-486
-487
-489
-490
-492
-493
-494
-496
-497
-498
-498
-498
-498
-498
-498
-496
-495
-494
-493
-491
-491
-489
-488
-486
-485
-484
-482
-481
-479
-478
-476
-473
-472
-470
-468
-465
-463
-461
-459
-457
-455
-453
-450
-448
-446
-443
-441
-438
-435
-432
-429
-425
-422
-417
-413
-409
-405
-401
-397
-393
-389
-386
-382
-378
-374
-371
-369
-365
-362
-359
-356
-353
-350
-347
-345
-343
-341
-340
-341
-340
-340
-342
-342
-344
-346
-348
-350
-352
-352
-354
-354
-354
-354
-353
-353
-351
-350
-349
-347
-345
-344
-341
-338
-336
-333
-329
-324
-319
-315
-310
-305
-300
-295
-291
-286
-283
-279
-276
-274
-271
-269
-268
-266
-265
-264
-262
-261
-260
-259
-258
-256
-255
-254
-253
-252
-252
-251
-251
-251
-250
-250
-250
-250
-250
-250
-250
-251
-251
-251
-250
-250
-250
-249
-248
-247
-247
-246
-245
-245
-245
-245
-246
-246
-248
-249
-251
-253
-255
-257
-260
-262
-264
-265
-267
-269
-270
-271
-272
-273
-274
-275
-276
-277
-278
-279
-279
-280
-281
-281
-282
-282
-282
-282
-281
-281
-280
-279
-278
-275
-273
-271
-268
-265
-262
-258
-255
-252
-248
-245
-243
-239
-236
-234
-231
-228
-226
-223
-220
-217
-214
-212
-209
-206
-203
-198
-195
-191
-188
-184
-180
-176
-171
-168
-164
-161
-157
-154
-151
-148
-146
-144
-142
-141
-139
-138
-137
-136
-135
-133
-132
-132
-131
-129
-128
-126
-125
-124
-123
-121
-120
-119
-118
-118
-117
-117
-116
-117
-116
-117
-116
-116
-115
-115
-114
-113
-112
-110
-108
-107
-105
-104
-102
-100
-99
-97
-96
-95
-94
-93
-91
-91
-90
-89
-88
-88
-87
-86
-86
-85
-85
-85
-86
-86
-86
-88
-89
-90
-91
-92
-93
-94
-95
-96
-97
-97
-97
-98
-98
-99
-99
-100
-100
-101
-102
-104
-105
-106
-108
-110
-110
-112
-113
-113
-113
-114
-114
-114
-114
-115
-115
-115
-116
-117
-119
-120
-120
-122
-123
-124
-125
-126
-127
-128
-129
-131
-131
-133
-134
-135
-136
-137
-140
-141
-142
-144
-146
-147
-150
-151
-153
-155
-158
-160
-163
-166
-168
-171
-173
-176
-178
-181
-183
-186
-189
-192
-195
-199
-201
-205
-208
-212
-215
-219
-223
-227
-230
-234
-237
-241
-243
-247
-250
-253
-255
-258
-260
-263
-265
-267
-269
-271
-272
-274
-276
-278
-280
-283
-285
-288
-291
-294
-298
-302
-306
-310
-313
-317
-321
-324
-328
-330
-332
-334
-336
-337
-339
-338
-338
-338
-336
-334
-331
-327
-321
-314
-304
-291
-276
-256
-234
-210
-183
-155
-127
-102
-79
-61
-46
-34
-23
-8
16
57
126
232
386
594
860
1174
1526
1897
2047
2047
2047
2047
2047
2047
2047
2047
2047
2047
2047
2047
2047
2047
2047
2047
2047
2047
2047
2047
2047
2047
2047
2047
2047
2047
2047
2047
2047
2047
2047
2047
2047
2047
2047
2047
2047
2047
2047
2047
2047
2047
2047
2047
2047
2047
2047
2047
2047
2047
2047
2047
2047
2047
2047
1885
1550
1219
906
624
383
189
40
-68
-143
-194
-228
-253
-274
-293
-314
-337
-362
-388
-414
-438
-461
-482
-499
-513
-524
-532
-538
-542
-545
-546
-546
-545
-544
-541
-539
-536
-533
-528
-525
-521
-516
-511
-507
-502
-498
-493
-489
-485
-482
-479
-476
-473
-471
-469
-467
-466
-465
-464
-463
-463
-463
-463
-462
-462
-463
-463
-464
-465
-465
-467
-468
-470
-471
-473
-475
-476
-478
-481
-483
-486
-489
-492
-495
-498
-501
-504
-507
-510
-512
-513
-514
-515
-514
-513
-512
-511
-508
-506
-504
-502
-501
-499
-499
-499
-499
-499
-500
-501
-502
-504
-505
-506
-508
-508
-510
-511
-512
-512
-513
-514
-515
-516
-517
-517
-518
-520
-520
-521
-521
-522
-522
-523
-524
-525
-526
-527
-527
-529
-530
-531
-533
-533
-535
-537
-537
-539
-540
-540
-541
-542
-542
-542
-543
-542
-541
-540
-540
-539
-538
-537
-536
-535
-534
-533
-533
-531
-531
-530
-529
-529
-528
-528
-528
-527
-527
-526
-526
-525
-524
-524
-523
-523
-522
-521
-520
-520
-519
-518
-517
-517
-516
-517
-517
-517
-517
-517
-516
-517
-518
-518
-519
-519
-518
-518
-518
-518
-518
-517
-517
-517
-517
-515
-515
-515
-514
-513
-513
-513
-513
-513
-512
-511
-511
-510
-509
-508
-507
-507
-506
-504
-503
-503
-501
-500
-500
-499
-499
-498
-498
-497
-497
-497
-497
-497
-496
-496
-496
-496
-496
-496
-495
-495
-494
-493
-493
-491
-490
-488
-486
-485
-482
-481
-479
-476
-474
-473
-472
-470
-469
-468
-466
-465
-464
-464
-462
-462
-460
-459
-458
-458
-457
-456
-455
-455
-454
-453
-454
-453
-452
-451
-451
-450
-449
-447
-446
-444
-441
-439
-436
-434
-430
-427
-424
-421
-418
-414
-411
-408
-405
-401
-398
-395
-391
-388
-385
-382
-379
-375
-372
-369
-366
-365
-363
-361
-360
-360
-360
-361
-361
-362
-362
-363
-363
-363
-362
-362
-360
-359
-357
-355
-353
-351
-349
-347
-344
-341
-339
-336
-332
-328
-324
-320
-315
-310
-305
-300
-296
-291
-287
-284
-280
-278
-275
-273
-272
-271
-270
-269
-268
-268
-267
-267
-267
-266
-266
-265
-265
-265
-264
-264
-264
-264
-265
-265
-266
-266
-267
-268
-269
-270
-271
-271
-272
-273
-273
-273
-273
-273
-272
-272
-271
-270
-271
-270
-271
-271
-272
-273
-274
-276
-277
-279
-281
-283
-285
-286
-287
-288
-289
-290
-290
-291
-291
-291
-290
-290
-291
-291
-290
-290
-290
-290
-289
-289
-288
-287
-287
-285
-284
-282
-280
-278
-275
-272
-268
-264
-259
-254
-250
-245
-239
-235
-230
-224
-220
-215
-210
-206
-202
-198
-194
-190
-187
-184
-180
-177
-175
-172
-169
-167
-164
-162
-160
-158
-156
-154
-153
-151
-150
-149
-147
-147
-146
-146
-146
-146
-146
-146
-147
-147
-147
-150
-147
-147
-147
-146
-145
-144
-143
-142
-141
-139
-138
-136
-135
-133
-132
-130
-129
-128
-127
-126
-125
-124
-123
-122
-120
-120
-118
-116
-114
-112
-110
-108
-106
-104
-102
-100
-98
-97
-97
-95
-94
-93
-92
-92
-92
-91
-90
-90
-90
-90
-90
-90
-90
-91
-92
-92
-94
-95
-96
-97
-99
-100
-101
-102
-103
-103
-104
-104
-104
-104
-104
-105
-105
-105
-106
-106
-107
-108
-109
-110
-112
-112
-113
-113
-113
-114
-114
-114
-114
-114
-114
-114
-115
-116
-117
-118
-119
-121
-122
-124
-126
-127
-128
-130
-132
-134
-136
-138
-140
-142
-144
-146
-148
-150
-152
-155
-157
-159
-161
-163
-165
-167
-169
-172
-174
-176
-178
-181
-183
-185
-187
-188
-190
-192
-193
-195
-197
-198
-201
-202
-204
-207
-209
-212
-214
-216
-219
-221
-224
-226
-228
-231
-233
-235
-237
-239
-241
-242
-244
-246
-248
-249
-251
-252
-254
-255
-257
-259
-260
-263
-265
-268
-271
-275
-278
-282
-287
-290
-295
-299
-303
-306
-309
-313
-316
-318
-320
-323
-324
-325
-326
-326
-325
-324
-321
-318
-312
-305
-295
-282
-265
-245
-223
-197
-169
-142
-115
-89
-68
-50
-36
-24
-12
5
34
84
165
287
460
688
971
1300
1660
2034
2047
2047
2047
2047
2047
2047
2047
2047
2047
2047
2047
2047
2047
2047
2047
2047
2047
2047
2047
2047
2047
2047
2047
2047
2047
2047
2047
2047
2047
2047
2047
2047
2047
2047
2047
2047
2047
2047
2047
2047
2047
2047
2047
2047
2047
2047
2047
2047
2047
2047
2047
2047
2047
2047
2047
1720
1384
1061
763
504
289
119
-6
-95
-155
-197
-225
-248
-270
-292
-315
-341
-368
-395
-422
-448
-471
-491
-508
-521
-532
-541
-547
-552
-555
-556
-557
-557
-557
-555
-553
-551
-548
-545
-541
-537
-533
-528
-524
-519
-515
-511
-506
-502
-498
-495
-491
-488
-485
-482
-479
-477
-475
-473
-471
-469
-468
-466
-465
-464
-463
-462
-462
-461
-462
-462
-462
-462
-463
-464
-465
-466
-467
-468
-471
-473
-475
-478
-480
-483
-485
-488
-490
-492
-494
-495
-496
-496
-495
-494
-493
-491
-488
-486
-484
-482
-481
-479
-479
-479
-479
-480
-481
-482
-484
-486
-486
-489
-490
-491
-493
-494
-496
-498
-499
-501
-503
-504
-506
-508
-510
-511
-513
-515
-517
-519
-520
-522
-524
-526
-528
-529
-532
-534
-536
-538
-541
-543
-545
-547
-549
-550
-552
-553
-555
-555
-556
-556
-557
-557
-556
-556
-556
-555
-554
-553
-552
-551
-550
-548
-547
-545
-544
-543
-542
-540
-538
-536
-534
-533
-530
-528
-526
-523
-520
-517
-514
-511
-509
-506
-502
-499
-497
-495
-492
-490
-489
-487
-487
-487
-487
-487
-488
-490
-491
-493
-495
-497
-498
-501
-502
-504
-505
-507
-508
-509
-510
-511
-512
-513
-513
-513
-514
-514
-514
-514
-514
-513
-512
-512
-510
-509
-507
-506
-505
-503
-501
-500
-499
-498
-497
-496
-495
-495
-494
-494
-494
-494
-493
-493
-494
-494
-494
-494
-494
-494
-494
-494
-494
-493
-492
-491
-490
-488
-487
-485
-483
-481
-479
-478
-476
-475
-473
-471
-471
-469
-467
-466
-465
-463
-462
-461
-459
-458
-456
-455
-453
-452
-451
-449
-448
-446
-445
-444
-442
-440
-439
-437
-435
-432
-430
-427
-424
-420
-417
-413
-409
-406
-401
-397
-393
-390
-386
-383
-379
-376
-372
-369
-366
-363
-360
-356
-353
-351
-349
-347
-344
-343
-342
-342
-342
-343
-345
-345
-347
-350
-351
-353
-354
-355
-355
-355
-356
-355
-355
-354
-352
-351
-350
-349
-347
-345
-342
-340
-337
-334
-330
-326
-321
-316
-312
-307
-303
-298
-294
-291
-288
-285
-283
-280
-278
-277
-276
-275
-274
-273
-272
-271
-270
-268
-267
-266
-265
-264
-264
-263
-263
-263
-263
-263
-263
-263
-264
-264
-264
-264
-265
-265
-265
-266
-265
-264
-264
-263
-263
-262
-261
-261
-261
-261
-262
-263
-264
-265
-267
-269
-272
-274
-277
-279
-280
-283
-285
-287
-287
-288
-288
-289
-289
-289
-289
-289
-289
-288
-288
-288
-287
-286
-285
-285
-284
-283
-282
-280
-279
-277
-276
-274
-272
-269
-266
-263
-260
-257
-254
-250
-247
-244
-241
-238
-235
-232
-229
-227
-224
-221
-219
-216
-213
-210
-207
-204
-201
-198
-194
-191
-188
-184
-181
-177
-174
-169
-166
-162
-159
-155
-152
-149
-146
-143
-141
-138
-136
-134
-131
-129
-127
-125
-123
-121
-119
-117
-115
-112
-110
-107
-105
-103
-102
-99
-98
-97
-95
-94
-93
-93
-93
-92
-93
-93
-93
-93
-93
-93
-93
-92
-92
-92
-91
-90
-90
-89
-89
-89
-89
-89
-89
-89
-90
-90
-90
-90
-91
-92
-92
-93
-93
-94
-95
-95
-96
-98
-99
-100
-101
-103
-104
-106
-108
-108
-110
-111
-111
-112
-112
-113
-113
-113
-113
-114
-114
-115
-116
-117
-118
-119
-121
-122
-123
-124
-126
-126
-127
-127
-128
-127
-128
-128
-128
-128
-129
-130
-131
-132
-133
-134
-135
-136
-137
-138
-139
-140
-141
-142
-142
-144
-145
-146
-148
-148
-149
-151
-152
-154
-155
-156
-158
-160
-164
-164
-165
-167
-169
-172
-174
-176
-178
-181
-183
-185
-187
-189
-191
-194
-197
-199
-203
-205
-208
-212
-215
-218
-221
-225
-228
-231
-234
-238
-240
-243
-245
-248
-251
-253
-256
-258
-259
-262
-264
-266
-268
-269
-271
-273
-275
-278
-279
-282
-284
-286
-290
-293
-297
-300
-303
-305
-308
-311
-313
-315
-316
-318
-318
-318
-319
-319
-318
-318
-316
-314
-312
-310
-304
-298
-291
-281
-270
-255
-236
-215
-191
-165
-138
-111
-86
-63
-44
-30
-18
-7
6
28
66
129
229
375
574
830
1137
1483
1852
2047
2047
2047
2047
2047
2047
2047
2047
2047
2047
2047
2047
2047
2047
2047
2047
2047
2047
2047
2047
2047
2047
2047
2047
2047
2047
2047
2047
2047
2047
2047
2047
2047
2047
2047
2047
2047
2047
2047
2047
2047
2047
2047
2047
2047
2047
2047
2047
2047
2047
2047
2047
2047
2047
2047
1871
1532
1199
885
604
365
172
26
-79
-153
-202
-235
-260
-281
-301
-323
-347
-372
-400
-426
-452
-474
-494
-511
-526
-537
-545
-550
-554
-557
-558
-558
-556
-555
-552
-549
-546
-543
-538
-534
-529
-524
-519
-515
-509
-504
-500
-495
-492
-488
-484
-481
-478
-475
-473
-472
-470
-468
-467
-466
-466
-466
-465
-465
-465
-465
-466
-466
-468
-468
-469
-471
-472
-474
-476
-477
-478
-481
-483
-486
-488
-490
-493
-496
-499
-503
-506
-508
-510
-512
-514
-515
-515
-515
-514
-512
-510
-508
-506
-503
-501
-499
-497
-496
-495
-495
-495
-495
-495
-496
-498
-499
-499
-500
-501
-502
-502
-503
-503
-504
-505
-505
-506
-507
-508
-509
-510
-510
-512
-513
-514
-515
-516
-518
-520
-521
-522
-524
-526
-528
-530
-532
-534
-535
-538
-539
-541
-543
-544
-544
-544
-544
-544
-544
-543
-543
-542
-541
-540
-540
-539
-537
-536
-535
-534
-533
-532
-531
-530
-529
-529
-529
-529
-529
-530
-530
-531
-532
-532
-532
-533
-533
-534
-533
-534
-533
-532
-532
-531
-531
-531
-530
-529
-529
-529
-529
-530
-530
-531
-531
-533
-533
-534
-535
-535
-535
-535
-535
-535
-534
-534
-533
-532
-532
-531
-530
-529
-528
-527
-525
-525
-523
-521
-519
-518
-516
-513
-511
-509
-506
-504
-502
-500
-498
-496
-495
-493
-492
-492
-491
-490
-490
-490
-490
-490
-490
-490
-491
-491
-492
-492
-493
-492
-492
-492
-492
-491
-490
-489
-487
-485
-484
-482
-481
-480
-478
-477
-476
-475
-474
-473
-472
-471
-470
-469
-468
-467
-466
-465
-464
-462
-461
-461
-459
-458
-457
-456
-455
-454
-452
-451
-450
-449
-447
-445
-443
-441
-438
-435
-432
-429
-425
-422
-418
-415
-411
-408
-404
-401
-397
-394
-391
-388
-384
-380
-378
-374
-371
-369
-366
-363
-360
-358
-357
-355
-354
-355
-354
-355
-355
-356
-357
-357
-358
-358
-358
-357
-356
-354
-353
-351
-350
-347
-345
-343
-341
-338
-335
-333
-329
-325
-321
-317
-311
-307
-302
-297
-292
-288
-284
-280
-277
-274
-272
-270
-269
-268
-267
-265
-265
-264
-264
-264
-263
-262
-261
-261
-261
-261
-262
-262
-262
-263
-264
-264
-266
-267
-268
-269
-270
-272
-273
-274
-275
-277
-277
-278
-277
-276
-276
-275
-274
-273
-273
-272
-271
-271
-271
-272
-272
-274
-275
-276
-278
-279
-281
-283
-283
-284
-286
-287
-288
-289
-289
-290
-291
-292
-293
-294
-294
-295
-296
-296
-297
-297
-297
-297
-297
-296
-296
-294
-293
-291
-289
-286
-283
-280
-276
-272
-268
-264
-260
-256
-251
-247
-243
-239
-235
-232
-228
-224
-220
-217
-213
-210
-205
-202
-198
-195
-191
-187
-184
-180
-176
-173
-170
-167
-163
-160
-157
-155
-152
-151
-149
-147
-146
-144
-144
-143
-143
-142
-142
-141
-140
-140
-139
-138
-137
-135
-134
-133
-131
-130
-128
-127
-125
-123
-123
-121
-120
-119
-118
-117
-116
-115
-114
-113
-112
-110
-109
-107
-105
-103
-101
-98
-96
-94
-91
-89
-87
-85
-84
-81
-80
-79
-78
-77
-76
-75
-74
-74
-73
-73
-72
-73
-73
-74
-74
-75
-76
-78
-79
-80
-82
-84
-85
-87
-88
-89
-91
-91
-93
-94
-95
-95
-96
-98
-99
-101
-103
-105
-107
-109
-111
-114
-115
-117
-118
-119
-121
-122
-122
-123
-124
-125
-126
-128
-130
-131
-133
-135
-137
-139
-141
-143
-145
-147
-149
-151
-153
-155
-157
-159
-161
-163
-165
-167
-169
-172
-174
-175
-178
-180
-182
-184
-186
-188
-190
-192
-194
-196
-198
-200
-202
-203
-204
-206
-208
-209
-211
-213
-215
-218
-220
-222
-225
-227
-229
-232
-234
-237
-239
-242
-243
-245
-246
-247
-249
-249
-250
-251
-252
-252
-252
-252
-252
-253
-254
-255
-255
-256
-258
-259
-262
-264
-267
-270
-274
-278
-282
-286
-291
-295
-300
-303
-308
-311
-314
-317
-320
-322
-324
-325
-326
-326
-325
-324
-321
-317
-312
-304
-293
-280
-263
-243
-220
-196
-169
-141
-115
-91
-71
-54
-41
-29
-17
1
31
83
165
291
467
698
983
1314
1675
2047
2047
2047
2047
2047
2047
2047
2047
2047
2047
2047
2047
2047
2047
2047
2047
2047
2047
2047
2047
2047
2047
2047
2047
2047
2047
2047
2047
2047
2047
2047
2047
2047
2047
2047
2047
2047
2047
2047
2047
2047
2047
2047
2047
2047
2047
2047
2047
2047
2047
2047
2047
2047
2047
2047
2047
1756
1418
1091
789
524
303
129
-2
-95
-158
-201
-231
-254
-275
-297
-321
-346
-373
-401
-428
-454
-477
-497
-514
-527
-539
-547
-553
-558
-561
-562
-563
-563
-562
-561
-559
-556
-553
-550
-546
-542
-538
-534
-529
-525
-521
-517
-512
-508
-505
-502
-498
-495
-492
-490
-488
-485
-483
-482
-480
-478
-478
-476
-475
-475
-474
-473
-473
-473
-473
-474
-474
-475
-475
-476
-477
-478
-480
-481
-483
-485
-488
-490
-492
-495
-497
-500
-502
-504
-506
-506
-507
-507
-506
-505
-503
-501
-498
-495
-493
-491
-490
-488
-488
-488
-488
-489
-490
-492
-493
-494
-496
-498
-500
-501
-503
-504
-505
-507
-508
-509
-510
-512
-512
-513
-514
-515
-515
-515
-515
-516
-517
-518
-518
-518
-519
-520
-521
-522
-523
-524
-526
-528
-530
-531
-534
-535
-537
-538
-540
-541
-542
-544
-544
-545
-546
-546
-546
-546
-546
-545
-545
-545
-544
-543
-543
-542
-542
-541
-540
-539
-538
-537
-537
-535
-534
-532
-531
-529
-527
-525
-523
-521
-519
-516
-514
-512
-511
-508
-506
-505
-503
-503
-502
-501
-500
-500
-500
-501
-502
-502
-503
-503
-504
-505
-506
-507
-507
-508
-509
-509
-510
-510
-511
-512
-512
-513
-513
-514
-514
-514
-514
-514
-514
-515
-513
-513
-512
-511
-511
-509
-508
-508
-507
-507
-506
-506
-505
-506
-505
-506
-506
-506
-506
-507
-507
-508
-509
-509
-509
-509
-508
-508
-508
-507
-506
-504
-503
-501
-499
-497
-494
-492
-490
-487
-486
-483
-481
-479
-477
-476
-474
-473
-471
-469
-467
-465
-464
-462
-460
-458
-457
-455
-453
-451
-450
-449
-447
-445
-443
-443
-441
-439
-437
-435
-432
-430
-427
-423
-420
-416
-412
-409
-405
-401
-398
-394
-391
-388
-384
-382
-378
-376
-373
-370
-367
-364
-362
-359
-358
-356
-354
-353
-353
-353
-353
-354
-355
-356
-358
-360
-361
-363
-364
-365
-365
-365
-365
-364
-363
-362
-361
-359
-357
-356
-354
-351
-348
-345
-341
-337
-333
-328
-323
-318
-313
-308
-304
-299
-294
-290
-287
-284
-282
-279
-277
-275
-274
-272
-271
-270
-268
-265
-263
-261
-260
-258
-256
-253
-251
-249
-248
-247
-245
-244
-244
-243
-243
-242
-242
-242
-242
-242
-242
-242
-242
-242
-242
-242
-243
-242
-243
-243
-244
-245
-247
-249
-251
-253
-256
-259
-263
-266
-269
-272
-276
-278
-281
-283
-285
-287
-289
-291
-292
-293
-294
-295
-296
-297
-298
-298
-298
-299
-298
-298
-298
-298
-297
-296
-294
-292
-291
-288
-286
-282
-278
-274
-271
-267
-263
-259
-254
-250
-246
-242
-239
-235
-232
-228
-225
-222
-219
-216
-213
-209
-206
-204
-200
-198
-194
-191
-188
-185
-182
-180
-176
-173
-171
-168
-166
-163
-160
-158
-156
-155
-153
-152
-150
-149
-148
-147
-146
-144
-143
-141
-140
-138
-138
-134
-132
-130
-128
-126
-124
-122
-119
-118
-116
-115
-114
-113
-112
-110
-111
-110
-110
-109
-108
-107
-106
-106
-105
-103
-102
-101
-100
-98
-97
-97
-96
-94
-94
-93
-93
-93
-93
-93
-92
-92
-93
-93
-93
-92
-93
-93
-93
-94
-95
-95
-96
-97
-98
-99
-100
-100
-101
-101
-102
-102
-102
-102
-101
-101
-101
-101
-101
-102
-102
-103
-104
-105
-106
-107
-109
-108
-109
-110
-111
-111
-111
-111
-112
-112
-112
-113
-114
-114
-116
-117
-119
-120
-122
-123
-124
-126
-128
-130
-132
-133
-135
-137
-139
-143
-143
-144
-147
-149
-152
-154
-157
-159
-161
-165
-167
-170
-173
-175
-178
-181
-184
-187
-188
-190
-192
-194
-196
-198
-199
-201
-203
-205
-207
-209
-212
-215
-218
-220
-224
-227
-230
-233
-236
-239
-243
-247
-249
-252
-255
-258
-261
-265
-267
-269
-273
-275
-278
-280
-282
-284
-287
-289
-292
-294
-297
-300
-303
-307
-310
-314
-318
-321
-325
-328
-331
-334
-336
-338
-339
-340
-340
-341
-341
-340
-339
-336
-334
-330
-325
-319
-310
-299
-285
-269
-249
-226
-200
-172
-144
-116
-90
-67
-48
-33
-21
-8
7
33
77
150
262
422
638
909
1229
1583
1957
2047
2047
2047
2047
2047
2047
2047
2047
2047
2047
2047
2047
2047
2047
2047
2047
2047
2047
2047
2047
2047
2047
2047
2047
2047
2047
2047
2047
2047
2047
2047
2047
2047
2047
2047
2047
2047
2047
2047
2047
2047
2047
2047
2047
2047
2047
2047
2047
2047
2047
2047
2047
2047
2047
2047
1872
1535
1204
893
614
377
186
40
-65
-138
-187
-221
-246
-267
-287
-310
-333
-359
-386
-413
-439
-462
-483
-500
-515
-526
-536
-542
-547
-549
-551
-552
-550
-549
-547
-545
-542
-539
-536
-532
-528
-523
-519
-515
-510
-506
-502
-498
-494
-491
-487
-485
-482
-479
-477
-476
-475
-473
-472
-472
-472
-472
-471
-471
-472
-473
-473
-474
-475
-476
-478
-479
-481
-483
-484
-486
-488
-491
-493
-496
-499
-502
-505
-509
-512
-516
-520
-522
-525
-528
-530
-531
-532
-531
-530
-529
-527
-525
-523
-520
-516
-514
-511
-509
-507
-505
-504
-504
-503
-503
-503
-503
-502
-502
-502
-502
-502
-502
-502
-502
-503
-503
-504
-505
-506
-507
-508
-509
-511
-512
-515
-515
-517
-519
-521
-523
-525
-528
-529
-532
-534
-536
-539
-540
-542
-544
-546
-549
-549
-550
-550
-551
-552
-552
-552
-551
-551
-550
-549
-549
-547
-546
-545
-544
-543
-542
-540
-539
-538
-537
-536
-536
-535
-534
-533
-532
-530
-530
-528
-527
-526
-524
-523
-522
-520
-519
-517
-516
-515
-513
-512
-512
-511
-510
-510
-510
-510
-512
-512
-513
-514
-515
-516
-517
-518
-518
-519
-519
-520
-520
-519
-519
-519
-519
-519
-518
-518
-517
-517
-516
-516
-514
-514
-512
-510
-509
-508
-506
-504
-501
-499
-497
-496
-494
-492
-491
-489
-488
-487
-487
-487
-486
-486
-486
-486
-487
-488
-488
-488
-489
-490
-491
-491
-491
-491
-491
-491
-490
-489
-488
-487
-486
-485
-485
-484
-483
-482
-481
-481
-481
-480
-480
-480
-479
-478
-478
-478
-477
-476
-475
-474
-474
-473
-472
-471
-470
-469
-468
-468
-466
-465
-464
-462
-461
-459
-456
-454
-451
-448
-445
-441
-437
-434
-430
-426
-422
-418
-415
-411
-407
-403
-400
-396
-393
-389
-386
-382
-379
-376
-372
-369
-367
-364
-363
-362
-361
-360
-361
-360
-361
-362
-363
-364
-365
-365
-365
-365
-365
-364
-363
-361
-360
-359
-357
-355
-353
-351
-348
-345
-341
-337
-332
-328
-323
-317
-312
-306
-301
-295
-291
-287
-283
-279
-277
-274
-272
-271
-269
-268
-267
-267
-266
-266
-266
-266
-265
-266
-266
-266
-267
-268
-268
-269
-270
-271
-273
-274
-274
-276
-278
-278
-279
-280
-282
-281
-281
-281
-281
-280
-280
-279
-278
-277
-277
-275
-275
-275
-275
-276
-276
-277
-278
-279
-281
-281
-282
-283
-283
-283
-283
-283
-283
-282
-282
-281
-281
-280
-280
-280
-279
-278
-278
-277
-277
-276
-275
-275
-274
-273
-272
-270
-269
-267
-264
-262
-259
-256
-253
-250
-246
-242
-239
-236
-232
-229
-226
-224
-221
-218
-215
-213
-210
-207
-205
-202
-199
-196
-193
-191
-188
-185
-183
-180
-177
-174
-171
-168
-166
-163
-161
-158
-156
-155
-153
-152
-151
-149
-148
-148
-148
-147
-146
-146
-145
-145
-144
-143
-142
-141
-140
-139
-138
-136
-135
-133
-132
-131
-130
-128
-128
-127
-126
-126
-126
-125
-124
-124
-123
-122
-121
-119
-118
-116
-114
-112
-110
-108
-106
-104
-102
-101
-100
-98
-96
-95
-94
-93
-92
-91
-90
-90
-89
-89
-88
-88
-88
-89
-89
-90
-91
-92
-93
-94
-95
-96
-98
-99
-100
-100
-101
-102
-102
-103
-104
-104
-105
-106
-108
-109
-110
-112
-113
-115
-116
-118
-119
-120
-121
-122
-122
-123
-124
-124
-125
-126
-127
-129
-130
-132
-134
-135
-137
-138
-141
-142
-143
-145
-146
-146
-147
-147
-148
-149
-150
-151
-151
-152
-153
-154
-156
-157
-159
-160
-161
-162
-164
-166
-169
-170
-172
-175
-177
-179
-181
-183
-186
-188
-190
-192
-195
-198
-200
-203
-206
-209
-212
-216
-218
-221
-225
-228
-231
-234
-236
-239
-241
-243
-246
-248
-250
-252
-254
-255
-258
-259
-261
-262
-264
-265
-267
-268
-271
-272
-275
-278
-280
-284
-287
-290
-294
-298
-302
-306
-309
-313
-315
-318
-321
-323
-325
-326
-327
-328
-329
-329
-328
-326
-323
-319
-314
-306
-296
-282
-266
-246
-223
-199
-172
-145
-119
-96
-76
-59
-47
-37
-25
-6
25
79
168
300
484
725
1019
1357
1724
2047
2047
2047
2047
2047
2047
2047
2047
2047
2047
2047
2047
2047
2047
2047
2047
2047
2047
2047
2047
2047
2047
2047
2047
2047
2047
2047
2047
2047
2047
2047
2047
2047
2047
2047
2047
2047
2047
2047
2047
2047
2047
2047
2047
2047
2047
2047
2047
2047
2047
2047
2047
2047
2047
2047
1954
1617
1282
964
676
428
226
71
-43
-123
-178
-215
-242
-263
-284
-306
-330
-356
-383
-411
-437
-461
-483
-502
-517
-530
-540
-547
-552
-556
-559
-559
-559
-558
-557
-555
-553
-550
-546
-543
-538
-534
-530
-525
-521
-516
-511
-507
-502
-498
-494
-491
-487
-484
-481
-478
-476
-474
-472
-471
-471
-469
-469
-467
-467
-467
-467
-467
-467
-467
-467
-468
-468
-469
-470
-470
-471
-471
-472
-473
-474
-476
-477
-479
-481
-483
-485
-487
-489
-491
-492
-493
-493
-493
-492
-494
-489
-487
-486
-484
-482
-482
-481
-481
-481
-482
-484
-486
-488
-491
-494
-496
-499
-502
-504
-507
-509
-511
-514
-516
-518
-520
-522
-523
-525
-526
-528
-530
-531
-533
-535
-536
-537
-539
-540
-541
-543
-543
-545
-546
-548
-549
-550
-551
-553
-554
-555
-555
-556
-557
-557
-557
-557
-557
-556
-555
-554
-554
-552
-551
-549
-548
-546
-545
-543
-541
-540
-538
-537
-536
-534
-533
-532
-531
-529
-529
-527
-526
-525
-524
-523
-522
-520
-518
-517
-515
-513
-512
-510
-508
-507
-506
-505
-505
-504
-504
-504
-504
-505
-505
-506
-507
-508
-509
-509
-510
-511
-511
-511
-512
-512
-512
-513
-512
-513
-512
-512
-513
-512
-512
-512
-512
-511
-511
-510
-508
-507
-506
-505
-504
-503
-501
-500
-498
-497
-496
-496
-495
-495
-498
-493
-494
-494
-495
-495
-495
-495
-496
-496
-496
-496
-497
-496
-496
-495
-495
-494
-492
-491
-489
-487
-485
-482
-480
-478
-477
-475
-473
-472
-470
-468
-467
-465
-464
-463
-461
-460
-458
-457
-455
-454
-452
-451
-449
-448
-446
-445
-443
-442
-441
-440
-439
-437
-435
-434
-432
-429
-427
-425
-421
-418
-414
-411
-407
-404
-400
-397
-394
-391
-389
-385
-383
-380
-378
-375
-373
-371
-368
-366
-363
-361
-360
-359
-358
-356
-356
-355
-356
-357
-358
-359
-359
-359
-360
-361
-360
-360
-359
-357
-356
-355
-353
-351
-349
-347
-345
-343
-341
-339
-335
-332
-329
-326
-322
-318
-313
-309
-305
-301
-298
-294
-291
-288
-286
-285
-284
-282
-281
-280
-279
-278
-278
-277
-276
-275
-274
-273
-272
-271
-270
-269
-268
-268
-267
-267
-266
-266
-266
-267
-267
-266
-266
-266
-266
-265
-266
-265
-264
-263
-262
-261
-261
-260
-259
-260
-260
-260
-261
-262
-264
-266
-268
-270
-273
-276
-277
-279
-281
-283
-285
-286
-287
-289
-290
-290
-292
-292
-293
-294
-295
-295
-296
-296
-296
-296
-296
-295
-295
-294
-293
-291
-289
-287
-284
-281
-278
-274
-270
-265
-261
-256
-252
-247
-243
-238
-234
-230
-225
-221
-217
-212
-209
-205
-202
-197
-194
-190
-186
-183
-179
-175
-171
-167
-164
-161
-158
-154
-150
-147
-144
-141
-139
-136
-134
-132
-130
-128
-127
-126
-125
-124
-123
-122
-121
-120
-119
-118
-117
-115
-114
-112
-111
-109
-107
-106
-105
-103
-103
-102
-101
-101
-100
-100
-100
-100
-100
-100
-100
-100
-100
-99
-99
-98
-98
-97
-96
-95
-95
-94
-94
-93
-93
-93
-93
-93
-94
-94
-94
-95
-95
-95
-96
-97
-97
-98
-98
-99
-101
-102
-103
-104
-105
-107
-108
-109
-110
-111
-112
-113
-114
-115
-115
-116
-116
-116
-117
-117
-118
-118
-120
-120
-122
-123
-123
-123
-122
-123
-122
-121
-121
-120
-118
-118
-117
-116
-116
-116
-117
-117
-118
-119
-120
-121
-123
-124
-125
-127
-128
-131
-132
-134
-137
-139
-141
-143
-146
-149
-152
-155
-157
-160
-162
-166
-168
-171
-174
-176
-180
-182
-185
-188
-190
-192
-195
-198
-200
-202
-204
-206
-208
-211
-213
-215
-218
-221
-224
-226
-229
-232
-235
-237
-239
-242
-244
-246
-248
-249
-251
-252
-254
-255
-257
-258
-259
-260
-260
-262
-263
-264
-265
-266
-268
-269
-272
-274
-277
-279
-282
-286
-290
-293
-297
-300
-304
-307
-310
-312
-314
-316
-318
-319
-320
-321
-321
-320
-319
-317
-314
-310
-304
-297
-287
-275
-259
-241
-219
-194
-167
-139
-112
-87
-65
-46
-31
-19
-8
7
31
72
141
249
404
614
880
1195
1547
1919
2047
2047
2047
2047
2047
2047
2047
2047
2047
2047
2047
2047
2047
2047
2047
2047
2047
2047
2047
2047
2047
2047
2047
2047
2047
2047
2047
2047
2047
2047
2047
2047
2047
2047
2047
2047
2047
2047
2047
2047
2047
2047
2047
2047
2047
2047
2047
2047
2047
2047
2047
2047
2047
2047
2047
1765
1426
1098
794
527
304
128
-3
-97
-161
-203
-232
-255
-276
-297
-319
-344
-370
-398
-424
-450
-472
-491
-507
-520
-531
-538
-544
-547
-549
-551
-550
-551
-549
-547
-545
-543
-539
-536
-532
-529
-524
-521
-517
-513
-508
-504
-500
-496
-494
-490
-486
-482
-479
-476
-474
-472
-469
-468
-465
-463
-462
-461
-461
-460
-460
-459
-459
-461
-461
-462
-462
-464
-465
-467
-469
-471
-474
-476
-479
-483
-486
-489
-493
-496
-500
-504
-507
-509
-512
-514
-514
-515
-514
-514
-512
-510
-507
-504
-501
-499
-497
-495
-493
-492
-493
-492
-492
-492
-493
-493
-494
-495
-495
-495
-496
-496
-496
-497
-497
-497
-498
-498
-499
-499
-500
-501
-501
-502
-503
-504
-505
-506
-507
-509
-511
-512
-514
-516
-517
-519
-521
-524
-526
-528
-531
-533
-535
-537
-539
-540
-541
-542
-544
-545
-546
-546
-547
-547
-547
-547
-547
-547
-547
-547
-547
-547
-547
-546
-545
-546
-545
-544
-544
-544
-543
-543
-542
-541
-540
-539
-538
-536
-535
-533
-532
-530
-529
-527
-525
-524
-522
-521
-520
-519
-519
-518
-518
-518
-519
-519
-520
-520
-521
-521
-521
-521
-521
-521
-521
-520
-520
-519
-519
-518
-518
-517
-517
-516
-515
-515
-514
-513
-512
-510
-509
-507
-505
-503
-501
-499
-497
-495
-494
-492
-491
-490
-489
-488
-488
-488
-488
-488
-488
-488
-488
-489
-489
-490
-490
-491
-492
-492
-492
-491
-491
-491
-489
-489
-487
-486
-485
-483
-482
-481
-479
-479
-478
-477
-476
-475
-474
-474
-473
-472
-471
-470
-469
-467
-466
-464
-464
-462
-461
-460
-459
-458
-457
-457
-456
-454
-453
-452
-450
-448
-445
-443
-440
-437
-433
-429
-424
-420
-415
-411
-405
-401
-395
-390
-386
-381
-377
-372
-368
-363
-359
-354
-350
-347
-343
-339
-336
-334
-333
-332
-331
-332
-332
-334
-337
-339
-341
-343
-344
-346
-347
-348
-348
-347
-347
-347
-346
-345
-344
-342
-341
-339
-337
-335
-332
-329
-325
-321
-317
-313
-309
-304
-299
-295
-291
-287
-284
-282
-279
-277
-275
-274
-272
-271
-270
-269
-269
-268
-267
-266
-265
-265
-264
-264
-264
-264
-264
-265
-264
-265
-266
-267
-267
-268
-269
-270
-271
-272
-273
-273
-273
-274
-274
-274
-274
-274
-274
-274
-274
-274
-274
-276
-277
-278
-280
-282
-284
-285
-287
-289
-291
-293
-294
-294
-295
-296
-296
-296
-296
-296
-296
-295
-296
-296
-295
-295
-294
-293
-294
-292
-294
-291
-290
-288
-287
-285
-283
-280
-278
-274
-271
-268
-264
-260
-256
-253
-249
-245
-242
-238
-235
-232
-228
-226
-223
-220
-217
-215
-211
-208
-206
-203
-200
-198
-194
-192
-189
-186
-183
-181
-178
-175
-172
-168
-166
-164
-161
-159
-157
-155
-154
-152
-151
-150
-149
-148
-147
-146
-144
-143
-141
-139
-138
-136
-134
-132
-130
-128
-126
-124
-122
-119
-118
-116
-115
-114
-113
-111
-110
-109
-108
-107
-106
-105
-103
-101
-100
-98
-96
-93
-91
-89
-87
-85
-84
-82
-81
-80
-79
-78
-78
-77
-77
-77
-77
-77
-76
-77
-77
-77
-78
-79
-80
-81
-82
-82
-84
-84
-85
-86
-87
-88
-89
-90
-90
-90
-91
-92
-93
-93
-94
-96
-97
-99
-101
-102
-105
-107
-110
-112
-115
-117
-119
-122
-123
-125
-126
-129
-130
-133
-135
-137
-140
-142
-145
-147
-150
-152
-154
-156
-158
-160
-162
-163
-165
-167
-169
-170
-172
-174
-175
-177
-178
-179
-181
-182
-184
-185
-186
-188
-189
-191
-192
-193
-195
-196
-197
-198
-199
-199
-201
-202
-202
-204
-205
-206
-208
-210
-211
-214
-215
-218
-220
-223
-225
-228
-230
-233
-235
-238
-240
-242
-245
-247
-249
-251
-254
-255
-258
-259
-261
-263
-265
-267
-268
-271
-273
-275
-278
-281
-285
-288
-292
-296
-300
-304
-308
-312
-315
-319
-322
-324
-327
-329
-330
-331
-332
-332
-332
-332
-330
-327
-323
-319
-312
-304
-293
-279
-262
-241
-218
-193
-166
-138
-111
-88
-67
-50
-37
-26
-13
5
35
87
170
297
474
706
991
1323
1684
2047
2047
2047
2047
2047
2047
2047
2047
2047
2047
2047
2047
2047
2047
2047
2047
2047
2047
2047
2047
2047
2047
2047
2047
2047
2047
2047
2047
2047
2047
2047
2047
2047
2047
2047
2047
2047
2047
2047
2047
2047
2047
2047
2047
2047
2047
2047
2047
2047
2047
2047
2047
2047
2047
2047
2039
1702
1364
1039
741
481
266
99
-26
-114
-174
-215
-244
-267
-288
-310
-336
-360
-387
-415
-442
-467
-489
-509
-525
-539
-548
-555
-560
-563
-564
-565
-565
-563
-560
-557
-554
-550
-546
-541
-537
-532
-526
-521
-516
-511
-506
-501
-496
-492
-489
-485
-482
-479
-477
-474
-473
-471
-470
-469
-468
-467
-467
-467
-467
-467
-467
-467
-468
-469
-469
-471
-472
-472
-474
-475
-477
-479
-480
-482
-484
-487
-490
-492
-495
-498
-501
-504
-506
-508
-510
-511
-511
-511
-510
-508
-506
-504
-501
-498
-496
-494
-492
-491
-491
-490
-490
-491
-491
-492
-494
-495
-496
-497
-498
-500
-500
-501
-502
-503
-504
-506
-507
-508
-509
-510
-512
-513
-515
-516
-517
-518
-520
-521
-522
-524
-525
-527
-528
-530
-532
-533
-535
-536
-538
-540
-541
-542
-543
-544
-545
-545
-545
-546
-546
-545
-544
-544
-543
-542
-541
-539
-538
-537
-535
-534
-532
-531
-530
-529
-528
-527
-526
-526
-525
-524
-524
-523
-522
-521
-520
-520
-518
-517
-516
-515
-514
-513
-512
-510
-509
-509
-509
-509
-508
-509
-510
-511
-512
-513
-515
-516
-517
-519
-520
-521
-522
-523
-524
-525
-525
-526
-526
-527
-527
-527
-528
-528
-528
-528
-528
-528
-527
-526
-526
-525
-524
-523
-521
-520
-518
-517
-515
-514
-512
-510
-510
-508
-508
-507
-506
-506
-506
-506
-506
-506
-505
-505
-506
-505
-505
-505
-504
-504
-502
-502
-500
-499
-497
-495
-493
-491
-489
-488
-486
-484
-482
-481
-480
-479
-478
-476
-475
-473
-472
-471
-469
-466
-464
-462
-460
-458
-456
-453
-450
-448
-446
-443
-442
-439
-438
-435
-433
-431
-429
-426
-423
-421
-418
-415
-412
-409
-406
-404
-401
-398
-396
-394
-392
-390
-388
-386
-385
-383
-381
-379
-377
-374
-372
-370
-368
-366
-365
-364
-363
-363
-362
-362
-363
-364
-366
-367
-368
-368
-369
-369
-369
-369
-368
-366
-364
-362
-360
-357
-354
-352
-349
-346
-342
-338
-334
-329
-324
-319
-314
-308
-302
-297
-292
-286
-281
-277
-273
-269
-267
-264
-261
-260
-258
-256
-256
-254
-253
-252
-250
-249
-248
-248
-247
-246
-246
-246
-245
-246
-246
-246
-247
-248
-249
-250
-250
-251
-252
-253
-253
-254
-254
-254
-255
-254
-255
-255
-254
-254
-255
-256
-256
-258
-260
-261
-263
-266
-268
-271
-274
-276
-279
-281
-283
-286
-287
-289
-291
-292
-293
-295
-296
-296
-297
-299
-299
-300
-301
-301
-301
-301
-301
-301
-300
-300
-299
-297
-295
-293
-291
-288
-285
-281
-277
-274
-270
-266
-261
-257
-253
-249
-245
-241
-237
-234
-230
-226
-222
-219
-215
-212
-208
-205
-201
-197
-194
-191
-187
-184
-180
-177
-174
-171
-167
-164
-161
-159
-156
-154
-152
-150
-149
-148
-146
-146
-145
-144
-143
-143
-141
-140
-140
-138
-137
-135
-134
-132
-131
-129
-127
-126
-124
-123
-123
-121
-121
-121
-120
-120
-120
-120
-120
-120
-119
-118
-117
-116
-116
-114
-113
-110
-108
-106
-103
-101
-99
-98
-95
-94
-93
-91
-90
-89
-88
-87
-86
-85
-84
-83
-83
-82
-82
-83
-83
-83
-84
-85
-86
-87
-89
-90
-92
-93
-94
-95
-95
-97
-97
-98
-98
-99
-100
-101
-101
-103
-104
-105
-107
-108
-109
-110
-111
-112
-112
-113
-113
-114
-114
-113
-114
-115
-116
-117
-117
-119
-120
-122
-123
-124
-126
-126
-128
-130
-131
-132
-133
-135
-137
-139
-140
-143
-145
-147
-149
-151
-154
-156
-159
-161
-164
-167
-170
-173
-176
-179
-182
-185
-187
-190
-193
-196
-199
-202
-205
-208
-210
-214
-217
-220
-223
-226
-230
-234
-237
-240
-244
-247
-250
-252
-255
-259
-261
-263
-265
-267
-269
-271
-272
-274
-275
-276
-277
-278
-280
-280
-281
-282
-283
-285
-287
-289
-291
-294
-296
-299
-302
-305
-309
-312
-314
-317
-319
-321
-323
-324
-325
-326
-326
-326
-325
-325
-322
-320
-315
-310
-303
-294
-282
-267
-249
-228
-205
-178
-151
-124
-98
-75
-55
-40
-27
-17
-3
18
54
112
211
352
546
796
1098
1440
1807
2047
2047
2047
2047
2047
2047
2047
2047
2047
2047
2047
2047
2047
2047
2047
2047
2047
2047
2047
2047
2047
2047
2047
2047
2047
2047
2047
2047
2047
2047
2047
2047
2047
2047
2047
2047
2047
2047
2047
2047
2047
2047
2047
2047
2047
2047
2047
2047
2047
2047
2047
2047
2047
2047
2047
1999
1663
1330
1010
719
466
258
96
-23
-107
-163
-200
-227
-248
-268
-289
-312
-337
-363
-390
-416
-440
-462
-481
-497
-510
-520
-528
-534
-538
-541
-543
-543
-543
-543
-542
-541
-539
-537
-534
-531
-528
-524
-522
-518
-515
-511
-508
-505
-502
-499
-496
-494
-492
-490
-489
-487
-486
-485
-484
-483
-483
-483
-483
-483
-483
-482
-483
-483
-484
-484
-485
-485
-486
-487
-488
-489
-490
-491
-493
-495
-497
-499
-501
-504
-506
-509
-511
-513
-514
-516
-516
-516
-515
-514
-512
-509
-507
-504
-502
-499
-496
-495
-493
-493
-493
-492
-493
-494
-494
-495
-497
-497
-498
-499
-500
-501
-501
-502
-502
-503
-504
-504
-506
-507
-508
-509
-510
-511
-512
-513
-514
-515
-516
-517
-518
-519
-521
-523
-524
-525
-527
-529
-530
-533
-534
-536
-538
-539
-540
-541
-542
-543
-544
-544
-545
-545
-544
-544
-544
-544
-543
-542
-542
-541
-541
-540
-540
-539
-539
-539
-539
-539
-538
-537
-537
-536
-536
-535
-534
-532
-532
-530
-528
-527
-525
-524
-522
-520
-519
-518
-517
-515
-515
-513
-513
-514
-514
-514
-515
-515
-516
-517
-517
-518
-518
-518
-519
-518
-518
-518
-518
-518
-518
-517
-517
-517
-516
-516
-515
-515
-514
-514
-512
-511
-510
-508
-507
-505
-503
-502
-500
-498
-497
-496
-495
-495
-494
-494
-494
-495
-495
-496
-497
-498
-499
-499
-500
-501
-503
-503
-504
-504
-504
-503
-503
-502
-501
-499
-497
-495
-493
-490
-489
-487
-484
-483
-481
-479
-477
-476
-474
-473
-472
-471
-470
-469
-469
-468
-468
-467
-467
-467
-467
-467
-467
-467
-467
-467
-467
-466
-466
-465
-464
-462
-460
-458
-455
-452
-449
-445
-441
-437
-433
-428
-424
-420
-416
-411
-407
-403
-399
-395
-391
-387
-383
-379
-374
-371
-367
-363
-360
-357
-355
-353
-351
-351
-350
-350
-351
-351
-353
-353
-354
-355
-355
-355
-354
-353
-352
-351
-349
-348
-347
-345
-343
-341
-339
-337
-335
-331
-327
-324
-320
-316
-311
-307
-303
-299
-296
-292
-290
-287
-285
-283
-282
-280
-279
-278
-278
-277
-276
-275
-274
-273
-272
-271
-271
-270
-269
-268
-268
-268
-267
-267
-267
-267
-267
-267
-267
-267
-267
-267
-267
-267
-267
-266
-265
-265
-263
-262
-261
-260
-259
-259
-258
-258
-258
-259
-259
-260
-262
-263
-265
-267
-268
-270
-271
-272
-273
-274
-275
-275
-276
-276
-277
-277
-277
-277
-278
-278
-279
-278
-278
-278
-278
-277
-277
-276
-276
-275
-273
-272
-270
-268
-266
-263
-261
-256
-254
-250
-247
-244
-240
-237
-234
-231
-229
-226
-224
-220
-218
-216
-213
-211
-209
-206
-204
-201
-199
-196
-194
-192
-189
-187
-184
-181
-179
-176
-173
-171
-169
-166
-165
-163
-162
-161
-160
-159
-159
-158
-157
-157
-156
-156
-155
-153
-152
-150
-149
-147
-145
-142
-139
-137
-134
-131
-130
-127
-124
-122
-121
-119
-118
-117
-116
-114
-113
-111
-109
-108
-106
-104
-102
-100
-98
-97
-94
-93
-92
-91
-91
-91
-90
-90
-90
-90
-91
-91
-91
-91
-91
-92
-93
-93
-94
-94
-95
-96
-98
-99
-100
-102
-102
-104
-105
-106
-107
-108
-108
-108
-109
-108
-109
-109
-109
-109
-109
-110
-111
-111
-112
-113
-114
-114
-115
-116
-115
-116
-116
-116
-115
-115
-115
-115
-115
-117
-117
-118
-119
-121
-122
-123
-125
-126
-127
-129
-130
-132
-133
-135
-137
-138
-140
-142
-144
-146
-148
-150
-152
-154
-156
-158
-160
-162
-164
-167
-168
-171
-173
-175
-177
-180
-182
-184
-185
-187
-189
-191
-193
-195
-197
-200
-202
-204
-207
-210
-212
-215
-217
-220
-223
-226
-228
-231
-234
-236
-239
-241
-244
-246
-248
-250
-252
-255
-256
-259
-261
-263
-265
-267
-269
-272
-275
-278
-281
-285
-289
-293
-298
-302
-307
-311
-315
-319
-323
-326
-329
-332
-334
-336
-337
-338
-339
-338
-338
-336
-334
-330
-324
-318
-308
-296
-281
-263
-241
-217
-191
-163
-136
-110
-88
-68
-53
-40
-29
-15
7
47
113
215
364
568
828
1138
1488
1859
2047
2047
2047
2047
2047
2047
2047
2047
2047
2047
2047
2047
2047
2047
2047
2047
2047
2047
2047
2047
2047
2047
2047
2047
2047
2047
2047
2047
2047
2047
2047
2047
2047
2047
2047
2047
2047
2047
2047
2047
2047
2047
2047
2047
2047
2047
2047
2047
2047
2047
2047
2047
2047
2047
2047
1908
1571
1239
925
642
400
204
53
-57
-134
-186
-222
-248
-271
-291
-314
-338
-365
-392
-420
-446
-470
-492
-510
-525
-537
-547
-553
-558
-560
-562
-563
-562
-561
-559
-556
-554
-550
-546
-542
-538
-533
-528
-523
-518
-513
-508
-502
-497
-493
-489
-484
-481
-477
-474
-471
-468
-466
-464
-462
-460
-459
-458
-457
-456
-456
-455
-455
-456
-455
-457
-457
-458
-459
-460
-463
-464
-466
-469
-471
-474
-477
-481
-484
-488
-492
-495
-499
-502
-505
-507
-509
-510
-510
-510
-510
-508
-507
-505
-503
-502
-500
-499
-499
-499
-499
-500
-501
-502
-503
-505
-506
-508
-510
-510
-511
-513
-514
-515
-516
-517
-518
-518
-520
-521
-522
-523
-524
-525
-526
-527
-528
-529
-530
-531
-533
-534
-535
-536
-538
-539
-541
-542
-543
-545
-546
-547
-549
-549
-550
-551
-551
-551
-551
-550
-550
-549
-548
-546
-545
-544
-542
-541
-539
-537
-536
-535
-533
-532
-531
-529
-528
-528
-526
-525
-525
-523
-522
-521
-520
-519
-518
-516
-515
-514
-512
-511
-509
-508
-507
-506
-505
-505
-505
-505
-505
-506
-507
-508
-510
-511
-512
-514
-515
-516
-518
-519
-519
-520
-520
-521
-522
-523
-524
-524
-525
-525
-526
-526
-526
-527
-527
-526
-526
-526
-524
-523
-521
-519
-517
-515
-512
-510
-508
-505
-503
-500
-498
-496
-495
-493
-492
-490
-488
-488
-487
-486
-486
-485
-484
-484
-484
-483
-483
-482
-482
-482
-481
-481
-480
-479
-478
-478
-477
-476
-476
-475
-474
-473
-473
-472
-471
-471
-470
-469
-467
-466
-465
-464
-462
-461
-460
-459
-458
-457
-456
-454
-453
-452
-451
-450
-448
-447
-445
-443
-441
-438
-436
-433
-430
-427
-423
-419
-416
-412
-408
-406
-401
-399
-396
-393
-389
-387
-383
-381
-378
-376
-372
-370
-367
-365
-363
-362
-360
-360
-359
-359
-360
-362
-362
-364
-365
-366
-368
-369
-369
-369
-369
-368
-368
-366
-365
-363
-360
-358
-356
-353
-350
-347
-344
-340
-335
-331
-325
-320
-315
-309
-304
-299
-294
-290
-286
-282
-279
-276
-274
-272
-270
-269
-267
-266
-265
-263
-263
-261
-260
-259
-259
-257
-258
-257
-257
-257
-257
-257
-258
-258
-259
-260
-261
-261
-263
-263
-264
-265
-265
-266
-266
-266
-266
-266
-266
-266
-266
-266
-266
-267
-268
-270
-272
-274
-276
-278
-280
-282
-284
-286
-288
-290
-291
-291
-293
-293
-294
-294
-294
-295
-295
-296
-295
-295
-295
-295
-294
-294
-293
-292
-291
-290
-288
-286
-285
-282
-279
-277
-273
-269
-265
-261
-257
-252
-247
-243
-237
-233
-229
-224
-220
-216
-212
-208
-205
-201
-197
-194
-190
-187
-184
-180
-177
-174
-171
-167
-164
-161
-158
-155
-152
-147
-144
-140
-138
-134
-132
-130
-127
-125
-124
-122
-121
-120
-119
-118
-117
-116
-116
-115
-114
-113
-112
-111
-111
-110
-110
-109
-109
-109
-109
-109
-109
-110
-111
-112
-113
-114
-115
-116
-117
-117
-118
-118
-118
-118
-118
-117
-117
-116
-115
-115
-113
-113
-112
-112
-111
-110
-110
-109
-109
-109
-108
-107
-107
-106
-105
-105
-104
-104
-103
-103
-103
-103
-104
-104
-104
-104
-104
-104
-104
-104
-104
-104
-103
-103
-102
-102
-102
