9.000000
9.500000
23.000000
14.000000
10.000000
0.500000
23.000000
30.500000
26.500000
2.500000
-16.000000
4.500000
29.500000
30.500000
5.000000
-15.500000
-11.500000
10.000000
21.500000
13.500000
-4.000000
-6.500000
9.000000
18.000000
22.000000
15.000000
16.000000
11.500000
12.000000
15.500000
27.000000
26.000000
22.500000
-2.000000
-0.500000
5.000000
30.500000
23.500000
17.500000
-22.000000
-10.500000
12.500000
35.500000
26.500000
-15.500000
-17.500000
-5.000000
33.500000
22.000000
9.500000
-16.500000
-6.000000
28.500000
35.500000
12.500000
-19.000000
-2.500000
16.500000
34.000000
-7.500000
-21.000000
-9.000000
29.000000
29.500000
-12.000000
-31.000000
-16.000000
36.500000
36.000000
4.500000
-28.500000
-13.500000
40.000000
44.000000
17.000000
-24.500000
-5.000000
36.500000
42.500000
12.500000
-39.000000
-5.500000
35.500000
64.500000
27.500000
-32.000000
-20.000000
29.000000
81.000000
36.000000
0.000000
-36.500000
-10.500000
37.500000
57.500000
47.500000
1.000000
-6.000000
-1.000000
36.500000
35.500000
26.000000
34.000000
30.500000
39.500000
39.000000
73.000000
68.500000
57.500000
-30.000000
-87.000000
-98.000000
-100.500000
41.500000
119.000000
95.000000
40.500000
-60.000000
-83.500000
13.500000
136.500000
129.000000
-40.000000
-122.500000
-244.500000
-305.000000
35.500000
468.500000
614.500000
167.000000
-273.000000
-402.500000
-70.000000
253.000000
221.000000
-28.000000
-242.000000
-140.000000
26.500000
94.500000
-4.500000
-81.000000
-35.000000
-17.500000
2.000000
-78.500000
-12.000000
67.000000
109.500000
-4.500000
-95.500000
-64.500000
88.500000
210.000000
97.000000
-62.000000
-116.500000
18.500000
196.500000
168.500000
13.000000
-125.000000
-56.500000
106.000000
161.500000
56.500000
-104.500000
-100.500000
7.500000
116.500000
38.000000
-86.500000
-128.500000
-30.500000
72.500000
19.500000
-73.000000
-116.500000
-5.500000
57.000000
38.500000
-46.500000
-81.500000
10.500000
79.500000
79.500000
-24.000000
-42.500000
3.500000
96.500000
90.000000
19.000000
-17.000000
18.500000
88.500000
81.000000
24.000000
-11.000000
17.500000
74.500000
75.000000
17.500000
-30.000000
-15.500000
39.500000
64.500000
25.500000
-27.000000
-26.500000
23.500000
47.000000
18.500000
-39.500000
-22.500000
13.500000
48.000000
15.500000
-37.500000
-36.000000
-2.500000
41.500000
17.500000
-17.000000
-22.000000
7.000000
32.500000
24.000000
5.500000
-7.000000
14.000000
37.000000
34.000000
10.500000
9.500000
20.000000
23.500000
20.000000
11.000000
8.500000
21.000000
11.000000
12.500000
6.000000
13.000000
3.000000
1.000000
1.500000
-7.500000
1.500000
7.500000
0.000000
-15.500000
-14.500000
1.500000
12.500000
15.500000
-19.000000
-14.500000
10.000000
1.500000
10.000000
-12.000000
0.500000
5.000000
6.000000
1.000000
-17.500000
14.000000
7.000000
23.500000
5.000000
6.000000
19.000000
21.000000
37.000000
14.500000
22.000000
11.000000
13.000000
24.000000
44.500000
30.500000
-4.500000
-0.500000
2.000000
33.000000
24.000000
10.000000
1.000000
-0.500000
8.000000
8.500000
17.500000
8.000000
13.500000
-2.000000
-10.000000
3.500000
18.000000
38.000000
16.000000
11.500000
-3.000000
21.000000
29.000000
21.500000
7.000000
5.500000
16.500000
26.500000
19.000000
10.500000
-2.500000
16.000000
19.000000
29.500000
6.000000
8.000000
13.000000
20.000000
20.500000
10.500000
21.500000
22.000000
29.000000
15.000000
10.000000
15.000000
14.500000
11.000000
-0.500000
8.500000
15.500000
28.500000
16.500000
4.500000
3.500000
17.000000
31.000000
18.500000
10.500000
3.000000
18.000000
21.500000
23.500000
14.000000
9.000000
27.500000
14.000000
23.500000
24.000000
32.500000
32.500000
24.000000
50.000000
74.500000
73.500000
20.000000
-85.000000
-96.000000
-62.500000
-14.000000
37.000000
51.000000
20.500000
29.500000
-3.500000
-164.000000
-23.000000
134.000000
183.000000
31.000000
-141.000000
-286.000000
-336.500000
112.000000
537.000000
544.500000
72.000000
-324.000000
-335.000000
-27.000000
274.500000
152.000000
-64.000000
-223.500000
-93.500000
32.000000
73.000000
-13.000000
-72.500000
-27.000000
-24.500000
-12.500000
-66.500000
-3.500000
89.500000
63.000000
-33.000000
-121.500000
-17.500000
115.000000
180.500000
27.500000
-95.000000
-83.500000
76.500000
187.500000
114.000000
-34.000000
-95.000000
16.000000
122.500000
143.500000
13.500000
-58.000000
-44.000000
63.000000
102.500000
39.500000
-59.500000
-72.500000
37.500000
71.500000
27.000000
-72.000000
-53.000000
30.500000
75.500000
25.500000
-61.000000
-46.000000
29.500000
94.500000
33.000000
-41.000000
-51.000000
24.500000
81.500000
50.000000
-7.000000
-37.000000
22.500000
72.500000
59.500000
6.500000
-29.500000
17.500000
56.500000
58.500000
12.500000
-12.500000
-2.000000
29.000000
48.500000
20.000000
-4.500000
1.500000
26.000000
35.500000
10.500000
-11.500000
-16.000000
29.500000
40.500000
9.000000
-40.000000
-38.500000
16.500000
23.000000
1.000000
-41.500000
-42.000000
20.000000
30.500000
13.500000
-38.000000
-28.500000
18.500000
43.000000
18.500000
-19.000000
-7.500000
17.500000
44.000000
19.500000
-14.000000
-2.500000
23.000000
53.500000
18.000000
2.500000
-7.500000
23.000000
35.000000
28.000000
0.000000
-1.000000
17.000000
34.000000
30.000000
7.000000
-5.500000
9.500000
30.000000
27.000000
12.000000
-7.000000
11.500000
12.000000
26.000000
7.000000
-4.000000
4.500000
13.000000
15.000000
-7.000000
1.500000
10.500000
25.500000
18.500000
7.500000
10.000000
18.500000
39.000000
18.000000
13.500000
14.500000
37.500000
41.500000
29.000000
9.000000
0.000000
24.000000
43.000000
40.000000
1.500000
-5.000000
13.500000
41.000000
36.500000
6.500000
-1.500000
15.000000
16.000000
21.000000
-0.500000
9.000000
14.000000
22.000000
20.500000
16.000000
5.500000
13.000000
18.000000
10.500000
7.000000
-13.000000
13.000000
19.000000
25.500000
-6.000000
-21.500000
-3.500000
7.500000
35.500000
9.000000
-1.000000
-10.500000
17.500000
28.500000
23.500000
4.500000
4.000000
17.000000
21.000000
22.500000
-5.500000
2.500000
2.500000
31.500000
15.500000
13.000000
-2.500000
4.500000
14.000000
30.000000
21.000000
-5.000000
5.000000
7.000000
26.500000
16.500000
8.500000
3.500000
16.000000
33.500000
21.000000
16.000000
6.500000
38.000000
59.500000
40.500000
25.500000
40.000000
87.000000
84.000000
36.000000
-85.500000
-89.500000
-68.000000
-10.500000
72.500000
65.500000
18.500000
-2.500000
-115.000000
3.000000
129.500000
214.500000
-30.000000
-135.500000
-230.500000
-189.000000
-210.000000
186.500000
483.000000
473.500000
28.000000
-365.000000
-367.000000
15.000000
274.500000
210.500000
-122.500000
-250.500000
-136.500000
89.500000
128.000000
9.000000
-86.000000
-63.000000
20.000000
12.500000
-23.000000
-3.000000
79.000000
99.000000
-10.000000
-64.000000
-42.500000
113.500000
137.500000
78.000000
-45.000000
-95.000000
24.500000
124.500000
151.000000
10.500000
-89.000000
-70.000000
48.000000
128.000000
54.500000
-61.500000
-97.500000
-10.500000
74.000000
39.000000
-40.000000
-99.000000
-25.000000
36.500000
41.500000
-33.000000
-70.000000
2.000000
57.500000
62.500000
-29.500000
-34.500000
8.500000
86.000000
88.500000
10.500000
-27.500000
-3.500000
81.500000
87.500000
40.000000
-13.500000
-7.500000
45.000000
65.500000
37.000000
-19.500000
-21.500000
17.000000
58.500000
30.500000
-26.000000
-50.500000
-9.500000
40.500000
45.000000
-11.000000
-48.500000
-21.500000
35.000000
36.500000
-5.000000
-34.500000
-13.500000
34.000000
32.000000
-5.000000
-33.500000
-29.000000
26.000000
44.500000
27.500000
-29.500000
-24.500000
16.500000
65.000000
47.500000
-8.000000
-23.000000
12.000000
57.500000
52.000000
17.000000
-16.500000
3.000000
39.500000
45.500000
29.000000
-21.500000
5.500000
32.000000
38.500000
24.500000
-9.500000
-0.500000
14.500000
42.500000
16.000000
-5.500000
-9.500000
9.000000
34.000000
27.000000
8.500000
-8.500000
6.500000
25.500000
33.000000
11.500000
-18.000000
1.500000
9.500000
32.500000
8.000000
-5.500000
-13.000000
-3.000000
16.500000
16.000000
8.000000
4.000000
18.000000
23.000000
-0.500000
-5.500000
14.500000
35.000000
37.500000
8.500000
-7.000000
4.500000
19.500000
30.500000
16.500000
10.500000
3.000000
8.000000
18.000000
24.500000
6.000000
5.500000
7.500000
24.500000
7.000000
8.500000
-2.500000
5.000000
18.000000
20.000000
24.500000
0.500000
11.000000
8.000000
22.500000
15.000000
3.000000
2.000000
1.000000
23.500000
19.000000
-8.000000
-12.500000
4.000000
32.500000
27.000000
3.000000
-4.500000
5.000000
37.000000
34.500000
26.500000
-3.500000
5.000000
29.500000
40.000000
28.000000
-12.000000
-7.000000
7.500000
42.500000
35.000000
2.000000
-16.000000
2.500000
28.500000
41.500000
24.500000
-6.500000
-4.500000
2.500000
19.000000
35.500000
10.500000
6.000000
-12.500000
13.000000
14.000000
28.500000
27.000000
37.000000
20.000000
2.500000
43.000000
83.000000
86.000000
33.500000
-79.000000
-107.000000
-91.000000
-54.500000
23.000000
83.000000
69.500000
0.000000
-97.000000
0.500000
9.500000
94.000000
117.500000
-18.500000
-108.500000
-214.000000
-384.500000
-52.000000
350.000000
689.000000
219.500000
-210.000000
-482.000000
-152.000000
247.000000
254.000000
11.500000
-266.500000
-142.500000
30.000000
117.500000
-10.000000
-104.500000
-15.500000
32.500000
37.500000
-98.500000
-58.500000
48.500000
181.500000
55.000000
-85.500000
-129.500000
46.000000
222.000000
180.000000
-31.000000
-159.000000
-39.000000
164.000000
238.000000
51.500000
-113.500000
-125.500000
86.000000
188.000000
112.000000
-96.000000
-127.500000
2.000000
123.000000
89.000000
-62.500000
-116.500000
-32.000000
73.500000
49.000000
-53.500000
-103.500000
-6.000000
84.500000
64.500000
-60.000000
-82.000000
-0.500000
116.500000
99.500000
-36.500000
-77.500000
-9.500000
126.000000
104.000000
12.000000
-70.500000
-7.500000
87.000000
114.000000
38.500000
-67.000000
-26.000000
47.500000
114.500000
39.000000
-42.000000
-59.000000
11.500000
70.500000
27.000000
-16.000000
-38.500000
33.000000
36.500000
16.500000
-44.000000
-28.500000
29.000000
53.500000
18.000000
-47.500000
-37.000000
2.000000
42.500000
12.500000
-17.500000
-25.500000
14.000000
32.000000
27.000000
-6.000000
-7.000000
14.000000
40.500000
34.000000
7.500000
0.500000
17.500000
29.500000
16.500000
1.500000
3.000000
28.500000
26.500000
13.500000
-15.000000
-2.000000
21.500000
28.000000
17.500000
-13.500000
3.000000
8.500000
26.500000
6.500000
1.000000
7.500000
13.500000
21.500000
8.500000
1.000000
9.500000
16.000000
19.000000
0.500000
8.500000
-1.500000
10.500000
1.000000
-2.500000
10.500000
6.500000
9.000000
-0.500000
1.000000
7.500000
16.500000
26.000000
22.000000
14.500000
-7.500000
13.500000
21.500000
32.500000
20.500000
-8.000000
-9.500000
13.000000
44.000000
34.500000
-1.000000
-28.000000
-9.500000
41.500000
43.500000
23.000000
-28.500000
-16.500000
13.500000
33.500000
27.500000
-4.500000
-3.000000
9.000000
43.000000
28.500000
-4.000000
-1.500000
2.500000
30.500000
19.500000
-1.000000
-5.000000
2.000000
22.500000
15.500000
-4.500000
-9.000000
3.000000
31.000000
14.500000
0.500000
-7.500000
21.000000
28.500000
18.000000
10.500000
2.500000
26.000000
26.000000
25.000000
0.000000
-2.500000
0.500000
23.500000
26.000000
12.000000
4.500000
-1.500000
17.500000
8.500000
14.500000
8.000000
8.000000
6.500000
4.500000
1.000000
7.000000
14.500000
21.500000
8.500000
-3.500000
8.000000
14.000000
35.500000
37.000000
21.000000
6.500000
38.000000
81.500000
86.500000
28.000000
-87.000000
-109.500000
-73.000000
-5.000000
49.500000
60.000000
27.500000
24.500000
-81.000000
-135.000000
106.500000
189.000000
111.000000
-110.000000
-192.500000
-210.500000
-220.500000
111.000000
466.000000
522.000000
116.000000
-285.000000
-328.500000
-59.000000
258.500000
172.500000
-33.500000
-255.500000
-138.500000
41.000000
115.500000
32.500000
-112.000000
-77.000000
-34.000000
50.000000
-10.500000
-7.000000
22.500000
54.000000
14.500000
-44.000000
-7.500000
85.500000
141.000000
70.500000
-32.500000
-51.500000
36.000000
141.500000
132.500000
22.500000
-51.000000
-32.000000
85.500000
135.500000
63.500000
-42.500000
-72.500000
22.500000
86.500000
74.000000
-29.500000
-81.500000
-35.500000
38.500000
54.000000
-18.000000
-63.000000
-36.500000
35.500000
45.000000
-10.000000
-48.000000
-9.000000
54.500000
52.500000
-2.500000
-38.500000
-1.500000
61.000000
61.000000
9.000000
-31.000000
-1.500000
50.000000
67.000000
24.500000
-15.500000
-10.000000
34.000000
50.500000
33.500000
-6.500000
-11.000000
9.500000
32.500000
33.500000
10.000000
-7.500000
12.500000
27.500000
30.000000
-1.000000
-15.500000
1.500000
25.000000
24.500000
-3.500000
-22.000000
-19.500000
6.000000
16.500000
15.500000
-9.000000
-11.500000
2.000000
31.500000
11.500000
-0.500000
-8.000000
33.000000
37.000000
26.000000
2.500000
1.000000
32.500000
31.500000
41.000000
7.000000
8.000000
20.500000
38.500000
35.500000
6.500000
1.500000
6.500000
39.000000
18.000000
12.000000
-4.500000
6.000000
22.500000
11.500000
0.500000
1.000000
9.500000
20.500000
18.000000
6.500000
-5.500000
3.500000
-2.000000
14.000000
14.500000
-0.500000
-2.000000
-6.000000
10.000000
14.500000
15.500000
-0.500000
-2.500000
21.500000
28.000000
28.500000
-8.500000
5.500000
15.500000
35.500000
25.500000
1.000000
2.000000
1.000000
30.000000
16.500000
6.000000
-10.500000
7.500000
17.000000
10.000000
8.500000
0.000000
6.500000
10.000000
7.500000
1.500000
-2.000000
8.500000
13.500000
20.500000
19.500000
18.500000
11.500000
-13.500000
18.500000
16.000000
38.000000
2.000000
1.000000
2.500000
11.500000
21.500000
-6.500000
9.500000
5.500000
24.500000
11.000000
-0.500000
2.500000
22.000000
42.500000
23.500000
-2.500000
1.000000
20.000000
49.000000
41.500000
1.500000
-5.500000
-4.000000
36.500000
48.500000
30.000000
8.500000
-18.000000
24.000000
35.500000
51.500000
18.500000
0.000000
6.000000
10.500000
44.000000
27.500000
12.500000
-3.500000
14.000000
30.500000
23.500000
26.000000
20.500000
50.500000
31.500000
24.000000
45.000000
83.000000
94.500000
25.500000
-71.000000
-95.000000
-55.500000
-17.000000
45.000000
70.000000
31.000000
6.500000
-148.000000
-2.000000
177.000000
213.000000
-78.000000
-161.500000
-204.000000
-102.500000
-188.000000
102.500000
404.000000
493.000000
77.000000
-309.000000
-363.500000
-48.500000
249.500000
185.500000
-91.500000
-268.000000
-151.500000
87.000000
127.500000
-4.500000
-149.000000
-61.500000
33.000000
68.500000
-33.500000
-36.000000
38.500000
102.500000
58.000000
-64.000000
-50.500000
51.000000
182.500000
117.000000
-19.000000
-112.000000
-12.000000
148.500000
170.000000
43.500000
-95.500000
-80.000000
47.000000
143.000000
88.500000
-46.500000
-107.000000
-34.500000
84.000000
71.500000
-34.500000
-92.500000
-47.500000
48.500000
44.500000
-22.500000
-71.000000
-12.500000
72.000000
69.000000
-10.000000
-65.500000
9.500000
91.500000
109.000000
19.000000
-45.000000
-7.000000
74.500000
123.000000
44.500000
-14.500000
-25.500000
54.500000
93.500000
51.500000
-24.000000
-34.000000
29.000000
67.500000
50.500000
-25.000000
-57.500000
-13.500000
51.500000
53.000000
-14.500000
-54.500000
-24.000000
40.000000
42.500000
-12.000000
-45.000000
-27.500000
38.000000
38.500000
-3.500000
-58.500000
-32.000000
24.500000
51.000000
0.000000
-40.000000
-37.000000
27.000000
52.500000
29.500000
-21.000000
-38.500000
14.500000
43.000000
53.000000
6.000000
-30.500000
-12.000000
35.500000
37.000000
18.000000
-7.500000
-18.000000
20.000000
28.500000
14.500000
-7.000000
-2.000000
15.000000
20.500000
13.000000
-9.500000
2.500000
11.000000
24.000000
8.500000
-5.500000
-4.500000
25.500000
27.500000
11.000000
-12.500000
-7.000000
19.500000
18.000000
12.000000
-7.000000
-3.000000
-1.500000
19.000000
6.500000
4.500000
0.500000
9.000000
20.000000
19.500000
21.000000
6.000000
6.500000
18.500000
25.500000
33.000000
19.500000
-2.500000
-2.500000
10.500000
37.500000
35.500000
6.000000
-5.000000
2.000000
22.000000
26.000000
23.500000
-6.000000
6.500000
25.500000
26.500000
-0.500000
-13.000000
14.500000
40.000000
53.000000
17.500000
-9.000000
-2.000000
35.500000
52.000000
21.500000
-23.000000
-12.500000
11.000000
45.000000
23.000000
-11.500000
-18.500000
4.000000
22.000000
21.500000
7.500000
-3.500000
12.000000
29.000000
28.500000
8.500000
3.500000
20.500000
36.000000
32.500000
-1.500000
-7.000000
-5.000000
37.500000
52.000000
40.000000
-26.500000
-22.000000
14.500000
71.000000
38.000000
-4.000000
-27.500000
16.500000
52.500000
37.000000
4.000000
-26.000000
16.500000
34.000000
43.000000
0.000000
-7.000000
20.000000
56.000000
54.500000
-1.000000
12.000000
65.500000
106.500000
55.500000
-73.500000
-133.500000
-92.000000
-28.000000
56.000000
65.500000
6.500000
14.000000
25.000000
-129.500000
-11.500000
81.000000
186.000000
24.000000
-109.000000
-298.500000
-396.500000
-4.000000
506.500000
653.000000
189.000000
-327.000000
-431.000000
-109.000000
300.000000
221.500000
-28.500000
-274.000000
-126.500000
22.000000
88.500000
-12.500000
-72.500000
-14.500000
-24.500000
-9.500000
-92.500000
-15.000000
101.000000
129.500000
-4.500000
-131.500000
-66.500000
123.000000
245.500000
92.000000
-91.000000
-137.500000
50.500000
227.500000
193.500000
-23.000000
-133.500000
-53.000000
147.000000
190.000000
43.500000
-123.500000
-105.000000
44.000000
141.500000
48.000000
-106.000000
-124.500000
-14.500000
82.500000
46.500000
-79.500000
-97.000000
-19.000000
81.000000
46.500000
-53.000000
-72.000000
6.500000
114.500000
75.000000
-27.000000
-79.500000
11.000000
123.000000
107.000000
3.500000
-69.000000
1.500000
102.500000
117.500000
16.000000
-65.000000
-20.000000
73.000000
113.500000
31.500000
-60.000000
-69.500000
24.500000
88.000000
39.500000
-39.000000
-69.500000
10.000000
53.500000
31.500000
-48.000000
-55.500000
-1.500000
53.500000
28.000000
-57.500000
-75.000000
-25.500000
59.500000
43.000000
-33.000000
-59.500000
-23.000000
53.500000
57.000000
2.500000
-52.500000
-9.000000
52.500000
81.000000
16.000000
-37.000000
-18.000000
42.500000
81.500000
33.000000
-8.000000
-13.500000
37.000000
59.000000
26.000000
-14.000000
-25.500000
34.500000
48.000000
26.000000
-18.000000
-26.500000
17.000000
40.000000
34.000000
-13.500000
-22.000000
4.500000
44.000000
35.500000
-11.500000
-19.000000
-1.000000
40.500000
36.500000
-5.000000
-21.500000
-10.000000
31.500000
31.500000
0.500000
-16.500000
-2.500000
55.500000
38.000000
14.500000
-20.000000
16.500000
37.000000
45.500000
20.500000
-3.000000
5.500000
25.000000
32.000000
8.000000
9.000000
7.000000
25.500000
17.500000
4.000000
-6.000000
-6.000000
21.500000
34.000000
6.500000
-25.500000
-14.000000
11.500000
38.500000
19.000000
-10.500000
-13.500000
17.000000
42.500000
14.500000
-10.000000
-15.000000
24.000000
33.500000
13.500000
-9.000000
-16.000000
22.500000
26.000000
17.000000
-10.500000
-4.000000
17.500000
20.000000
14.000000
-10.000000
15.000000
25.000000
34.500000
6.500000
-0.500000
2.000000
26.000000
21.000000
2.500000
-2.500000
-1.000000
21.500000
21.500000
16.000000
-1.500000
0.000000
23.500000
29.000000
29.500000
2.500000
6.500000
13.000000
26.000000
32.500000
13.000000
10.000000
10.500000
25.500000
28.000000
29.000000
18.500000
31.500000
37.000000
27.000000
36.500000
60.500000
84.500000
50.000000
-31.500000
-104.000000
-93.000000
-57.500000
41.500000
70.500000
48.500000
-8.000000
-6.500000
-30.000000
-106.500000
22.500000
84.000000
122.000000
13.000000
-130.500000
-402.500000
-183.500000
321.000000
682.000000
346.500000
-166.500000
-451.000000
-222.500000
193.000000
271.000000
49.000000
-212.000000
-199.500000
-18.500000
90.500000
31.000000
-88.000000
-36.500000
-14.000000
-8.500000
-80.500000
-64.000000
60.000000
136.500000
30.000000
-118.000000
-131.500000
41.500000
213.500000
164.500000
-50.500000
-159.500000
-60.500000
167.500000
233.000000
52.500000
-120.000000
-116.000000
75.500000
184.500000
116.500000
-54.500000
-106.500000
-5.000000
111.000000
96.000000
-40.500000
-95.500000
-22.500000
75.000000
63.500000
-40.000000
-91.000000
-20.500000
80.500000
70.500000
-38.500000
-85.000000
-20.000000
92.000000
88.500000
-11.500000
-82.000000
-22.000000
83.500000
111.500000
21.000000
-69.500000
-38.000000
72.500000
115.000000
51.500000
-52.500000
-39.000000
46.000000
110.000000
65.500000
-22.500000
-46.500000
0.500000
49.000000
39.000000
17.000000
-4.500000
31.000000
36.000000
30.500000
-11.500000
-9.000000
16.500000
38.000000
33.500000
-1.000000
-20.000000
-11.500000
17.000000
27.500000
-2.000000
-13.000000
3.000000
12.000000
24.000000
9.500000
6.500000
-2.000000
14.500000
20.000000
14.000000
22.000000
8.000000
17.500000
7.500000
8.500000
25.000000
22.000000
16.000000
3.500000
5.500000
20.000000
23.500000
8.500000
-0.500000
5.500000
10.000000
32.000000
6.500000
-2.000000
1.500000
14.000000
16.500000
10.000000
7.000000
3.000000
16.500000
14.000000
1.000000
-9.000000
7.000000
14.500000
8.000000
-7.000000
-4.500000
1.000000
9.000000
13.000000
11.500000
7.000000
-1.500000
17.500000
33.000000
29.500000
19.500000
11.500000
17.500000
28.000000
31.000000
22.000000
12.500000
12.000000
24.000000
27.000000
22.000000
13.000000
12.000000
20.500000
14.000000
16.000000
12.500000
21.000000
12.500000
9.000000
1.500000
19.500000
22.500000
24.000000
10.000000
7.500000
12.500000
15.000000
22.500000
21.500000
14.000000
7.500000
3.000000
2.000000
13.000000
21.500000
12.500000
5.000000
-1.000000
2.500000
17.500000
15.500000
20.500000
1.500000
14.000000
15.000000
19.500000
21.000000
6.000000
28.500000
20.000000
12.500000
10.000000
-3.000000
28.500000
18.500000
36.500000
-5.000000
5.500000
3.500000
29.000000
37.000000
2.000000
-2.500000
-9.000000
24.000000
24.500000
8.500000
-10.500000
-6.500000
20.500000
23.500000
10.000000
-6.000000
8.000000
41.500000
43.500000
16.500000
18.500000
60.500000
91.000000
54.500000
-59.500000
-111.500000
-69.000000
-31.000000
56.000000
66.000000
17.500000
11.000000
-43.500000
-88.500000
85.500000
153.500000
109.500000
-98.000000
-157.500000
-200.500000
-258.500000
-9.000000
394.000000
565.500000
216.500000
-277.500000
-403.500000
-116.500000
265.000000
229.500000
-47.000000
-253.500000
-137.500000
82.000000
138.500000
5.000000
-156.000000
-66.500000
43.500000
97.500000
-20.500000
-60.500000
21.000000
123.500000
75.000000
-49.500000
-103.000000
44.000000
187.500000
166.000000
-29.500000
-132.000000
-41.000000
152.500000
211.000000
41.000000
-102.000000
-125.500000
77.500000
176.500000
108.000000
-79.000000
-136.000000
-5.000000
103.500000
101.500000
-64.500000
-115.500000
-43.500000
87.500000
65.000000
-49.000000
-93.500000
-11.500000
97.000000
76.000000
-20.500000
-77.500000
7.000000
117.000000
105.500000
7.500000
-64.000000
0.000000
96.500000
114.500000
17.500000
-54.500000
-12.000000
73.500000
100.000000
19.000000
-55.000000
-34.500000
43.000000
79.000000
27.500000
-49.500000
-54.500000
8.500000
57.500000
33.000000
-34.500000
-56.000000
2.000000
64.000000
36.500000
-30.500000
-53.500000
-1.500000
64.500000
38.000000
-16.000000
-45.000000
-1.000000
39.000000
32.000000
-16.000000
-26.000000
4.500000
42.500000
29.500000
-9.000000
-17.500000
5.000000
54.500000
36.500000
5.000000
-32.000000
14.500000
41.000000
45.500000
-3.500000
-16.500000
2.500000
43.500000
40.000000
16.500000
-18.000000
-16.000000
22.500000
37.000000
30.500000
-4.000000
-12.000000
12.000000
32.500000
24.000000
3.500000
-10.500000
11.500000
40.000000
18.500000
-2.500000
-5.500000
12.000000
23.500000
16.500000
-8.000000
-11.000000
14.500000
23.500000
12.000000
-20.000000
-9.500000
11.500000
37.000000
15.000000
-3.000000
-9.000000
15.000000
31.000000
24.000000
8.500000
3.500000
23.000000
19.000000
10.000000
11.500000
7.500000
29.000000
28.500000
14.500000
-6.500000
0.500000
15.000000
30.000000
33.000000
10.500000
-4.500000
-6.500000
3.000000
22.500000
18.500000
13.000000
-4.000000
10.500000
11.000000
27.500000
2.500000
-6.000000
2.000000
9.500000
17.000000
-13.000000
-2.000000
-2.500000
5.000000
0.000000
-1.500000
7.000000
-1.000000
13.500000
10.000000
11.000000
4.000000
11.000000
21.500000
23.000000
25.500000
16.000000
16.500000
16.000000
2.500000
8.500000
4.500000
13.500000
36.500000
9.000000
9.000000
-23.000000
9.500000
28.500000
47.000000
9.000000
-19.000000
-8.000000
19.000000
41.000000
19.500000
6.500000
-13.000000
8.500000
29.000000
38.500000
32.500000
29.500000
25.500000
21.000000
47.500000
75.500000
92.000000
41.500000
-53.500000
-83.500000
-70.500000
-58.000000
18.500000
90.000000
81.500000
65.500000
31.500000
-120.500000
-91.000000
80.000000
123.000000
126.000000
-24.000000
-192.000000
-408.000000
-170.500000
407.000000
658.500000
338.000000
-228.500000
-463.000000
-234.500000
228.500000
289.000000
50.000000
-216.500000
-192.500000
-7.500000
66.500000
31.000000
-56.000000
-7.000000
12.000000
-40.500000
-87.000000
-65.000000
124.000000
166.500000
33.500000
-142.000000
-128.500000
88.500000
259.500000
182.500000
-67.000000
-162.000000
-37.500000
203.000000
234.000000
48.500000
-140.500000
-115.500000
79.500000
201.000000
104.500000
-92.500000
-137.000000
-6.500000
121.500000
82.000000
-78.000000
-142.500000
-38.500000
84.500000
61.000000
-65.500000
-135.000000
-39.500000
74.000000
86.000000
-43.500000
-106.000000
-25.000000
109.000000
119.000000
-21.000000
-96.000000
-28.500000
120.500000
138.000000
27.500000
-69.500000
-36.000000
87.000000
146.500000
51.500000
-48.500000
-74.500000
55.000000
128.000000
84.000000
-57.500000
-91.000000
0.500000
92.500000
81.500000
-36.000000
-79.000000
-20.500000
74.000000
69.000000
-34.500000
-81.000000
-28.000000
80.000000
67.500000
-24.000000
-90.000000
-47.000000
55.000000
82.500000
11.500000
-60.500000
-41.500000
43.000000
87.000000
32.500000
-28.000000
-18.500000
41.000000
77.000000
33.500000
-18.500000
-18.000000
31.000000
59.000000
30.500000
-14.000000
-25.000000
26.500000
50.500000
29.000000
-25.000000
-33.500000
9.500000
44.500000
39.500000
-18.000000
-30.500000
-1.500000
41.000000
36.000000
0.000000
-25.000000
-4.500000
34.000000
30.500000
-6.000000
-33.000000
0.500000
25.500000
27.000000
-10.000000
-27.000000
-4.500000
17.000000
13.500000
-30.500000
-8.000000
3.000000
23.500000
9.500000
1.000000
-5.000000
10.500000
21.500000
21.000000
16.500000
10.500000
13.500000
13.000000
3.000000
10.000000
20.000000
18.000000
17.500000
-0.500000
10.000000
5.000000
20.500000
8.000000
19.500000
14.000000
-2.000000
9.000000
0.500000
21.500000
27.000000
15.000000
16.500000
17.500000
16.000000
22.000000
8.000000
19.500000
14.000000
14.000000
14.500000
12.000000
17.500000
20.000000
3.000000
8.000000
16.000000
20.000000
17.000000
10.000000
12.000000
22.500000
24.500000
17.500000
22.000000
17.000000
35.500000
15.000000
22.500000
10.500000
17.500000
13.000000
6.500000
21.000000
15.500000
17.500000
4.500000
7.500000
4.000000
11.000000
24.000000
23.000000
20.000000
1.000000
-1.000000
-2.500000
34.500000
32.000000
16.000000
-6.000000
-5.500000
26.500000
36.000000
44.000000
11.500000
11.500000
20.500000
73.000000
84.000000
63.500000
-7.500000
-97.500000
-71.500000
-31.000000
-2.000000
3.000000
14.500000
18.500000
35.000000
-45.500000
-164.500000
71.000000
183.000000
119.500000
-120.000000
-205.000000
-246.500000
-220.000000
181.500000
491.500000
487.500000
5.500000
-294.500000
-263.500000
19.000000
238.500000
84.000000
-79.000000
-209.500000
-59.000000
44.000000
52.500000
-25.500000
-79.500000
-19.000000
-16.500000
-1.500000
-55.000000
-4.500000
65.500000
84.000000
-6.000000
-103.000000
-23.000000
115.000000
176.000000
55.500000
-82.500000
-76.500000
64.500000
198.000000
132.000000
-27.500000
-109.500000
6.500000
153.000000
149.500000
13.000000
-100.000000
-40.500000
76.500000
114.000000
10.000000
-91.000000
-60.500000
34.000000
74.000000
-22.500000
-88.000000
-47.000000
52.000000
77.000000
-19.500000
-82.500000
-55.500000
64.500000
110.500000
27.000000
-59.500000
-64.500000
56.500000
118.500000
72.500000
-30.000000
-53.500000
35.500000
101.500000
80.500000
-13.000000
-47.500000
9.500000
77.500000
88.500000
-33.000000
-44.000000
-8.000000
44.500000
55.000000
-16.000000
-27.500000
-20.500000
42.500000
29.000000
-2.500000
-47.000000
-27.000000
41.000000
40.000000
-1.000000
-50.000000
-26.000000
13.000000
42.500000
5.500000
-35.500000
-25.500000
22.500000
51.000000
20.500000
-8.500000
-25.500000
25.500000
46.500000
33.500000
-1.000000
-11.500000
15.500000
43.500000
29.000000
2.000000
-2.500000
5.500000
35.500000
24.000000
4.000000
-7.500000
-3.500000
17.500000
21.000000
6.000000
-4.500000
-4.000000
17.500000
21.000000
6.000000
-2.000000
6.000000
20.000000
26.000000
14.500000
6.000000
0.000000
15.000000
26.000000
20.000000
18.000000
-7.500000
9.000000
31.000000
28.500000
5.500000
-6.000000
13.000000
33.000000
37.000000
16.500000
6.500000
4.000000
34.500000
38.000000
29.500000
-5.000000
12.500000
20.500000
28.000000
22.500000
2.500000
12.500000
13.000000
26.000000
9.000000
8.000000
13.500000
29.500000
21.000000
-0.500000
0.000000
10.000000
34.500000
25.000000
11.000000
-11.000000
11.000000
37.000000
40.000000
17.500000
-7.000000
4.500000
14.500000
27.000000
16.000000
10.000000
-6.000000
9.000000
3.000000
19.000000
14.000000
17.000000
11.000000
1.000000
8.500000
20.000000
33.500000
25.000000
15.500000
4.500000
13.000000
27.500000
33.000000
22.500000
1.500000
3.000000
5.000000
33.000000
24.500000
8.000000
6.500000
6.500000
45.000000
16.500000
11.500000
0.500000
15.500000
21.500000
17.500000
9.500000
-0.500000
26.500000
20.500000
19.000000
-2.000000
14.000000
45.500000
49.500000
21.000000
11.500000
53.000000
88.500000
78.500000
-22.000000
-112.500000
-78.500000
-37.500000
22.000000
35.500000
37.000000
11.000000
2.500000
-165.000000
42.000000
166.000000
190.500000
-74.500000
-154.000000
-215.000000
-188.000000
-96.000000
305.500000
521.500000
340.000000
-153.500000
-373.500000
-224.000000
172.000000
241.500000
42.000000
-226.000000
-198.500000
1.000000
123.000000
46.000000
-103.500000
-102.000000
16.000000
65.500000
16.000000
-88.000000
-2.000000
108.500000
116.500000
-7.000000
-89.500000
-9.000000
139.500000
183.500000
59.000000
-84.000000
-66.500000
77.500000
191.000000
112.500000
-41.500000
-99.500000
5.500000
131.000000
123.000000
-15.500000
-107.000000
-52.500000
60.000000
91.500000
-18.000000
-99.000000
-70.500000
20.000000
51.000000
-13.000000
-85.500000
-53.500000
38.500000
75.500000
9.000000
-60.500000
-46.000000
57.000000
109.000000
56.500000
-36.500000
-39.500000
54.000000
115.000000
82.500000
-17.000000
-30.500000
29.500000
96.500000
74.000000
-17.500000
-43.000000
10.000000
65.000000
56.500000
-17.000000
-48.500000
-18.500000
28.000000
23.000000
-13.000000
-32.000000
-12.500000
30.000000
10.500000
-17.500000
-45.000000
0.000000
32.000000
38.500000
0.000000
-47.500000
-17.500000
13.000000
54.500000
25.000000
-6.500000
-25.000000
9.000000
51.500000
54.000000
22.500000
-13.000000
7.000000
37.500000
54.000000
35.000000
-2.000000
1.500000
20.000000
38.500000
28.500000
5.000000
1.000000
18.500000
38.500000
12.000000
-6.000000
-8.000000
21.000000
24.500000
10.500000
-9.500000
0.500000
17.500000
30.500000
17.000000
0.000000
-3.500000
10.000000
47.500000
46.000000
10.000000
-10.500000
-1.500000
34.000000
45.500000
21.000000
-3.000000
-7.500000
16.500000
30.000000
24.500000
-12.000000
-4.000000
17.500000
36.500000
29.000000
-4.500000
-8.500000
8.000000
42.000000
28.000000
3.000000
2.000000
-11.000000
13.000000
27.500000
11.500000
-3.000000
-6.500000
15.500000
14.500000
2.000000
-6.500000
3.500000
18.500000
18.500000
-1.500000
-10.500000
-2.500000
25.500000
30.000000
5.500000
4.500000
4.500000
26.500000
20.000000
10.500000
6.000000
-3.500000
19.000000
14.500000
8.000000
3.500000
-2.500000
-4.500000
4.500000
16.500000
10.000000
5.500000
-8.000000
4.500000
13.500000
16.500000
13.500000
1.500000
36.000000
22.000000
15.000000
10.500000
-5.000000
25.000000
10.500000
28.500000
7.500000
13.500000
9.000000
20.000000
36.000000
21.500000
6.500000
15.000000
29.000000
34.000000
14.500000
-1.000000
15.500000
29.000000
46.000000
11.000000
1.500000
10.500000
31.000000
66.500000
28.500000
11.000000
9.000000
72.000000
100.000000
73.000000
-1.000000
-85.500000
-95.500000
-66.000000
-46.500000
26.000000
65.500000
60.500000
21.500000
-86.500000
-28.000000
5.500000
178.000000
76.500000
-31.500000
-212.000000
-260.000000
-321.000000
136.000000
476.500000
600.500000
71.000000
-325.000000
-421.000000
-25.000000
259.500000
211.000000
-69.000000
-242.500000
-128.500000
14.000000
87.500000
-15.000000
-48.500000
-35.000000
-23.000000
-51.000000
-74.000000
16.000000
110.500000
102.500000
-43.000000
-113.500000
-52.000000
136.500000
203.000000
86.500000
-87.000000
-106.000000
43.500000
192.000000
167.000000
-11.500000
-105.000000
-39.500000
121.500000
154.500000
47.000000
-84.000000
-67.000000
31.000000
106.500000
29.000000
-70.000000
-84.500000
6.000000
65.500000
8.000000
-72.500000
-77.500000
34.500000
80.500000
19.500000
-85.000000
-65.000000
52.000000
116.500000
62.500000
-54.500000
-58.000000
37.000000
132.000000
97.500000
-12.000000
-55.500000
23.500000
121.000000
109.000000
18.000000
-55.000000
1.000000
79.500000
106.000000
30.500000
-49.000000
-31.000000
33.500000
70.000000
33.500000
-33.000000
-29.000000
27.500000
52.500000
9.500000
-46.500000
-31.500000
20.500000
60.500000
16.500000
-49.500000
-54.000000
-6.500000
63.500000
20.000000
-26.500000
-48.500000
0.500000
51.500000
38.500000
-0.500000
-33.500000
9.500000
38.000000
52.000000
14.000000
-14.000000
8.000000
30.500000
35.000000
12.500000
-5.000000
16.000000
28.000000
23.500000
4.000000
-12.500000
-1.000000
26.500000
29.500000
1.000000
-16.500000
-15.500000
26.000000
29.500000
9.500000
-22.000000
-18.500000
16.500000
38.500000
22.500000
-17.000000
-25.000000
13.500000
30.500000
7.500000
-11.500000
-23.000000
8.000000
18.000000
15.000000
-9.000000
-18.500000
10.000000
38.000000
31.500000
-3.000000
-6.000000
9.500000
42.500000
48.500000
20.000000
-0.500000
10.000000
35.500000
33.500000
13.500000
10.500000
18.500000
26.000000
29.000000
4.000000
13.000000
4.500000
37.000000
30.000000
4.500000
-15.500000
-1.000000
20.000000
31.000000
12.000000
-8.500000
2.000000
12.500000
29.000000
9.000000
-1.500000
-6.500000
12.000000
15.500000
12.500000
-10.500000
-2.500000
1.500000
24.000000
13.500000
3.500000
-1.500000
17.500000
25.500000
23.500000
14.000000
-5.500000
21.000000
27.000000
36.500000
9.000000
4.500000
8.000000
21.500000
4.000000
-7.500000
-3.000000
23.000000
22.000000
-0.500000
-20.000000
-14.000000
23.000000
31.500000
12.000000
-15.000000
-19.000000
15.500000
23.000000
23.500000
1.500000
1.000000
11.000000
27.000000
24.500000
22.500000
40.000000
23.500000
28.000000
20.000000
71.500000
92.500000
71.000000
10.000000
-99.500000
-79.000000
-60.500000
1.500000
68.000000
72.500000
21.000000
18.000000
-49.000000
-165.000000
79.500000
166.000000
163.000000
-81.500000
-178.000000
-280.500000
-248.000000
146.500000
541.500000
494.500000
31.500000
-332.500000
-268.000000
22.500000
266.000000
107.000000
-92.000000
-213.500000
-50.000000
61.000000
65.000000
-38.500000
-86.000000
-8.500000
-4.000000
2.000000
-81.500000
1.000000
73.500000
69.500000
-32.500000
-97.500000
-16.000000
126.500000
154.000000
33.500000
-93.500000
-70.500000
85.000000
182.500000
109.500000
-52.000000
-81.500000
12.500000
147.000000
126.500000
10.000000
-83.000000
-33.500000
81.000000
106.500000
14.000000
-76.000000
-59.000000
23.500000
61.000000
-2.500000
-67.500000
-55.000000
24.500000
53.000000
-9.500000
-65.000000
-40.000000
41.500000
75.000000
10.500000
-58.000000
-42.500000
68.000000
94.000000
27.500000
-46.000000
-33.500000
60.000000
100.500000
93.000000
-29.500000
-56.000000
34.000000
74.000000
89.500000
-3.500000
-34.500000
-7.000000
45.500000
61.500000
-7.500000
-8.000000
-14.000000
51.500000
31.000000
1.000000
-34.500000
-11.000000
35.500000
40.000000
3.000000
-41.500000
-31.000000
13.000000
40.500000
8.000000
-34.500000
-33.000000
13.500000
53.000000
22.500000
-10.500000
-22.000000
14.000000
57.500000
33.500000
3.000000
-8.500000
19.000000
43.000000
34.000000
-0.500000
-11.500000
13.500000
41.000000
37.500000
1.000000
-23.500000
-0.500000
31.000000
26.000000
3.000000
-16.000000
-7.000000
18.000000
31.000000
3.000000
-9.500000
-4.000000
25.000000
21.500000
11.000000
3.500000
0.500000
10.500000
21.500000
21.000000
0.500000
-1.500000
5.500000
22.000000
17.000000
9.500000
7.000000
11.500000
16.000000
25.000000
14.000000
16.500000
17.500000
20.500000
37.500000
13.500000
16.500000
4.500000
22.500000
35.500000
19.500000
-1.500000
-1.500000
19.000000
14.000000
30.000000
9.500000
5.000000
4.000000
11.000000
28.500000
7.500000
1.000000
-11.500000
17.000000
30.000000
14.000000
-2.500000
0.500000
21.500000
23.500000
12.000000
-7.000000
-5.000000
13.000000
18.000000
2.000000
-6.500000
-10.000000
7.500000
19.500000
17.500000
-4.500000
-13.000000
9.000000
29.000000
22.500000
6.000000
-1.500000
18.500000
32.500000
30.500000
11.500000
2.000000
8.500000
29.500000
25.000000
6.000000
-3.000000
11.000000
32.500000
30.000000
4.000000
-2.500000
14.500000
30.000000
29.000000
7.500000
6.000000
3.000000
31.500000
36.500000
21.000000
-3.000000
1.000000
34.000000
66.500000
47.000000
16.000000
15.500000
41.500000
86.000000
96.000000
71.000000
29.500000
-19.000000
-62.500000
-37.000000
-48.000000
2.000000
62.000000
65.500000
29.000000
14.500000
-147.000000
-18.500000
158.000000
196.000000
-9.000000
-157.500000
-217.500000
-242.500000
-88.000000
322.000000
552.000000
334.000000
-152.500000
-374.000000
-220.500000
153.000000
236.500000
56.500000
-174.500000
-202.500000
-21.000000
65.500000
76.500000
-66.000000
-36.500000
-27.500000
7.500000
-30.500000
-35.500000
51.500000
104.500000
65.000000
-60.500000
-87.000000
29.500000
171.500000
141.500000
-6.000000
-115.000000
-30.000000
111.000000
186.500000
51.000000
-75.500000
-82.500000
28.000000
138.000000
74.000000
-33.000000
-101.500000
-23.500000
66.000000
69.500000
-35.500000
-81.500000
-42.500000
29.500000
39.500000
-27.000000
-57.000000
-22.000000
55.500000
50.000000
-24.500000
-48.500000
3.000000
95.500000
84.500000
8.500000
-52.000000
-3.500000
85.500000
102.000000
32.000000
-44.500000
0.000000
67.500000
94.000000
18.500000
-24.000000
-11.500000
56.500000
63.500000
28.500000
-24.000000
-31.500000
19.000000
43.000000
52.500000
-8.500000
-14.500000
-11.000000
38.500000
27.000000
-1.500000
-15.500000
2.000000
34.000000
21.000000
-4.000000
-21.000000
-9.500000
20.500000
20.500000
-2.000000
-14.500000
6.000000
18.000000
28.500000
11.000000
-2.500000
2.500000
17.000000
34.500000
19.500000
8.500000
4.500000
13.500000
12.500000
7.500000
19.500000
19.000000
21.000000
5.000000
2.500000
7.000000
9.000000
15.000000
4.000000
1.500000
6.500000
5.000000
13.500000
1.000000
10.000000
-4.500000
9.000000
9.500000
1.000000
14.500000
-4.000000
8.500000
-2.500000
5.500000
0.000000
-5.000000
0.500000
4.000000
11.000000
-13.500000
-11.500000
-6.500000
28.500000
24.000000
8.500000
-5.500000
3.500000
32.500000
20.500000
25.500000
7.000000
22.000000
34.000000
30.500000
10.000000
-6.500000
21.500000
37.500000
52.500000
22.500000
-0.500000
-5.000000
27.500000
40.500000
32.000000
0.000000
-14.000000
21.000000
32.500000
31.500000
3.500000
-5.000000
18.500000
39.500000
41.000000
14.000000
-13.000000
13.000000
32.500000
39.000000
9.500000
-6.500000
5.500000
22.000000
32.500000
1.500000
-2.000000
3.000000
31.000000
17.000000
-2.500000
-5.000000
18.500000
41.000000
40.000000
2.000000
-5.500000
10.500000
42.000000
26.000000
1.000000
-17.500000
-2.500000
39.500000
30.500000
11.500000
-24.500000
2.000000
26.500000
38.000000
11.500000
-12.500000
3.000000
12.000000
28.000000
6.500000
2.000000
7.000000
10.500000
27.500000
10.000000
6.500000
10.000000
39.000000
43.000000
22.000000
14.500000
50.000000
95.000000
70.500000
-7.000000
-107.000000
-91.000000
-60.000000
17.000000
65.000000
54.500000
30.500000
36.000000
-83.500000
-93.500000
89.000000
107.500000
87.500000
-59.500000
-177.000000
-340.500000
-188.500000
305.500000
630.000000
400.000000
-121.000000
-447.500000
-270.500000
110.000000
292.500000
85.000000
-142.500000
-223.500000
-64.500000
41.500000
58.000000
-22.000000
-20.000000
-27.000000
-34.000000
-65.500000
-36.000000
91.000000
145.500000
59.500000
-105.000000
-101.500000
46.000000
231.000000
191.000000
-12.500000
-129.000000
-59.000000
150.500000
212.500000
101.000000
-84.500000
-95.000000
28.000000
166.000000
112.000000
-49.500000
-110.000000
-26.000000
94.500000
77.000000
-42.500000
-126.500000
-52.000000
51.000000
53.000000
-47.500000
-107.000000
-42.500000
62.500000
71.500000
-26.500000
-98.500000
-37.500000
86.500000
115.500000
8.500000
-82.500000
-34.500000
87.500000
130.500000
33.500000
-59.000000
-38.500000
84.000000
133.000000
46.500000
-53.500000
-49.500000
50.500000
115.500000
59.000000
-47.500000
-80.000000
-4.000000
74.500000
55.500000
-25.000000
-62.500000
-20.500000
52.500000
50.000000
-30.500000
-71.500000
-14.500000
63.000000
54.500000
-36.000000
-79.000000
-35.000000
46.000000
55.000000
-7.000000
-52.000000
-19.500000
54.000000
61.000000
13.500000
-32.500000
-3.500000
48.000000
63.000000
25.500000
-20.000000
-1.000000
41.000000
49.000000
18.000000
-8.000000
10.000000
42.000000
39.000000
9.000000
-14.500000
0.500000
42.500000
45.500000
15.500000
-16.500000
-2.000000
39.000000
54.500000
11.000000
-35.500000
-43.000000
29.500000
83.500000
49.500000
-3.500000
-50.500000
11.000000
32.000000
44.500000
-7.000000
-34.500000
-8.000000
21.000000
44.500000
-7.000000
-6.500000
-16.500000
35.000000
32.500000
13.000000
-6.500000
10.500000
41.000000
38.500000
13.500000
-9.500000
7.500000
33.000000
41.500000
20.000000
-25.000000
-3.000000
36.500000
44.500000
11.000000
-24.000000
-8.500000
34.500000
45.500000
14.500000
-29.000000
-20.000000
18.000000
45.500000
28.500000
-17.000000
-6.000000
26.500000
55.500000
20.500000
-23.000000
-12.500000
20.500000
54.000000
12.500000
-19.500000
-21.500000
23.500000
39.000000
9.500000
-14.500000
-16.000000
26.000000
38.000000
18.500000
-7.500000
-7.000000
24.000000
46.500000
30.000000
0.000000
0.500000
24.500000
42.500000
14.500000
-10.000000
-2.000000
29.000000
39.500000
11.000000
-9.500000
-7.000000
24.000000
40.000000
19.500000
-7.500000
-17.500000
13.500000
30.500000
23.000000
-8.500000
-5.500000
7.000000
30.500000
22.500000
0.000000
3.000000
29.500000
37.000000
34.500000
38.500000
58.000000
69.500000
19.000000
-59.000000
-93.500000
-78.500000
-50.500000
49.500000
96.000000
39.000000
34.500000
-10.500000
-169.000000
14.000000
127.000000
206.000000
7.000000
-141.500000
-294.000000
-345.000000
49.000000
520.500000
588.500000
125.000000
-344.000000
-376.500000
-57.000000
307.500000
167.000000
-70.500000
-259.000000
-90.000000
48.500000
85.500000
-21.000000
-84.000000
5.500000
-13.500000
-1.000000
-97.000000
-4.000000
117.000000
118.000000
-22.500000
-142.500000
-51.500000
150.500000
229.000000
55.500000
-111.500000
-117.000000
69.500000
213.500000
141.500000
-38.000000
-114.500000
-13.000000
127.000000
144.500000
9.000000
-81.000000
-58.000000
53.500000
91.500000
16.000000
-78.000000
-79.000000
16.500000
52.500000
4.000000
-76.000000
-68.500000
15.000000
63.000000
7.500000
-61.000000
-55.000000
41.000000
86.000000
37.500000
-35.000000
-47.500000
39.500000
103.500000
65.000000
-43.000000
-40.000000
49.000000
101.500000
80.000000
-15.000000
-47.500000
11.500000
79.000000
68.000000
2.000000
-44.000000
-17.000000
38.000000
50.500000
10.500000
-37.000000
-3.000000
23.500000
46.500000
-2.500000
-30.000000
-3.500000
29.500000
47.000000
-5.500000
-14.000000
-28.000000
31.000000
36.500000
14.000000
-18.500000
-11.000000
37.500000
42.500000
23.000000
-5.000000
14.500000
32.500000
42.500000
28.000000
6.000000
17.500000
33.000000
38.000000
19.500000
4.500000
12.000000
21.500000
33.500000
15.500000
-1.000000
-5.000000
0.000000
16.000000
12.000000
4.500000
-10.500000
2.000000
4.500000
9.500000
1.000000
1.000000
3.000000
14.500000
13.000000
12.500000
8.000000
6.500000
15.500000
11.500000
13.500000
10.500000
12.000000
8.000000
8.000000
6.000000
19.500000
15.500000
20.000000
2.500000
10.500000
17.000000
27.000000
18.500000
5.500000
12.000000
13.000000
26.500000
25.500000
18.500000
-8.000000
2.000000
23.000000
26.000000
21.500000
-0.500000
1.500000
11.000000
17.000000
20.500000
10.500000
11.000000
6.500000
11.500000
7.500000
18.500000
18.000000
10.500000
14.500000
16.500000
17.000000
14.500000
16.000000
16.500000
9.000000
-0.500000
17.000000
6.000000
8.000000
-2.500000
0.500000
5.000000
21.500000
18.000000
3.000000
1.000000
13.500000
19.000000
27.500000
12.500000
18.500000
23.000000
17.000000
24.000000
14.500000
31.500000
16.500000
17.500000
3.000000
9.000000
39.500000
29.000000
20.500000
-12.000000
11.000000
24.500000
36.500000
20.500000
-3.500000
2.000000
13.500000
25.000000
14.000000
3.000000
-3.500000
11.000000
29.000000
18.000000
13.000000
17.000000
30.500000
32.500000
45.000000
54.000000
67.500000
47.500000
-54.000000
-97.000000
-88.000000
-50.500000
36.000000
89.000000
45.000000
2.000000
-91.000000
-33.000000
95.500000
192.500000
61.500000
-113.000000
-195.500000
-161.500000
-217.000000
13.500000
335.000000
544.500000
179.500000
-206.000000
-433.000000
-112.500000
202.500000
243.000000
-31.000000
-254.000000
-162.000000
48.500000
155.000000
16.500000
-128.500000
-85.500000
49.500000
100.500000
-12.000000
-72.000000
0.000000
137.000000
111.000000
-11.000000
-100.500000
5.000000
170.000000
181.500000
20.500000
-106.500000
-50.000000
119.500000
194.500000
78.000000
-77.000000
-99.000000
41.000000
157.500000
106.500000
-45.500000
-113.500000
-26.000000
101.500000
97.500000
-32.500000
-113.500000
-40.000000
66.500000
85.500000
-21.000000
-90.500000
-27.500000
70.500000
100.000000
2.500000
-58.500000
-10.500000
89.000000
117.500000
26.500000
-50.000000
-24.500000
84.000000
106.500000
39.500000
-41.000000
-26.000000
49.000000
88.500000
37.000000
-36.000000
-42.000000
19.500000
63.500000
34.000000
-21.500000
-49.500000
-9.500000
38.500000
43.000000
-6.000000
-31.500000
-5.000000
36.000000
30.500000
-13.500000
-29.500000
9.000000
45.500000
41.000000
-11.000000
-42.000000
-9.500000
27.500000
39.000000
1.500000
-26.500000
-9.000000
21.000000
45.500000
7.500000
-16.500000
-16.000000
22.500000
41.000000
17.000000
5.000000
-18.000000
18.500000
16.500000
15.500000
6.000000
4.500000
16.000000
16.500000
24.000000
-2.000000
3.500000
13.000000
34.500000
26.000000
-3.000000
2.500000
17.500000
39.500000
24.500000
0.000000
1.500000
19.500000
32.500000
35.500000
12.000000
-1.500000
7.000000
23.000000
18.000000
11.000000
-1.000000
8.500000
6.500000
0.000000
4.500000
8.000000
3.500000
17.500000
16.500000
19.000000
0.000000
2.500000
22.000000
25.500000
30.000000
8.000000
14.000000
15.000000
14.500000
13.000000
6.000000
25.000000
25.000000
15.000000
-4.500000
-2.500000
12.500000
28.500000
33.500000
5.000000
-7.000000
-1.500000
17.000000
39.500000
22.000000
3.500000
12.000000
26.000000
40.500000
18.500000
2.500000
5.000000
18.000000
25.500000
-5.500000
-3.500000
-0.500000
21.500000
7.000000
1.000000
0.500000
-25.000000
4.000000
5.000000
22.500000
-12.000000
-5.500000
-9.500000
31.000000
31.500000
5.500000
-7.000000
-6.500000
34.000000
26.000000
6.000000
-14.500000
5.500000
35.500000
31.000000
14.500000
-18.500000
9.000000
35.000000
36.000000
12.000000
-5.000000
1.000000
29.500000
26.500000
17.000000
-5.000000
6.500000
24.000000
27.500000
10.500000
14.000000
29.000000
47.000000
29.500000
21.500000
48.000000
85.000000
82.500000
19.000000
-74.500000
-93.500000
-67.000000
-28.000000
65.500000
72.000000
37.000000
1.000000
-79.000000
23.500000
57.500000
188.000000
-0.500000
-79.500000
-189.500000
-191.000000
-273.000000
95.000000
446.500000
583.000000
94.000000
-304.000000
-424.500000
-31.500000
261.500000
242.000000
-97.500000
-253.000000
-144.500000
92.000000
115.500000
-14.500000
-124.000000
-33.000000
46.500000
36.000000
-62.000000
-63.500000
66.500000
148.000000
52.000000
-73.500000
-105.500000
75.500000
213.000000
171.000000
-51.000000
-143.500000
-18.500000
190.500000
220.000000
36.000000
-134.000000
-95.500000
90.500000
201.000000
68.000000
-108.500000
-124.500000
28.000000
132.000000
52.500000
-96.500000
-131.000000
-13.000000
87.500000
44.500000
-83.500000
-106.000000
-3.000000
98.500000
51.500000
-45.500000
-89.500000
21.000000
114.500000
101.500000
-30.000000
-84.500000
6.000000
127.000000
122.000000
6.000000
-71.000000
-10.500000
104.000000
124.000000
18.500000
-61.000000
-27.500000
76.500000
111.000000
22.000000
-70.000000
-66.500000
32.000000
86.500000
39.000000
-58.000000
-55.000000
10.500000
61.000000
27.500000
-47.500000
-49.500000
1.000000
57.500000
15.500000
-42.500000
-64.500000
-7.500000
53.000000
33.000000
-19.500000
-57.000000
1.000000
46.000000
61.500000
16.000000
-32.500000
-4.500000
30.500000
62.500000
44.500000
1.500000
1.000000
7.000000
54.000000
33.500000
25.000000
-1.000000
15.500000
33.000000
17.500000
8.000000
-13.500000
22.000000
22.000000
22.500000
-3.500000
-5.000000
12.500000
11.000000
12.000000
6.000000
1.500000
14.500000
13.500000
21.500000
-11.000000
1.000000
-3.500000
14.500000
17.500000
4.500000
-20.500000
-12.000000
19.500000
19.500000
14.500000
-12.500000
-13.500000
4.500000
31.500000
36.500000
11.000000
-16.000000
5.500000
28.000000
47.000000
15.000000
-1.500000
-10.000000
5.500000
32.000000
29.000000
9.000000
-3.500000
-3.500000
8.000000
16.500000
10.000000
13.000000
3.000000
6.000000
-7.000000
-5.000000
2.500000
22.500000
22.000000
8.000000
0.500000
2.500000
24.000000
16.000000
14.000000
-3.500000
6.500000
18.000000
11.500000
11.000000
4.000000
5.000000
18.500000
17.000000
10.500000
6.500000
20.500000
25.000000
21.000000
12.500000
14.500000
36.000000
31.500000
31.000000
12.000000
20.000000
16.500000
26.000000
24.000000
10.000000
19.500000
8.500000
29.500000
23.000000
21.000000
5.000000
11.000000
25.500000
29.500000
28.500000
11.500000
23.000000
7.000000
17.000000
25.500000
23.500000
30.000000
3.000000
15.000000
26.000000
55.000000
43.500000
15.000000
25.000000
57.000000
87.500000
52.500000
-36.500000
-105.000000
-86.500000
-51.500000
10.500000
80.500000
39.500000
26.000000
39.000000
-97.000000
-131.000000
94.500000
144.500000
150.000000
-59.000000
-211.500000
-392.000000
-213.000000
349.000000
634.500000
373.000000
-185.500000
-430.000000
-253.500000
186.000000
281.000000
37.500000
-209.000000
-203.000000
-0.500000
82.000000
35.000000
-88.500000
-43.500000
12.500000
7.000000
-65.000000
-77.000000
65.000000
144.500000
60.000000
-111.500000
-119.500000
45.000000
222.000000
165.000000
-49.500000
-148.000000
-39.000000
173.000000
213.500000
50.500000
-120.500000
-106.500000
75.000000
192.500000
113.500000
-74.500000
-124.000000
-13.000000
122.500000
100.500000
-38.000000
-108.000000
-56.000000
67.500000
69.000000
-25.500000
-95.000000
-35.000000
74.000000
71.500000
-12.000000
-86.000000
-17.500000
91.000000
101.500000
8.500000
-76.000000
4.000000
74.500000
117.000000
12.500000
-27.000000
-0.500000
69.500000
89.000000
24.500000
-12.000000
-12.500000
59.500000
74.000000
32.000000
-29.000000
-30.000000
28.000000
44.500000
27.500000
-30.500000
-13.500000
18.000000
38.500000
7.500000
-31.000000
-27.000000
16.500000
39.000000
11.500000
-33.500000
-33.500000
1.000000
15.000000
10.500000
-14.000000
-18.500000
0.000000
18.000000
19.500000
-12.000000
-11.500000
16.500000
32.000000
19.000000
-3.000000
-9.000000
13.500000
37.500000
13.500000
-11.500000
-12.500000
10.500000
33.000000
19.000000
-23.500000
-24.000000
1.500000
25.000000
10.500000
-18.000000
-14.500000
1.500000
22.500000
-0.500000
-1.500000
-9.000000
9.500000
25.500000
11.000000
8.500000
-5.500000
32.000000
24.500000
16.000000
0.000000
2.500000
29.000000
24.500000
15.500000
-14.500000
13.000000
31.000000
43.500000
19.500000
4.500000
-0.500000
26.000000
55.500000
33.500000
27.500000
4.500000
17.000000
17.500000
50.500000
32.500000
5.000000
1.000000
0.000000
50.000000
29.000000
13.000000
-11.500000
12.500000
30.000000
30.500000
13.500000
-5.500000
2.000000
20.000000
32.500000
21.000000
5.000000
5.500000
28.000000
38.500000
26.500000
-5.500000
-6.500000
26.000000
57.500000
27.000000
-14.000000
-13.000000
16.500000
50.000000
18.000000
1.000000
-5.500000
18.500000
35.000000
13.500000
-2.500000
-10.500000
36.500000
40.000000
22.000000
-4.000000
-14.000000
36.000000
46.000000
28.000000
-25.500000
-22.500000
26.000000
55.000000
39.500000
-15.500000
-33.000000
6.500000
58.500000
52.500000
-3.000000
-32.000000
-4.000000
42.500000
45.000000
0.000000
-21.500000
1.000000
40.500000
37.000000
1.000000
-20.000000
17.000000
57.000000
47.000000
10.500000
20.000000
62.000000
102.500000
54.000000
-75.500000
-130.500000
-84.500000
-10.000000
55.500000
63.000000
1.500000
-81.000000
-127.500000
142.500000
266.500000
76.000000
-221.500000
-170.500000
-77.000000
16.000000
-233.500000
1.000000
366.000000
575.500000
142.500000
-340.500000
-433.500000
-49.000000
326.000000
235.500000
-130.500000
-350.000000
-132.500000
186.000000
191.000000
-52.500000
-240.000000
-70.000000
134.500000
165.500000
-42.000000
-147.000000
-19.000000
179.000000
174.000000
-16.000000
-130.500000
-22.000000
194.000000
215.000000
38.500000
-132.500000
-81.000000
139.500000
227.500000
93.500000
-110.000000
-137.000000
45.000000
196.000000
130.500000
-89.000000
-170.500000
-42.500000
140.000000
124.500000
-54.500000
-168.500000
-90.000000
92.000000
107.000000
-15.000000
-128.000000
-55.500000
81.000000
113.500000
13.500000
-81.000000
-24.500000
107.000000
127.500000
27.500000
-65.000000
-25.500000
85.000000
133.000000
50.500000
-53.500000
-51.500000
47.500000
113.000000
51.000000
-55.000000
-76.500000
6.500000
87.500000
52.000000
-47.000000
-97.000000
-32.000000
69.000000
65.000000
-11.500000
-78.500000
-41.000000
51.500000
72.500000
9.000000
-45.500000
-20.000000
29.000000
56.500000
5.500000
-23.500000
-15.500000
38.500000
53.000000
19.000000
-24.000000
-17.000000
34.500000
65.500000
29.500000
-11.500000
-32.000000
19.000000
49.500000
47.500000
-1.000000
-36.000000
-1.500000
32.000000
48.500000
15.000000
-12.500000
-10.500000
16.500000
44.500000
12.500000
-9.500000
-3.000000
30.500000
43.000000
13.500000
-7.000000
5.000000
41.500000
45.000000
12.500000
-8.000000
12.500000
32.000000
49.500000
19.000000
-10.500000
-2.000000
18.500000
47.000000
18.000000
-4.500000
-17.000000
14.500000
26.500000
16.500000
3.500000
-18.000000
13.000000
26.000000
32.500000
0.500000
-10.000000
9.500000
30.000000
36.500000
8.500000
-3.000000
6.000000
21.500000
29.500000
19.500000
9.500000
4.000000
17.000000
19.500000
23.500000
8.500000
6.000000
10.000000
18.500000
18.000000
15.000000
10.500000
7.500000
8.000000
20.500000
25.000000
25.500000
20.500000
1.000000
0.500000
8.000000
20.000000
34.500000
14.000000
-13.000000
-9.000000
1.500000
11.000000
14.500000
-11.500000
3.000000
2.500000
17.500000
-1.000000
2.000000
9.500000
20.000000
24.500000
5.000000
12.500000
8.000000
23.000000
25.000000
9.500000
-2.500000
2.000000
36.000000
40.000000
22.000000
-9.000000
-7.000000
31.500000
50.000000
41.500000
7.500000
-14.500000
10.500000
36.500000
45.000000
18.000000
-10.000000
0.000000
24.000000
41.000000
25.000000
17.000000
11.000000
31.000000
44.500000
65.000000
71.000000
49.000000
-9.500000
-76.500000
-70.000000
-66.500000
-17.000000
60.000000
61.000000
39.000000
35.500000
-69.000000
-4.500000
6.500000
116.000000
58.500000
-28.500000
-142.500000
-312.500000
-282.500000
228.000000
573.500000
514.000000
-98.000000
-404.000000
-379.500000
108.500000
279.500000
126.500000
-174.500000
-209.000000
-45.000000
45.000000
45.000000
-95.000000
-20.500000
37.500000
29.000000
-81.500000
-125.500000
14.000000
176.500000
175.000000
-55.000000
-166.000000
-94.500000
167.000000
261.000000
102.500000
-122.000000
-149.000000
51.000000
220.000000
165.500000
-47.000000
-138.000000
-37.000000
137.500000
155.500000
-3.500000
-129.000000
-74.000000
76.000000
121.000000
-19.000000
-133.500000
-90.000000
61.500000
101.500000
-9.500000
-118.500000
-74.000000
64.500000
110.500000
27.000000
-99.000000
-51.500000
69.500000
137.500000
62.500000
-60.500000
-51.000000
52.500000
141.500000
77.500000
-10.500000
-51.000000
37.500000
115.500000
85.000000
-4.500000
-55.000000
11.500000
86.500000
92.000000
-0.500000
-65.500000
-32.500000
50.000000
65.500000
12.500000
-43.000000
-32.500000
25.500000
47.500000
14.000000
-33.500000
-25.000000
17.500000
37.500000
22.000000
-26.500000
-40.000000
-6.000000
37.500000
35.000000
-5.000000
-32.000000
0.500000
46.000000
45.500000
15.000000
-20.000000
-3.000000
34.000000
53.000000
32.500000
-5.000000
-5.500000
11.500000
33.000000
29.000000
3.000000
5.500000
5.000000
24.500000
7.000000
10.000000
7.500000
-6.000000
5.000000
7.000000
11.000000
3.000000
-0.500000
8.500000
21.000000
20.500000
0.000000
-10.000000
8.000000
30.000000
29.500000
7.500000
-21.000000
-9.000000
13.000000
34.500000
16.500000
-25.000000
-21.500000
-1.000000
40.500000
11.000000
-7.500000
-15.500000
13.500000
38.000000
29.000000
5.000000
-7.500000
23.000000
46.500000
36.000000
-5.500000
-9.000000
10.500000
35.000000
48.500000
8.500000
-3.000000
-12.500000
30.000000
36.000000
16.000000
4.000000
-6.000000
19.500000
14.500000
13.500000
4.000000
9.000000
19.500000
17.500000
21.000000
10.000000
18.000000
14.500000
12.000000
10.000000
6.500000
16.000000
14.500000
11.000000
9.500000
-2.500000
2.500000
12.500000
25.000000
9.000000
-1.500000
3.000000
27.500000
28.500000
14.500000
-0.500000
11.000000
28.500000
31.500000
23.500000
0.500000
-3.000000
6.500000
13.500000
23.000000
25.000000
0.500000
1.000000
2.500000
-0.500000
31.000000
21.500000
15.000000
-8.500000
-3.500000
17.000000
24.500000
19.500000
-6.000000
2.000000
11.000000
32.000000
19.000000
10.000000
16.000000
38.500000
36.500000
22.000000
42.000000
63.500000
81.500000
37.000000
-73.000000
-112.000000
-85.000000
-32.500000
52.500000
86.000000
12.000000
15.000000
-78.500000
-71.500000
79.000000
186.500000
105.500000
-97.000000
-196.500000
-233.000000
-259.000000
66.000000
433.000000
565.000000
143.000000
-274.000000
-401.000000
-67.000000
245.000000
219.000000
-59.500000
-255.000000
-140.000000
47.500000
107.500000
10.500000
-100.500000
-55.000000
9.000000
31.000000
-47.500000
-25.500000
54.000000
119.000000
31.500000
-63.500000
-59.500000
91.000000
195.000000
119.000000
-43.500000
-120.000000
27.000000
179.000000
190.500000
-2.500000
-115.000000
-65.500000
118.500000
173.500000
50.500000
-110.500000
-113.500000
27.500000
133.000000
56.000000
-88.500000
-124.500000
-22.000000
78.000000
41.500000
-66.000000
-100.500000
-4.500000
79.000000
49.500000
-44.500000
-80.000000
5.000000
113.000000
88.500000
-20.000000
-72.000000
4.000000
124.500000
111.000000
16.500000
-66.500000
-7.500000
97.500000
115.500000
37.500000
-58.000000
-30.500000
61.000000
107.500000
40.000000
-53.500000
-63.000000
13.000000
79.000000
43.000000
-31.500000
-59.000000
2.000000
50.500000
39.000000
-33.000000
-59.000000
-3.000000
61.000000
41.000000
-35.000000
-59.500000
-5.500000
53.500000
49.500000
-13.500000
-43.500000
-5.500000
61.000000
54.000000
11.000000
-30.000000
1.500000
40.500000
61.500000
34.500000
-13.000000
1.000000
21.000000
43.000000
8.500000
1.000000
2.000000
15.500000
18.500000
-2.500000
-11.000000
-15.500000
7.500000
21.000000
11.500000
-10.000000
-19.000000
-2.000000
19.500000
21.000000
-1.000000
-2.000000
9.000000
30.500000
24.000000
5.000000
-4.500000
11.000000
33.500000
30.500000
15.000000
-6.500000
9.000000
15.500000
27.000000
28.500000
6.000000
-2.000000
8.000000
28.500000
33.000000
30.000000
14.500000
3.500000
10.500000
25.500000
26.000000
19.500000
-8.000000
2.000000
7.500000
31.500000
9.000000
1.500000
-10.500000
6.500000
10.500000
2.500000
12.500000
0.500000
15.500000
-7.000000
-4.500000
-4.000000
18.500000
23.000000
9.000000
8.500000
3.000000
14.000000
22.000000
18.000000
-2.500000
-2.500000
17.000000
13.000000
15.500000
-11.500000
0.500000
1.500000
16.500000
18.500000
9.000000
-3.000000
-9.000000
11.500000
24.000000
25.000000
13.500000
3.500000
4.500000
27.500000
29.500000
19.500000
9.500000
11.500000
15.500000
20.000000
21.500000
16.500000
17.500000
14.000000
26.500000
30.000000
32.500000
26.000000
11.000000
19.000000
20.000000
20.500000
17.000000
18.500000
21.000000
26.500000
14.000000
14.000000
16.000000
30.000000
51.000000
36.500000
20.000000
10.500000
73.000000
95.000000
86.500000
-4.000000
-112.500000
-82.000000
-45.000000
35.000000
38.500000
50.500000
15.500000
33.000000
-40.000000
-129.000000
44.500000
141.500000
142.500000
-61.000000
-158.000000
-320.000000
-214.500000
254.500000
600.000000
414.000000
-119.000000
-383.000000
-250.500000
121.000000
237.000000
39.500000
-172.000000
-203.500000
0.000000
69.000000
32.500000
-109.500000
-60.000000
18.000000
40.500000
-18.000000
-89.500000
4.000000
115.000000
110.500000
-12.500000
-105.000000
-14.000000
144.500000
191.500000
49.500000
-93.500000
-70.500000
79.500000
205.500000
105.000000
-46.000000
-111.000000
6.500000
144.500000
116.500000
-9.000000
-126.500000
-49.500000
69.000000
111.500000
-12.000000
-111.500000
-77.000000
35.500000
83.000000
-15.000000
-79.500000
-59.000000
58.500000
90.500000
12.000000
-67.500000
-39.000000
79.000000
129.000000
60.500000
-52.500000
-43.500000
50.500000
138.500000
83.000000
-15.000000
-49.500000
26.500000
108.500000
86.000000
-6.500000
-54.000000
-7.500000
81.000000
75.000000
7.500000
-61.500000
-31.500000
34.000000
68.000000
10.500000
-39.500000
-38.500000
26.500000
55.500000
20.000000
-48.500000
-23.500000
5.500000
69.000000
26.000000
-23.000000
-51.000000
-12.500000
57.000000
35.000000
16.500000
-35.000000
-6.500000
32.500000
52.500000
22.000000
-27.500000
4.500000
26.000000
54.500000
20.500000
-9.500000
-12.500000
12.000000
47.500000
30.000000
-3.000000
-22.500000
15.500000
33.000000
34.000000
-9.500000
-18.500000
7.000000
22.500000
32.000000
-3.500000
-11.000000
-16.000000
28.000000
30.500000
10.000000
-21.000000
-11.500000
26.000000
42.500000
13.500000
-19.000000
-17.500000
6.000000
46.000000
25.000000
-13.500000
-39.000000
-1.500000
41.500000
33.500000
-5.500000
-38.500000
-1.000000
47.500000
58.500000
2.500000
-35.500000
-7.500000
45.500000
70.500000
16.000000
-27.000000
-32.500000
28.000000
52.000000
36.500000
-18.500000
-25.500000
20.500000
41.000000
36.500000
-18.500000
-14.500000
13.000000
51.000000
34.500000
-22.500000
-14.500000
13.000000
63.000000
46.500000
9.000000
-20.000000
-16.500000
28.500000
55.000000
42.500000
17.500000
-9.500000
4.500000
9.500000
35.500000
5.500000
-5.500000
-7.000000
28.000000
35.500000
2.500000
-9.000000
-2.500000
35.500000
34.500000
22.500000
-14.500000
6.000000
40.500000
54.000000
19.000000
-21.000000
-9.000000
22.000000
48.000000
37.000000
3.000000
-11.000000
4.500000
48.500000
37.500000
15.000000
-1.500000
11.000000
31.000000
28.500000
12.500000
-7.000000
17.500000
33.500000
35.500000
0.000000
-7.500000
24.000000
54.000000
46.000000
5.000000
9.000000
61.000000
101.500000
59.500000
-65.000000
-121.000000
-66.000000
-30.500000
42.500000
50.500000
15.000000
16.000000
49.500000
-73.000000
-116.500000
90.500000
103.500000
150.500000
-49.500000
-183.000000
-401.000000
-215.000000
350.000000
638.000000
388.000000
-168.000000
-453.500000
-270.000000
167.000000
326.000000
52.000000
-171.500000
-215.500000
-0.500000
48.500000
38.000000
-83.000000
2.000000
45.500000
-4.500000
-111.000000
-122.000000
74.500000
208.000000
112.500000
-125.000000
-192.500000
-14.000000
231.500000
245.000000
11.500000
-158.500000
-134.000000
120.500000
232.000000
134.000000
-83.000000
-129.000000
6.500000
152.500000
131.000000
-23.500000
-105.500000
-33.500000
92.000000
77.500000
-34.500000
-106.500000
-32.000000
75.000000
61.500000
-51.500000
-110.000000
-15.000000
96.500000
96.500000
-29.500000
-106.500000
-25.500000
104.500000
141.500000
19.000000
-80.000000
-63.000000
91.500000
136.500000
65.000000
-52.000000
-45.500000
51.500000
121.500000
70.500000
-44.000000
-49.000000
27.000000
101.000000
67.000000
-39.000000
-76.500000
-5.000000
81.000000
63.000000
-28.000000
-78.500000
-20.000000
58.000000
68.500000
-24.500000
-80.000000
-37.000000
54.000000
72.500000
-7.500000
-81.000000
-63.000000
36.500000
57.000000
19.500000
-57.500000
-46.000000
23.500000
61.500000
38.000000
-34.500000
-23.000000
22.500000
69.000000
39.000000
-13.500000
-19.000000
13.000000
56.500000
37.500000
7.000000
-26.500000
-8.500000
39.000000
56.000000
24.500000
-34.500000
-26.000000
9.500000
38.000000
15.000000
-24.000000
-17.000000
6.500000
28.000000
7.000000
-18.500000
-12.000000
25.000000
31.500000
7.500000
-27.000000
-14.500000
31.000000
51.500000
13.000000
-26.500000
-26.000000
18.000000
44.500000
28.000000
-7.500000
-19.500000
14.000000
45.500000
45.500000
10.500000
-5.000000
14.500000
41.500000
43.500000
23.000000
7.000000
-1.000000
25.500000
25.500000
21.000000
15.000000
17.500000
27.000000
15.000000
16.000000
0.500000
17.500000
27.000000
27.000000
6.500000
-7.000000
5.500000
26.500000
33.500000
21.500000
-2.000000
9.000000
25.000000
36.000000
22.500000
-2.500000
7.000000
20.000000
36.500000
16.000000
-8.000000
3.500000
11.500000
25.000000
13.500000
9.000000
5.500000
14.500000
25.500000
13.500000
9.000000
9.000000
13.000000
26.500000
10.000000
3.500000
9.000000
8.500000
17.500000
1.500000
-10.500000
-9.500000
17.000000
19.000000
1.000000
-4.000000
-1.000000
18.500000
6.500000
10.500000
-10.500000
19.500000
7.500000
8.000000
-4.500000
9.500000
29.000000
21.500000
9.500000
0.000000
19.500000
43.000000
35.000000
17.500000
33.500000
59.500000
70.500000
45.500000
-58.500000
-108.000000
-83.000000
-42.500000
34.500000
78.000000
43.500000
13.500000
-54.000000
-163.000000
83.500000
181.500000
159.000000
-104.500000
-168.500000
-238.000000
-238.000000
88.000000
478.000000
543.500000
137.000000
-276.000000
-340.500000
-64.500000
239.000000
183.500000
-16.000000
-236.000000
-144.000000
7.500000
106.500000
40.500000
-69.000000
-68.000000
-50.500000
21.000000
-18.000000
15.000000
53.500000
67.500000
-14.000000
-61.500000
-10.000000
116.000000
167.500000
63.500000
-47.500000
-72.500000
59.500000
161.500000
140.000000
3.500000
-86.500000
-34.000000
90.000000
148.000000
38.500000
-76.000000
-85.000000
14.000000
88.500000
29.000000
-71.500000
-107.500000
-27.000000
38.000000
2.000000
-55.500000
-75.000000
-31.000000
36.500000
0.500000
-23.000000
-58.500000
6.500000
45.500000
43.000000
-0.500000
-23.500000
17.000000
60.500000
70.500000
25.500000
2.500000
22.500000
69.500000
71.000000
33.000000
4.500000
17.000000
49.000000
58.500000
28.500000
-1.000000
-14.000000
15.000000
28.500000
24.000000
-10.500000
-15.000000
0.000000
14.000000
21.000000
-19.500000
-24.500000
-3.000000
17.000000
14.000000
-14.000000
-25.500000
-8.500000
12.000000
16.500000
2.500000
-4.500000
1.500000
27.500000
29.500000
27.500000
9.500000
6.500000
26.000000
42.000000
43.000000
17.000000
16.500000
18.500000
30.000000
32.000000
0.000000
5.500000
5.500000
34.000000
22.000000
-5.500000
-15.500000
-17.000000
20.500000
16.000000
4.000000
-29.000000
-15.500000
5.000000
29.500000
10.500000
-16.000000
-10.000000
15.000000
35.000000
22.000000
-7.500000
-12.000000
12.500000
36.000000
31.500000
13.000000
-7.500000
11.000000
25.500000
23.500000
5.000000
6.500000
19.000000
33.500000
30.500000
13.500000
4.000000
10.000000
23.000000
30.500000
30.500000
5.000000
-1.500000
8.000000
24.500000
9.500000
-1.000000
3.500000
7.500000
12.000000
2.000000
-2.500000
6.500000
8.500000
18.500000
3.500000
13.000000
-6.000000
8.500000
17.000000
30.000000
18.000000
2.500000
20.000000
21.000000
27.000000
17.000000
1.000000
11.500000
18.500000
28.500000
12.500000
-1.000000
-6.500000
1.500000
35.500000
12.500000
13.000000
-15.500000
4.000000
14.500000
34.000000
12.000000
-6.000000
5.000000
13.000000
41.000000
5.000000
15.500000
0.000000
8.500000
13.500000
6.000000
23.500000
7.500000
19.500000
4.000000
14.500000
12.000000
16.500000
27.000000
12.000000
18.000000
-2.500000
15.000000
19.000000
19.000000
22.000000
17.500000
16.500000
19.000000
20.000000
28.500000
39.500000
38.000000
28.000000
45.000000
72.500000
71.500000
36.500000
-50.000000
-85.000000
-64.000000
-30.000000
34.500000
65.500000
20.000000
-11.500000
-96.500000
-91.000000
171.500000
219.500000
25.000000
-164.500000
-198.000000
-133.500000
-167.500000
10.500000
352.000000
501.000000
203.000000
-209.500000
-327.000000
-121.500000
196.500000
176.500000
-25.000000
-219.000000
-148.000000
55.500000
95.000000
18.500000
-134.500000
-68.000000
8.500000
85.000000
-27.000000
-65.500000
-7.000000
84.000000
94.500000
-17.000000
-55.000000
5.500000
129.000000
125.500000
28.500000
-61.000000
-23.500000
93.500000
144.000000
70.500000
-47.500000
-63.000000
43.500000
119.500000
81.500000
-44.000000
-88.000000
-17.000000
85.500000
66.000000
-41.500000
-94.500000
-50.000000
45.500000
44.500000
-14.500000
-72.000000
-30.500000
39.000000
56.500000
1.000000
-47.500000
-4.500000
72.000000
81.500000
17.000000
-37.500000
3.000000
77.500000
100.000000
32.000000
-29.500000
-1.500000
60.000000
87.000000
33.000000
-25.000000
-9.000000
36.500000
76.000000
34.500000
-21.000000
-27.000000
-0.500000
52.000000
52.000000
4.000000
-30.500000
-2.000000
35.500000
37.000000
-3.000000
-28.500000
0.000000
37.500000
39.000000
-3.000000
-29.500000
-24.000000
17.000000
39.500000
1.500000
-22.000000
-22.000000
23.500000
38.500000
17.500000
-7.000000
-14.500000
21.000000
43.500000
35.500000
4.000000
-8.500000
19.500000
27.000000
25.000000
10.000000
4.000000
12.500000
28.000000
24.500000
1.000000
-2.500000
0.000000
33.500000
18.000000
10.500000
-11.000000
-2.000000
26.500000
18.500000
8.000000
-20.000000
9.000000
22.000000
31.500000
10.500000
-22.500000
3.500000
15.500000
42.500000
3.500000
-14.000000
-19.000000
12.000000
27.500000
12.500000
-4.500000
-12.500000
23.000000
30.500000
22.000000
-3.000000
-4.000000
29.500000
42.000000
35.500000
6.000000
2.000000
16.000000
40.500000
39.500000
18.000000
6.500000
4.000000
37.500000
38.500000
19.500000
-1.000000
5.000000
32.000000
28.500000
16.000000
-14.000000
-1.500000
23.000000
36.000000
28.500000
-7.500000
5.500000
11.500000
36.500000
17.000000
-4.000000
8.000000
7.500000
20.500000
-5.500000
-0.500000
-9.000000
16.500000
18.500000
-1.500000
-6.500000
2.000000
18.500000
22.000000
6.500000
-10.500000
-1.000000
22.000000
34.500000
24.000000
-1.500000
-3.500000
6.500000
19.500000
6.000000
4.000000
2.000000
7.500000
14.000000
8.000000
0.000000
0.500000
13.500000
12.500000
16.500000
-2.500000
6.500000
4.000000
13.500000
16.000000
10.500000
10.500000
2.500000
16.000000
26.500000
38.500000
31.000000
16.000000
11.500000
55.000000
96.000000
69.500000
1.000000
-97.000000
-65.000000
-43.000000
-7.000000
37.500000
55.000000
26.500000
55.000000
22.500000
-154.500000
-23.500000
117.000000
166.500000
65.500000
-103.000000
-263.500000
-357.500000
-12.000000
482.000000
568.000000
209.500000
-282.500000
-402.000000
-149.500000
260.500000
244.000000
5.500000
-223.000000
-152.500000
5.000000
87.500000
32.000000
-51.500000
-12.000000
-25.000000
-6.500000
-62.500000
-20.500000
91.000000
121.500000
29.000000
-112.000000
-86.000000
62.000000
218.500000
142.500000
-42.000000
-143.000000
-37.500000
168.000000
188.500000
53.500000
-116.500000
-89.000000
57.500000
164.000000
90.500000
-61.000000
-111.500000
-21.500000
112.000000
83.000000
-41.000000
-118.500000
-36.500000
69.000000
60.000000
-38.000000
-104.000000
-21.500000
79.000000
84.500000
-22.000000
-101.500000
-12.500000
92.500000
128.500000
10.500000
-78.500000
-42.000000
84.000000
136.500000
42.000000
-50.500000
-52.000000
65.500000
117.000000
62.000000
-52.500000
-59.500000
35.000000
101.000000
64.500000
-52.500000
-71.500000
-5.500000
82.000000
55.000000
-33.500000
-67.500000
-4.000000
71.000000
41.500000
-29.500000
-60.000000
-0.500000
60.500000
45.500000
-23.000000
-66.500000
-16.000000
45.500000
53.000000
-4.000000
-45.000000
-10.500000
39.000000
60.000000
13.000000
-22.500000
-1.500000
37.500000
61.500000
15.500000
-11.500000
-7.500000
37.500000
57.500000
21.000000
-10.000000
-26.500000
30.000000
60.000000
43.500000
-20.500000
-47.500000
-3.500000
64.000000
61.000000
3.000000
-53.000000
-28.500000
40.000000
68.500000
30.500000
-36.500000
-29.000000
23.000000
60.000000
28.000000
-23.000000
-29.500000
16.000000
44.000000
18.000000
-28.000000
-33.500000
8.500000
32.000000
26.000000
-22.000000
-22.500000
1.500000
34.500000
28.000000
-2.500000
-22.000000
9.500000
32.500000
40.500000
-5.000000
-8.500000
3.500000
15.500000
21.500000
-3.500000
2.000000
4.000000
21.500000
12.500000
-7.500000
-2.000000
0.500000
21.000000
14.500000
-5.500000
-15.000000
1.500000
22.000000
15.500000
6.500000
-3.000000
13.000000
25.000000
18.500000
-3.000000
-5.000000
11.500000
37.000000
21.000000
-8.000000
-14.000000
6.500000
25.500000
38.000000
2.000000
-11.500000
-2.500000
29.500000
45.000000
24.500000
8.500000
-7.000000
25.500000
36.500000
45.500000
11.000000
16.000000
23.500000
17.500000
1.000000
4.500000
29.500000
33.500000
28.000000
-5.500000
2.500000
8.000000
26.500000
39.000000
25.000000
0.000000
-19.500000
13.500000
22.000000
43.000000
17.000000
5.500000
-1.000000
13.000000
34.500000
37.000000
52.500000
26.000000
7.500000
28.000000
88.000000
103.000000
69.500000
-26.500000
-113.000000
-74.000000
-49.000000
30.000000
56.000000
68.000000
24.000000
-48.500000
-177.500000
57.500000
209.000000
137.000000
-107.000000
-185.000000
-207.500000
-213.000000
-30.500000
334.500000
512.500000
282.500000
-178.000000
-326.500000
-195.000000
148.000000
174.500000
38.500000
-194.000000
-198.500000
-31.000000
57.500000
54.500000
-90.000000
-72.000000
-60.000000
20.000000
-16.500000
-13.500000
30.000000
53.000000
47.500000
-37.000000
-16.000000
58.000000
143.000000
110.000000
2.500000
-42.500000
9.500000
135.000000
155.500000
52.000000
-55.000000
-57.500000
63.500000
131.500000
86.000000
-45.500000
-97.500000
-25.500000
70.000000
61.000000
-32.500000
-103.000000
-56.500000
21.500000
23.000000
-37.000000
-77.500000
-28.500000
37.500000
33.500000
-31.000000
-59.500000
3.000000
94.500000
74.500000
-1.500000
-53.500000
13.000000
99.500000
120.500000
44.000000
-26.500000
10.000000
81.000000
119.000000
54.000000
-6.000000
-4.000000
53.000000
94.500000
33.000000
-7.500000
-38.000000
21.000000
41.000000
33.000000
-23.000000
-33.000000
-5.000000
19.000000
23.500000
-39.000000
-43.000000
-26.000000
23.500000
22.500000
-27.000000
-51.000000
-29.500000
28.000000
25.000000
-11.500000
-47.000000
-15.500000
39.000000
53.000000
16.000000
-24.500000
-11.000000
32.000000
64.500000
34.500000
-3.500000
-11.000000
22.000000
47.000000
19.000000
-5.500000
-18.500000
16.500000
26.000000
7.500000
-19.500000
-29.000000
-2.500000
14.000000
-1.000000
-31.000000
-27.000000
1.500000
15.000000
-3.500000
-22.500000
-22.500000
10.500000
36.000000
23.000000
-6.000000
-25.500000
6.000000
40.500000
45.500000
22.000000
-10.000000
-18.500000
17.000000
51.500000
48.500000
8.000000
-6.500000
19.500000
45.000000
44.000000
11.500000
3.000000
20.500000
37.000000
34.000000
4.500000
-4.500000
19.000000
37.000000
18.000000
-12.000000
-11.000000
14.500000
27.500000
21.000000
-6.500000
-16.000000
12.000000
21.500000
39.000000
0.000000
-7.000000
-2.000000
26.000000
40.500000
13.500000
21.000000
3.500000
41.000000
18.000000
27.500000
12.000000
6.000000
32.000000
23.000000
18.500000
-9.500000
11.000000
15.000000
22.000000
16.000000
-7.000000
1.000000
11.500000
32.000000
11.500000
-5.500000
-2.500000
12.000000
32.500000
14.500000
7.500000
-0.500000
17.500000
17.500000
6.000000
-0.500000
6.500000
24.500000
26.500000
21.000000
-5.000000
7.500000
19.000000
37.500000
29.500000
4.500000
5.000000
-3.500000
23.000000
30.500000
24.000000
2.500000
-1.000000
10.500000
21.500000
30.500000
20.000000
17.000000
14.000000
29.500000
59.000000
72.000000
70.000000
-1.500000
-97.000000
-133.000000
-67.500000
22.000000
78.000000
44.000000
-27.000000
-19.500000
-154.000000
32.500000
205.500000
173.500000
-65.000000
-186.000000
-191.500000
-205.500000
-91.500000
281.000000
542.500000
366.000000
-124.000000
-351.500000
-237.500000
150.000000
257.500000
76.500000
-205.000000
-219.500000
-12.500000
141.500000
83.500000
-100.500000
-125.000000
-21.500000
78.500000
36.000000
-60.000000
-46.500000
57.000000
108.500000
28.000000
-74.000000
-38.500000
104.500000
162.500000
73.000000
-64.500000
-66.000000
72.000000
161.500000
119.000000
-26.000000
-83.500000
2.500000
136.000000
127.500000
7.000000
-92.500000
-46.000000
68.000000
103.000000
5.000000
-83.500000
-70.500000
31.000000
72.000000
5.000000
-68.000000
-61.500000
32.500000
70.500000
28.000000
-50.000000
-44.500000
42.000000
82.500000
51.000000
-41.000000
-43.500000
24.000000
93.000000
63.500000
-22.500000
-45.000000
9.500000
86.500000
65.000000
-17.500000
-49.500000
-9.500000
64.000000
70.500000
-7.000000
-62.000000
-35.000000
36.000000
64.500000
27.000000
-46.000000
-38.000000
17.500000
57.000000
25.500000
-39.500000
-30.000000
6.500000
59.500000
17.000000
-34.000000
-48.500000
0.500000
41.000000
23.000000
-13.000000
-40.500000
-1.500000
37.000000
53.500000
-4.500000
-23.500000
-6.000000
35.000000
53.500000
15.500000
-7.500000
-16.000000
30.500000
34.500000
31.000000
0.500000
-1.000000
25.000000
43.000000
17.500000
-5.000000
-2.000000
28.500000
51.000000
26.000000
-2.500000
-7.000000
25.500000
40.500000
47.500000
1.000000
2.500000
15.500000
54.500000
37.000000
2.000000
-5.500000
11.500000
47.000000
29.500000
9.000000
-23.000000
3.000000
29.000000
30.500000
10.000000
-15.500000
7.000000
12.500000
39.000000
8.500000
4.500000
-4.000000
27.000000
26.500000
15.500000
13.500000
1.500000
25.000000
18.500000
17.000000
-0.500000
14.000000
20.500000
21.000000
10.000000
-1.000000
2.500000
15.500000
26.500000
22.000000
12.500000
-11.000000
-0.500000
6.500000
35.500000
26.000000
10.000000
3.000000
14.000000
22.000000
20.500000
7.500000
-1.500000
7.000000
11.000000
4.000000
12.500000
-5.500000
2.000000
7.000000
8.500000
-0.500000
-10.000000
12.000000
14.500000
22.000000
-5.000000
-2.000000
8.000000
40.500000
35.000000
1.000000
-12.500000
4.000000
31.500000
31.000000
-1.500000
9.000000
6.000000
33.000000
21.500000
10.000000
5.000000
20.500000
33.500000
24.000000
2.500000
-6.000000
18.500000
28.000000
25.000000
11.500000
-1.000000
11.000000
27.500000
36.000000
21.500000
20.000000
23.000000
28.000000
67.500000
80.500000
64.500000
-19.500000
-77.500000
-59.500000
-67.000000
-35.500000
42.000000
88.500000
53.000000
40.500000
-56.500000
-117.500000
64.500000
71.000000
160.000000
-30.500000
-80.500000
-277.000000
-362.500000
44.500000
505.500000
596.000000
156.000000
-358.500000
-436.000000
-103.500000
327.000000
232.500000
-14.000000
-282.000000
-119.500000
9.000000
121.500000
2.500000
-55.500000
4.500000
-12.500000
-10.000000
-114.000000
2.500000
136.000000
163.000000
-29.000000
-181.000000
-92.500000
126.000000
271.500000
103.000000
-115.000000
-186.000000
8.500000
217.000000
197.000000
-14.500000
-159.500000
-82.000000
111.000000
185.500000
44.500000
-121.500000
-110.500000
42.500000
133.000000
35.500000
-108.000000
-112.000000
8.500000
100.500000
31.000000
-90.500000
-103.000000
22.500000
112.500000
47.000000
-75.000000
-89.500000
36.000000
128.500000
89.500000
-39.500000
-87.000000
14.000000
119.000000
110.000000
-3.500000
-58.000000
9.500000
95.500000
92.000000
-3.500000
-49.500000
-4.000000
82.000000
85.500000
11.000000
-57.000000
-38.500000
29.500000
73.000000
25.000000
-36.500000
-44.000000
19.500000
56.000000
22.500000
-32.000000
-38.500000
23.000000
54.500000
24.000000
-45.500000
-36.000000
11.000000
52.500000
38.000000
-30.000000
-34.500000
5.500000
62.500000
49.500000
-4.000000
-26.500000
4.000000
56.500000
50.000000
9.000000
-4.500000
18.500000
32.500000
35.500000
9.000000
0.500000
12.000000
43.000000
32.500000
6.000000
-8.500000
-1.500000
24.000000
38.500000
15.000000
-4.500000
-10.000000
16.000000
26.000000
15.000000
-7.500000
1.500000
13.000000
21.000000
17.500000
1.000000
-1.000000
0.000000
16.500000
10.500000
3.000000
-5.000000
-2.500000
4.500000
8.500000
13.000000
-1.500000
4.000000
2.500000
18.500000
23.000000
13.500000
8.000000
0.500000
21.500000
28.000000
8.000000
11.000000
0.000000
29.000000
16.500000
17.000000
1.000000
8.000000
13.000000
17.000000
-0.500000
10.000000
19.500000
17.500000
5.000000
-8.500000
8.000000
8.500000
24.000000
19.500000
2.500000
7.500000
13.500000
29.000000
8.000000
3.500000
9.500000
11.000000
15.500000
4.500000
4.000000
9.000000
16.000000
-0.500000
5.000000
7.000000
18.000000
12.000000
18.000000
11.000000
7.500000
22.000000
20.000000
20.000000
18.000000
22.000000
6.500000
23.000000
9.500000
5.000000
14.500000
16.500000
26.000000
12.000000
9.000000
-5.000000
12.000000
20.000000
25.000000
19.000000
-5.000000
-3.000000
11.000000
19.500000
17.500000
-5.000000
8.500000
14.000000
22.000000
3.000000
17.000000
29.500000
40.000000
33.500000
0.000000
37.500000
74.500000
98.500000
48.000000
-59.500000
-120.500000
-84.500000
-53.500000
38.000000
77.000000
46.000000
19.000000
19.000000
-134.000000
-24.000000
71.500000
111.500000
29.000000
-73.000000
-212.500000
-353.500000
-74.500000
434.000000
597.000000
256.000000
-262.000000
-375.500000
-165.500000
207.500000
202.500000
21.000000
-192.500000
-155.000000
-24.000000
42.000000
22.500000
-43.000000
-12.500000
-32.000000
-29.000000
-68.000000
-13.000000
110.000000
104.500000
19.500000
-109.000000
-47.000000
111.000000
219.000000
111.000000
-60.500000
-99.000000
40.500000
199.500000
173.000000
13.000000
-106.000000
-35.000000
109.500000
175.500000
34.500000
-119.000000
-111.500000
38.500000
138.500000
53.000000
-98.000000
-142.000000
-30.500000
82.500000
37.000000
-86.500000
-105.000000
-3.500000
85.000000
33.000000
-66.000000
-79.000000
21.500000
118.000000
83.500000
-37.000000
-73.500000
36.000000
136.000000
110.500000
-6.500000
-55.500000
25.000000
127.500000
121.000000
21.500000
-58.500000
-7.000000
91.000000
117.500000
23.500000
-65.000000
-47.000000
34.000000
84.500000
23.500000
-55.500000
-56.500000
17.500000
67.000000
11.500000
-64.500000
-63.500000
17.000000
58.500000
12.000000
-58.500000
-65.000000
4.500000
56.500000
30.500000
-48.500000
-45.000000
6.500000
58.500000
41.500000
-14.500000
-25.500000
14.500000
64.000000
45.000000
0.000000
-15.500000
21.500000
51.500000
38.000000
-4.500000
-5.000000
14.000000
42.000000
22.500000
-3.000000
-28.500000
7.500000
27.500000
23.000000
-10.000000
-26.000000
2.000000
19.000000
21.500000
-14.500000
-24.500000
2.000000
25.000000
25.500000
-4.000000
-0.500000
1.500000
19.500000
15.000000
7.500000
0.000000
0.500000
14.500000
29.500000
23.500000
1.500000
-1.500000
13.000000
29.500000
41.500000
19.000000
5.500000
10.000000
24.000000
33.500000
27.500000
11.000000
7.500000
6.500000
27.000000
7.500000
0.500000
0.000000
6.500000
21.000000
-1.500000
-2.000000
-9.000000
15.500000
19.000000
9.000000
-8.500000
-14.500000
13.500000
23.500000
20.500000
3.000000
-9.500000
15.000000
25.500000
31.500000
4.000000
-6.000000
6.000000
21.500000
24.500000
10.500000
-2.500000
-10.000000
13.500000
25.000000
17.500000
1.000000
-12.000000
10.500000
23.000000
13.500000
4.500000
-6.000000
19.500000
26.000000
27.000000
-5.500000
-2.000000
11.000000
22.500000
15.000000
-2.500000
-1.000000
11.000000
24.500000
17.000000
5.000000
2.500000
22.000000
32.500000
29.500000
10.500000
-4.000000
17.000000
30.500000
43.000000
13.000000
10.000000
12.000000
32.000000
43.000000
34.500000
23.000000
-6.500000
4.500000
65.000000
97.000000
91.000000
39.000000
-45.000000
-112.000000
-63.000000
-38.000000
14.000000
37.000000
41.000000
8.000000
4.000000
-135.500000
-76.500000
161.000000
212.500000
25.000000
-175.500000
-224.000000
-227.000000
-68.500000
320.500000
503.500000
306.000000
-111.500000
-277.000000
-179.000000
95.500000
190.500000
63.000000
-103.500000
-168.000000
-44.500000
46.000000
63.000000
-29.500000
-64.000000
-45.500000
-20.500000
1.500000
-15.500000
32.000000
38.500000
15.500000
-37.500000
-38.500000
48.000000
114.500000
81.000000
-3.500000
-58.000000
15.000000
99.000000
122.000000
44.500000
-32.000000
-23.000000
51.000000
112.500000
75.000000
0.500000
-44.500000
3.500000
56.500000
59.500000
2.500000
-25.500000
-15.500000
22.500000
22.000000
-7.500000
-25.000000
2.500000
36.500000
23.000000
-11.000000
-25.000000
14.500000
51.500000
51.000000
8.500000
-31.500000
-3.500000
44.000000
65.000000
19.000000
-18.000000
-1.500000
34.500000
50.000000
29.500000
-3.500000
-10.000000
19.000000
33.500000
30.500000
10.000000
-9.500000
11.500000
13.000000
31.500000
2.500000
9.000000
11.500000
20.000000
15.500000
-2.500000
0.500000
8.500000
30.500000
16.500000
-10.000000
-11.000000
