-307
-312
-316
-320
-324
-326
-328
-330
-331
-332
-332
-332
-329
-326
-321
-313
-303
-289
-270
-247
-219
-189
-156
-125
-96
-73
-55
-42
-29
-9
30
104
230
425
699
1049
1459
1903
2047
2047
2047
2047
2047
2047
2047
2047
2047
2047
2047
2047
2047
2047
2047
2047
2047
2047
2047
2047
2047
2047
2047
2047
2047
2047
2047
2047
2047
2047
2047
2047
2047
2047
2047
2047
2047
2047
2047
2047
2047
2047
2047
2047
2047
2047
1764
1362
979
638
358
142
-9
-109
-172
-212
-240
-264
-288
-315
-345
-376
-408
-437
-462
-483
-500
-512
-522
-527
-532
-534
-535
-536
-534
-532
-530
-527
-523
-520
-516
-511
-506
-502
-497
-493
-488
-485
-481
-478
-474
-472
-470
-468
-466
-465
-464
-463
-462
-461
-461
-461
-460
-461
-461
-462
-462
-464
-465
-466
-467
-469
-471
-474
-477
-479
-483
-485
-488
-491
-493
-494
-495
-494
-493
-491
-489
-485
-482
-479
-476
-474
-472
-471
-471
-472
-472
-473
-474
-476
-478
-479
-480
-481
-483
-484
-486
-488
-490
-492
-494
-496
-498
-500
-502
-504
-506
-508
-511
-513
-515
-518
-520
-523
-526
-529
-532
-534
-537
-539
-542
-544
-545
-547
-548
-548
-548
-548
-548
-547
-547
-546
-545
-545
-544
-543
-543
-542
-541
-540
-539
-538
-538
-537
-536
-535
-534
-532
-531
-529
-527
-526
-524
-522
-521
-519
-518
-517
-516
-516
-517
-517
-517
-518
-519
-520
-521
-521
-522
-522
-523
-523
-523
-522
-522
-523
-522
-522
-522
-521
-520
-519
-518
-517
-516
-513
-511
-509
-508
-506
-504
-502
-500
-499
-498
-498
-498
-498
-498
-498
-498
-499
-499
-499
-498
-498
-497
-497
-496
-495
-492
-489
-487
-484
-482
-479
-477
-474
-471
-469
-467
-465
-463
-461
-460
-458
-458
-456
-455
-453
-452
-452
-452
-451
-451
-450
-450
-450
-450
-450
-449
-448
-446
-445
-442
-440
-437
-433
-429
-425
-420
-417
-412
-407
-403
-399
-395
-392
-388
-383
-379
-375
-371
-367
-363
-360
-357
-355
-354
-354
-354
-354
-355
-356
-357
-357
-357
-357
-355
-354
-352
-350
-347
-345
-342
-338
-335
-332
-328
-323
-317
-312
-306
-300
-295
-289
-283
-278
-274
-270
-267
-264
-262
-260
-259
-258
-257
-256
-255
-254
-254
-253
-253
-253
-253
-253
-253
-254
-255
-256
-257
-258
-259
-261
-261
-262
-263
-263
-264
-264
-264
-264
-264
-263
-264
-264
-265
-267
-269
-271
-274
-277
-280
-282
-285
-288
-290
-291
-293
-295
-296
-297
-298
-299
-299
-300
-300
-300
-300
-300
-299
-299
-298
-297
-295
-294
-291
-289
-286
-282
-278
-273
-269
-264
-259
-254
-250
-245
-241
-237
-233
-229
-225
-221
-217
-213
-210
-206
-202
-198
-194
-191
-187
-183
-179
-175
-172
-168
-166
-164
-161
-159
-157
-156
-156
-155
-154
-153
-152
-151
-150
-149
-146
-144
-141
-138
-136
-133
-130
-127
-125
-122
-121
-120
-119
-118
-117
-115
-114
-114
-113
-112
-110
-107
-107
-105
-103
-102
-101
-99
-98
-98
-97
-96
-96
-96
-96
-96
-96
-96
-96
-97
-97
-97
-99
-99
-100
-102
-103
-104
-106
-107
-107
-108
-109
-109
-109
-109
-109
-109
-109
-110
-110
-111
-112
-113
-114
-115
-115
-115
-115
-115
-114
-114
-114
-113
-113
-113
-114
-115
-115
-117
-118
-118
-120
-121
-122
-124
-126
-127
-129
-132
-134
-137
-139
-142
-144
-147
-150
-153
-156
-159
-163
-167
-170
-173
-178
-181
-185
-188
-191
-195
-198
-202
-205
-209
-213
-217
-221
-225
-229
-233
-237
-242
-245
-249
-252
-256
-259
-262
-264
-268
-270
-273
-275
-277
-278
-280
-283
-285
-287
-290
-293
-296
-300
-304
-308
-313
-317
-322
-326
-329
-333
-335
-337
-339
-340
-340
-340
-339
-338
-334
-330
-323
-314
-302
-285
-265
-239
-210
-178
-145
-114
-87
-66
-50
-37
-22
5
57
150
304
532
840
1219
1647
2047
2047
2047
2047
2047
2047
2047
2047
2047
2047
2047
2047
2047
2047
2047
2047
2047
2047
2047
2047
2047
2047
2047
2047
2047
2047
2047
2047
2047
2047
2047
2047
2047
2047
2047
2047
2047
2047
2047
2047
2047
2047
2047
2047
2047
2047
2047
1655
1255
881
555
291
94
-43
-134
-191
-227
-255
-280
-306
-335
-367
-400
-431
-460
-485
-505
-521
-533
-541
-547
-550
-552
-552
-551
-549
-547
-543
-539
-534
-529
-524
-518
-512
-507
-501
-495
-490
-485
-481
-476
-472
-469
-466
-463
-461
-459
-457
-454
-454
-452
-451
-451
-450
-450
-450
-451
-451
-452
-452
-454
-456
-458
-460
-463
-466
-469
-472
-476
-479
-483
-485
-487
-488
-489
-488
-487
-485
-483
-481
-478
-477
-476
-476
-476
-477
-478
-480
-483
-484
-486
-488
-490
-493
-495
-496
-498
-500
-502
-505
-507
-509
-511
-514
-515
-518
-520
-522
-524
-527
-528
-531
-534
-536
-539
-541
-544
-547
-549
-552
-554
-556
-557
-558
-559
-559
-559
-559
-558
-558
-557
-555
-554
-553
-552
-550
-549
-547
-546
-545
-543
-542
-541
-539
-537
-535
-534
-532
-530
-528
-525
-523
-520
-519
-516
-514
-512
-511
-510
-508
-508
-508
-508
-508
-509
-510
-511
-511
-511
-512
-513
-513
-513
-514
-514
-515
-515
-516
-516
-516
-516
-516
-515
-514
-512
-511
-509
-506
-504
-501
-499
-496
-493
-492
-491
-490
-489
-488
-487
-487
-487
-487
-488
-488
-489
-489
-490
-491
-491
-492
-491
-491
-491
-491
-490
-489
-489
-488
-487
-487
-485
-485
-485
-484
-483
-482
-481
-480
-478
-476
-474
-473
-471
-469
-467
-465
-463
-461
-459
-457
-455
-452
-449
-446
-442
-438
-433
-429
-423
-418
-412
-407
-402
-397
-392
-388
-383
-378
-374
-370
-365
-361
-357
-352
-349
-345
-342
-340
-339
-338
-338
-338
-340
-341
-343
-345
-346
-347
-347
-347
-346
-345
-344
-343
-341
-339
-337
-334
-331
-329
-325
-321
-315
-311
-306
-301
-296
-292
-288
-284
-281
-279
-277
-275
-274
-274
-273
-273
-272
-271
-271
-270
-270
-270
-270
-269
-270
-271
-271
-272
-273
-274
-274
-275
-276
-277
-278
-278
-278
-278
-278
-278
-277
-276
-276
-276
-276
-277
-278
-280
-281
-283
-286
-288
-290
-292
-293
-294
-295
-296
-297
-297
-297
-298
-298
-298
-298
-297
-297
-296
-295
-295
-294
-292
-291
-290
-287
-285
-281
-277
-273
-269
-265
-260
-255
-250
-246
-242
-237
-233
-230
-226
-223
-219
-216
-213
-210
-206
-203
-200
-197
-194
-190
-186
-182
-178
-174
-170
-166
-163
-159
-156
-153
-151
-150
-148
-147
-145
-144
-143
-142
-140
-138
-137
-136
-134
-133
-131
-129
-127
-126
-125
-124
-123
-123
-122
-121
-121
-121
-121
-120
-118
-117
-116
-114
-112
-110
-108
-106
-104
-102
-101
-100
-98
-97
-96
-95
-94
-94
-93
-92
-92
-91
-91
-91
-91
-91
-91
-92
-93
-93
-94
-94
-95
-94
-94
-94
-94
-94
-94
-93
-93
-94
-94
-95
-96
-98
-99
-101
-102
-102
-103
-104
-105
-106
-106
-107
-109
-111
-112
-115
-118
-120
-123
-125
-128
-131
-133
-136
-139
-142
-145
-148
-151
-154
-157
-160
-164
-167
-170
-173
-176
-179
-183
-186
-189
-192
-195
-198
-201
-204
-207
-209
-212
-215
-219
-222
-225
-229
-232
-236
-239
-243
-246
-250
-253
-256
-259
-262
-265
-267
-269
-271
-274
-275
-278
-279
-280
-282
-283
-284
-286
-289
-292
-295
-298
-302
-307
-311
-315
-319
-323
-325
-329
-331
-332
-333
-334
-334
-333
-332
-329
-326
-319
-311
-301
-286
-267
-243
-215
-184
-152
-119
-90
-65
-46
-32
-19
0
37
106
226
413
677
1018
1422
1862
2047
2047
2047
2047
2047
2047
2047
2047
2047
2047
2047
2047
2047
2047
2047
2047
2047
2047
2047
2047
2047
2047
2047
2047
2047
2047
2047
2047
2047
2047
2047
2047
2047
2047
2047
2047
2047
2047
2047
2047
2047
2047
2047
2047
2047
2047
1901
1498
1105
747
443
203
28
-91
-166
-213
-244
-268
-292
-318
-346
-377
-408
-438
-464
-486
-504
-518
-528
-534
-538
-541
-541
-540
-538
-535
-532
-528
-523
-518
-513
-507
-502
-495
-489
-484
-479
-474
-470
-465
-461
-459
-455
-453
-452
-450
-449
-449
-448
-448
-448
-448
-450
-450
-452
-453
-455
-457
-459
-462
-465
-468
-471
-475
-479
-483
-487
-492
-496
-500
-503
-506
-508
-508
-509
-508
-506
-504
-502
-500
-497
-496
-494
-493
-493
-494
-495
-497
-498
-499
-501
-502
-503
-504
-506
-507
-508
-510
-511
-512
-514
-515
-516
-518
-519
-520
-521
-523
-524
-525
-526
-527
-530
-531
-533
-535
-536
-538
-540
-542
-543
-544
-544
-545
-546
-546
-545
-545
-543
-543
-541
-540
-538
-538
-536
-535
-534
-533
-532
-531
-530
-530
-529
-528
-526
-525
-524
-522
-520
-519
-518
-516
-515
-513
-512
-511
-511
-510
-511
-511
-512
-512
-513
-514
-514
-515
-516
-517
-517
-516
-516
-515
-515
-515
-514
-513
-513
-513
-512
-511
-511
-510
-509
-507
-506
-505
-503
-502
-500
-498
-497
-497
-496
-496
-495
-495
-495
-496
-497
-498
-499
-500
-501
-502
-502
-503
-503
-504
-504
-502
-502
-500
-498
-496
-494
-492
-489
-487
-485
-483
-481
-479
-476
-474
-472
-470
-467
-465
-463
-461
-458
-456
-454
-452
-450
-447
-446
-444
-442
-440
-438
-435
-433
-430
-427
-424
-420
-415
-411
-407
-402
-398
-394
-390
-386
-382
-379
-376
-373
-369
-366
-363
-360
-357
-355
-352
-351
-350
-350
-350
-352
-354
-356
-358
-361
-363
-364
-365
-366
-366
-365
-364
-363
-361
-359
-357
-355
-352
-349
-345
-341
-335
-330
-325
-319
-314
-309
-304
-299
-296
-293
-290
-288
-286
-284
-283
-282
-281
-280
-278
-277
-276
-275
-275
-273
-272
-272
-272
-272
-272
-272
-272
-273
-273
-274
-274
-274
-273
-273
-272
-271
-271
-270
-269
-269
-269
-269
-270
-271
-273
-275
-278
-280
-283
-285
-286
-288
-289
-291
-292
-293
-293
-294
-295
-295
-295
-296
-296
-297
-297
-297
-297
-296
-295
-294
-293
-291
-289
-286
-283
-279
-274
-270
-265
-260
-254
-250
-244
-240
-235
-231
-226
-222
-218
-214
-209
-205
-200
-196
-192
-188
-185
-180
-176
-172
-168
-165
-161
-158
-155
-154
-151
-150
-149
-147
-146
-145
-145
-144
-143
-142
-141
-139
-137
-135
-133
-131
-130
-126
-124
-123
-121
-120
-119
-117
-116
-115
-114
-113
-113
-111
-109
-107
-105
-103
-101
-98
-95
-93
-91
-89
-87
-86
-84
-83
-82
-81
-80
-80
-78
-78
-78
-78
-79
-79
-80
-82
-83
-85
-87
-89
-90
-92
-94
-95
-97
-98
-99
-100
-101
-102
-104
-106
-108
-110
-113
-115
-118
-120
-123
-124
-126
-127
-128
-130
-130
-132
-134
-136
-138
-140
-142
-144
-146
-147
-150
-152
-153
-155
-157
-159
-161
-163
-165
-167
-169
-171
-173
-175
-177
-179
-182
-185
-187
-190
-192
-195
-197
-199
-201
-204
-206
-208
-210
-214
-216
-219
-222
-225
-228
-232
-235
-238
-242
-244
-247
-250
-253
-256
-259
-261
-263
-265
-267
-269
-270
-272
-273
-275
-277
-279
-282
-284
-287
-291
-295
-299
-303
-307
-311
-315
-319
-322
-324
-327
-329
-330
-331
-332
-332
-331
-328
-324
-318
-311
-299
-284
-264
-239
-211
-179
-146
-114
-86
-63
-46
-32
-17
7
54
138
277
488
778
1142
1560
2005
2047
2047
2047
2047
2047
2047
2047
2047
2047
2047
2047
2047
2047
2047
2047
2047
2047
2047
2047
2047
2047
2047
2047
2047
2047
2047
2047
2047
2047
2047
2047
2047
2047
2047
2047
2047
2047
2047
2047
2047
2047
2047
2047
2047
2047
2047
1763
1360
977
636
355
139
-13
-113
-176
-216
-244
-268
-293
-320
-350
-382
-412
-441
-467
-487
-504
-516
-525
-531
-535
-537
-537
-537
-535
-533
-531
-528
-523
-519
-515
-511
-506
-501
-496
-492
-488
-485
-482
-479
-476
-475
-473
-472
-471
-470
-470
-469
-469
-469
-470
-470
-470
-471
-471
-473
-475
-476
-477
-478
-480
-483
-485
-488
-490
-494
-497
-500
-503
-506
-508
-509
-510
-509
-508
-506
-503
-500
-497
-494
-491
-489
-487
-486
-486
-486
-487
-487
-488
-489
-490
-491
-492
-493
-493
-494
-495
-496
-498
-499
-500
-501
-503
-504
-506
-507
-509
-510
-512
-513
-515
-518
-520
-522
-524
-527
-529
-531
-534
-536
-537
-539
-540
-541
-542
-542
-542
-542
-543
-543
-542
-541
-541
-540
-540
-540
-540
-540
-539
-539
-539
-539
-537
-536
-534
-533
-530
-529
-526
-524
-521
-518
-515
-513
-511
-509
-507
-506
-504
-504
-504
-504
-505
-505
-506
-507
-508
-510
-510
-511
-511
-512
-513
-514
-514
-515
-516
-516
-517
-518
-517
-516
-516
-515
-513
-512
-510
-508
-506
-504
-502
-499
-498
-496
-495
-494
-493
-493
-492
-492
-491
-491
-491
-491
-491
-491
-491
-490
-489
-488
-487
-486
-484
-482
-480
-478
-476
-474
-472
-470
-469
-468
-466
-465
-463
-462
-461
-460
-459
-457
-456
-455
-454
-453
-453
-448
-451
-451
-450
-449
-448
-446
-444
-443
-440
-438
-435
-431
-427
-423
-420
-416
-412
-408
-405
-401
-398
-395
-392
-388
-384
-381
-377
-374
-371
-368
-367
-365
-365
-365
-366
-367
-368
-370
-371
-372
-373
-372
-372
-370
-369
-367
-364
-362
-359
-357
-353
-349
-345
-340
-335
-329
-323
-317
-311
-304
-298
-294
-289
-285
-282
-279
-276
-274
-273
-271
-270
-269
-267
-266
-265
-265
-264
-263
-263
-262
-263
-263
-264
-264
-265
-266
-267
-268
-269
-269
-270
-270
-270
-270
-270
-270
-270
-269
-270
-270
-271
-273
-275
-278
-281
-283
-286
-289
-292
-294
-296
-298
-300
-301
-302
-302
-302
-303
-302
-302
-302
-301
-300
-299
-298
-297
-295
-292
-290
-287
-284
-280
-276
-271
-267
-261
-256
-250
-245
-240
-235
-230
-225
-221
-218
-213
-209
-205
-201
-197
-193
-189
-185
-182
-178
-174
-170
-166
-162
-158
-155
-152
-148
-145
-143
-140
-139
-137
-136
-135
-134
-132
-131
-130
-129
-127
-125
-123
-121
-119
-117
-114
-112
-110
-108
-107
-106
-105
-104
-103
-103
-103
-103
-103
-102
-101
-100
-99
-98
-96
-95
-94
-94
-93
-92
-92
-92
-92
-92
-92
-93
-93
-95
-95
-96
-97
-98
-99
-101
-102
-104
-106
-109
-111
-113
-115
-116
-118
-119
-120
-120
-120
-121
-122
-123
-123
-124
-125
-126
-128
-129
-130
-131
-131
-131
-131
-131
-131
-131
-130
-130
-131
-132
-133
-134
-135
-136
-138
-139
-140
-142
-142
-144
-146
-147
-149
-151
-152
-154
-156
-158
-160
-162
-164
-167
-169
-172
-175
-178
-181
-183
-186
-189
-191
-194
-197
-200
-203
-205
-209
-213
-216
-219
-223
-227
-231
-234
-238
-241
-245
-248
-251
-254
-256
-259
-261
-264
-266
-268
-270
-272
-274
-276
-279
-282
-285
-288
-292
-296
-301
-306
-311
-315
-318
-322
-324
-327
-329
-330
-331
-331
-330
-329
-328
-325
-321
-315
-307
-296
-282
-264
-241
-214
-183
-151
-118
-89
-63
-43
-28
-15
1
31
90
195
363
607
929
1318
1750
2047
2047
2047
2047
2047
2047
2047
2047
2047
2047
2047
2047
2047
2047
2047
2047
2047
2047
2047
2047
2047
2047
2047
2047
2047
2047
2047
2047
2047
2047
2047
2047
2047
2047
2047
2047
2047
2047
2047
2047
2047
2047
2047
2047
2047
2047
1988
1584
1186
818
502
249
61
-67
-149
-201
-235
-262
-286
-313
-342
-374
-406
-437
-466
-490
-509
-524
-536
-544
-550
-553
-555
-555
-555
-553
-551
-548
-544
-539
-535
-530
-524
-519
-514
-508
-503
-498
-494
-490
-486
-482
-479
-477
-474
-473
-471
-469
-468
-466
-465
-464
-464
-464
-464
-464
-465
-465
-466
-467
-469
-470
-472
-474
-477
-479
-482
-485
-488
-491
-493
-494
-495
-496
-495
-493
-491
-488
-486
-483
-480
-478
-477
-476
-476
-476
-478
-479
-481
-482
-483
-486
-487
-489
-491
-492
-494
-496
-498
-500
-502
-504
-506
-508
-510
-512
-515
-517
-519
-522
-524
-527
-530
-533
-535
-538
-544
-544
-547
-549
-551
-553
-554
-554
-555
-555
-554
-553
-552
-550
-548
-546
-543
-541
-539
-538
-536
-534
-532
-531
-529
-528
-526
-524
-522
-521
-518
-516
-514
-512
-510
-508
-507
-505
-504
-502
-502
-501
-502
-502
-503
-503
-504
-505
-507
-508
-509
-510
-511
-511
-511
-512
-512
-512
-512
-511
-512
-511
-511
-511
-510
-509
-509
-508
-506
-505
-503
-501
-499
-497
-496
-494
-492
-492
-490
-490
-490
-489
-490
-490
-490
-491
-492
-493
-494
-495
-495
-496
-496
-497
-496
-495
-495
-494
-493
-491
-490
-488
-487
-486
-485
-484
-483
-482
-481
-481
-479
-479
-478
-476
-475
-474
-473
-471
-471
-469
-468
-466
-465
-464
-462
-460
-457
-455
-451
-448
-443
-439
-434
-429
-425
-420
-415
-410
-405
-401
-397
-393
-388
-383
-379
-374
-370
-366
-363
-359
-357
-354
-353
-353
-353
-354
-354
-355
-357
-358
-358
-358
-358
-357
-355
-353
-352
-350
-347
-345
-342
-339
-335
-332
-327
-322
-317
-312
-306
-301
-296
-292
-288
-284
-282
-280
-278
-277
-276
-275
-275
-274
-273
-273
-272
-272
-272
-272
-272
-272
-272
-273
-274
-275
-276
-277
-278
-279
-281
-282
-283
-283
-283
-283
-282
-281
-280
-278
-278
-277
-276
-277
-277
-277
-277
-278
-280
-281
-282
-283
-283
-284
-284
-284
-284
-283
-283
-283
-284
-284
-283
-283
-283
-282
-281
-281
-280
-279
-277
-275
-274
-271
-268
-264
-260
-256
-251
-249
-243
-238
-234
-229
-225
-221
-218
-214
-210
-206
-203
-200
-196
-193
-189
-185
-182
-178
-174
-171
-167
-162
-159
-155
-152
-149
-146
-144
-142
-140
-139
-138
-137
-135
-135
-134
-134
-132
-132
-131
-129
-128
-127
-126
-124
-123
-121
-121
-120
-120
-120
-120
-120
-120
-121
-121
-121
-120
-120
-119
-118
-117
-116
-114
-113
-112
-111
-110
-110
-109
-108
-108
-107
-107
-106
-105
-105
-104
-104
-104
-104
-104
-105
-105
-106
-107
-108
-108
-108
-109
-109
-108
-108
-108
-107
-107
-107
-107
-108
-109
-109
-111
-111
-112
-114
-114
-115
-115
-115
-115
-115
-116
-117
-117
-119
-120
-121
-123
-125
-127
-129
-131
-134
-136
-137
-140
-142
-145
-147
-150
-152
-155
-157
-160
-163
-166
-168
-171
-174
-177
-180
-183
-186
-189
-192
-194
-197
-200
-202
-205
-207
-211
-214
-218
-222
-225
-229
-233
-237
-240
-244
-247
-251
-254
-257
-259
-262
-262
-264
-266
-267
-268
-269
-269
-270
-270
-271
-274
-276
-278
-280
-283
-287
-291
-296
-299
-303
-306
-310
-313
-315
-317
-318
-320
-320
-321
-320
-318
-314
-310
-302
-292
-278
-260
-237
-209
-179
-146
-115
-86
-62
-44
-30
-17
2
40
111
234
425
694
1040
1448
1889
2047
2047
2047
2047
2047
2047
2047
2047
2047
2047
2047
2047
2047
2047
2047
2047
2047
2047
2047
2047
2047
2047
2047
2047
2047
2047
2047
2047
2047
2047
2047
2047
2047
2047
2047
2047
2047
2047
2047
2047
2047
2047
2047
2047
2047
2047
1785
1381
993
646
359
137
-20
-124
-190
-231
-260
-284
-308
-335
-365
-396
-427
-456
-481
-501
-518
-530
-538
-544
-547
-548
-548
-547
-544
-541
-537
-533
-528
-522
-517
-511
-504
-498
-493
-487
-481
-477
-472
-468
-464
-461
-458
-455
-453
-452
-450
-448
-447
-447
-446
-447
-446
-446
-447
-448
-450
-451
-453
-455
-458
-460
-463
-467
-470
-474
-478
-482
-486
-490
-493
-495
-497
-498
-498
-497
-496
-494
-491
-489
-488
-486
-485
-486
-485
-486
-488
-490
-492
-494
-496
-499
-500
-502
-504
-505
-507
-509
-511
-513
-515
-516
-517
-518
-518
-519
-520
-520
-521
-522
-522
-523
-524
-525
-527
-528
-529
-530
-531
-531
-532
-533
-534
-534
-534
-534
-533
-533
-532
-531
-531
-530
-529
-528
-527
-526
-526
-525
-525
-524
-523
-523
-523
-523
-522
-521
-520
-518
-517
-516
-514
-512
-511
-509
-508
-507
-505
-505
-504
-504
-504
-505
-507
-507
-508
-509
-511
-512
-512
-514
-514
-515
-516
-517
-517
-518
-518
-518
-519
-519
-519
-518
-518
-517
-516
-514
-513
-511
-510
-508
-507
-506
-505
-504
-503
-503
-503
-503
-503
-503
-504
-504
-505
-506
-506
-507
-507
-507
-507
-507
-506
-504
-503
-501
-499
-497
-494
-492
-490
-488
-486
-484
-482
-480
-478
-476
-474
-472
-470
-467
-465
-463
-460
-459
-456
-454
-452
-450
-448
-446
-444
-441
-438
-435
-432
-427
-424
-420
-415
-410
-405
-401
-396
-392
-388
-384
-379
-376
-372
-369
-364
-361
-357
-354
-352
-349
-347
-346
-346
-347
-348
-350
-352
-354
-355
-357
-358
-359
-359
-359
-358
-357
-355
-354
-352
-350
-348
-345
-342
-338
-333
-329
-323
-318
-312
-307
-302
-298
-294
-291
-288
-286
-284
-283
-282
-281
-280
-280
-279
-278
-277
-275
-273
-272
-270
-269
-268
-266
-265
-264
-263
-262
-261
-261
-260
-259
-258
-256
-255
-254
-252
-251
-250
-249
-248
-249
-249
-250
-251
-254
-257
-259
-262
-265
-267
-269
-271
-273
-274
-275
-277
-277
-279
-280
-281
-282
-282
-282
-283
-283
-283
-284
-283
-282
-281
-280
-278
-276
-273
-270
-266
-262
-257
-253
-248
-244
-239
-235
-230
-227
-223
-219
-215
-212
-208
-205
-201
-198
-194
-191
-188
-185
-181
-178
-174
-171
-168
-165
-162
-159
-157
-156
-154
-153
-152
-151
-151
-150
-150
-149
-149
-147
-146
-145
-144
-142
-140
-139
-137
-135
-133
-132
-131
-130
-128
-127
-127
-126
-125
-124
-122
-120
-118
-116
-113
-111
-108
-106
-103
-101
-99
-97
-96
-94
-93
-91
-91
-89
-89
-87
-87
-87
-87
-87
-88
-89
-89
-90
-92
-94
-95
-96
-97
-98
-99
-100
-100
-100
-101
-101
-102
-104
-105
-107
-109
-110
-112
-114
-116
-117
-118
-119
-119
-121
-121
-122
-123
-124
-126
-127
-130
-131
-133
-135
-137
-139
-141
-143
-144
-146
-148
-150
-151
-154
-156
-158
-160
-163
-165
-167
-170
-172
-175
-179
-182
-184
-187
-189
-192
-194
-196
-197
-198
-200
-203
-205
-207
-209
-211
-213
-216
-219
-222
-225
-227
-229
-232
-235
-238
-239
-242
-244
-246
-249
-251
-252
-254
-256
-259
-261
-264
-267
-270
-274
-278
-283
-289
-294
-298
-303
-308
-312
-316
-319
-322
-325
-326
-327
-329
-328
-328
-325
-321
-316
-308
-296
-280
-260
-235
-206
-175
-143
-113
-86
-65
-50
-38
-23
2
51
140
289
510
811
1185
1610
2047
2047
2047
2047
2047
2047
2047
2047
2047
2047
2047
2047
2047
2047
2047
2047
2047
2047
2047
2047
2047
2047
2047
2047
2047
2047
2047
2047
2047
2047
2047
2047
2047
2047
2047
2047
2047
2047
2047
2047
2047
2047
2047
2047
2047
2047
2026
1623
1224
852
530
272
78
-55
-141
-194
-229
-254
-278
-303
-331
-362
-393
-423
-450
-474
-493
-508
-519
-526
-531
-533
-535
-534
-533
-530
-527
-524
-521
-515
-510
-505
-500
-495
-489
-484
-479
-475
-471
-467
-464
-461
-459
-457
-455
-455
-454
-453
-453
-452
-452
-453
-454
-455
-456
-457
-458
-461
-462
-464
-467
-469
-471
-475
-477
-481
-484
-488
-492
-496
-499
-502
-503
-505
-505
-505
-503
-502
-499
-496
-495
-492
-490
-488
-487
-486
-486
-486
-487
-487
-487
-487
-488
-488
-488
-489
-489
-489
-489
-490
-491
-492
-493
-493
-494
-496
-497
-500
-501
-503
-504
-507
-510
-512
-515
-518
-520
-523
-526
-529
-531
-534
-536
-538
-539
-540
-540
-542
-542
-541
-541
-541
-541
-540
-539
-539
-538
-538
-537
-537
-537
-536
-535
-534
-533
-532
-530
-529
-528
-526
-524
-523
-521
-519
-518
-517
-516
-515
-514
-514
-515
-514
-515
-516
-517
-518
-519
-520
-520
-521
-522
-522
-522
-522
-522
-522
-523
-522
-522
-522
-522
-521
-520
-519
-518
-517
-515
-513
-511
-509
-507
-506
-503
-502
-501
-500
-499
-499
-498
-498
-498
-498
-497
-498
-498
-498
-498
-497
-497
-496
-495
-493
-492
-490
-487
-486
-483
-481
-479
-477
-475
-473
-472
-470
-468
-466
-465
-463
-461
-459
-457
-456
-454
-452
-451
-449
-447
-446
-444
-443
-441
-440
-438
-435
-432
-430
-426
-423
-418
-415
-411
-407
-403
-399
-395
-391
-387
-384
-381
-378
-374
-370
-367
-364
-361
-358
-356
-355
-354
-354
-354
-355
-357
-358
-360
-361
-363
-363
-364
-363
-362
-361
-359
-358
-356
-354
-350
-348
-345
-340
-336
-330
-324
-317
-310
-304
-297
-290
-284
-278
-273
-269
-265
-262
-259
-256
-254
-252
-250
-248
-245
-244
-242
-242
-241
-241
-241
-241
-242
-243
-245
-246
-247
-249
-250
-252
-253
-254
-255
-255
-256
-256
-256
-257
-257
-257
-258
-260
-262
-264
-267
-270
-273
-277
-280
-283
-285
-287
-289
-291
-292
-294
-294
-295
-296
-297
-298
-298
-298
-298
-298
-297
-297
-296
-294
-293
-291
-289
-286
-282
-278
-274
-269
-265
-260
-255
-251
-246
-242
-238
-234
-230
-227
-223
-220
-216
-213
-209
-206
-202
-199
-195
-191
-188
-184
-181
-177
-174
-171
-168
-165
-163
-161
-159
-157
-156
-155
-153
-152
-150
-149
-147
-145
-143
-140
-137
-135
-132
-129
-127
-124
-121
-119
-118
-117
-115
-114
-112
-112
-111
-110
-108
-107
-105
-103
-102
-100
-98
-96
-95
-93
-93
-91
-91
-90
-89
-89
-89
-89
-89
-89
-89
-90
-90
-91
-92
-93
-95
-96
-98
-100
-101
-103
-104
-105
-105
-106
-107
-107
-107
-108
-108
-109
-110
-111
-113
-115
-115
-117
-117
-118
-118
-118
-118
-119
-119
-120
-120
-121
-122
-125
-125
-127
-129
-130
-132
-134
-135
-137
-138
-140
-141
-142
-143
-145
-147
-148
-149
-150
-151
-153
-155
-157
-160
-162
-164
-166
-169
-172
-173
-176
-178
-181
-184
-187
-190
-193
-197
-201
-206
-210
-214
-218
-223
-227
-231
-236
-239
-243
-247
-250
-254
-257
-259
-262
-265
-267
-269
-272
-275
-277
-280
-283
-287
-291
-296
-301
-306
-311
-315
-321
-325
-329
-333
-336
-339
-341
-342
-343
-343
-343
-341
-338
-333
-326
-316
-302
-285
-262
-236
-205
-173
-140
-110
-84
-63
-48
-35
-18
14
74
182
353
602
929
1323
1760
2047
2047
2047
2047
2047
2047
2047
2047
2047
2047
2047
2047
2047
2047
2047
2047
2047
2047
2047
2047
2047
2047
2047
2047
2047
2047
2047
2047
2047
2047
2047
2047
2047
2047
2047
2047
2047
2047
2047
2047
2047
2047
2047
2047
2047
2047
1934
1530
1136
775
467
224
46
-76
-153
-202
-234
-259
-284
-310
-339
-371
-402
-432
-460
-483
-502
-516
-527
-535
-540
-543
-544
-543
-542
-541
-538
-535
-531
-526
-521
-516
-512
-506
-501
-496
-490
-486
-482
-478
-474
-471
-468
-466
-463
-462
-460
-459
-458
-458
-458
-457
-457
-458
-459
-459
-461
-462
-463
-465
-467
-468
-470
-471
-474
-476
-478
-480
-483
-485
-487
-488
-489
-489
-488
-486
-483
-480
-477
-474
-471
-469
-467
-466
-465
-466
-467
-469
-471
-473
-475
-477
-480
-483
-485
-488
-490
-493
-495
-498
-501
-504
-507
-509
-512
-515
-517
-519
-522
-524
-527
-530
-532
-535
-537
-540
-543
-545
-548
-550
-552
-554
-555
-556
-557
-557
-557
-557
-556
-556
-555
-554
-553
-552
-550
-549
-548
-547
-545
-544
-542
-540
-539
-538
-536
-534
-532
-531
-529
-526
-524
-522
-520
-518
-516
-514
-513
-511
-510
-509
-509
-509
-509
-510
-510
-511
-512
-512
-512
-513
-513
-513
-513
-513
-513
-513
-513
-513
-512
-512
-511
-510
-509
-508
-506
-505
-503
-501
-498
-496
-495
-492
-491
-490
-489
-488
-488
-488
-488
-488
-489
-489
-490
-491
-491
-492
-493
-493
-493
-493
-493
-492
-491
-489
-488
-486
-485
-483
-481
-480
-478
-477
-476
-474
-474
-473
-471
-470
-469
-467
-466
-464
-463
-462
-460
-458
-457
-456
-455
-453
-451
-450
-447
-445
-441
-439
-435
-431
-426
-422
-417
-412
-407
-403
-398
-394
-390
-386
-382
-377
-374
-370
-366
-362
-359
-357
-354
-351
-350
-350
-350
-349
-350
-350
-351
-351
-351
-351
-349
-347
-344
-342
-340
-337
-334
-330
-326
-323
-319
-315
-310
-305
-299
-293
-289
-283
-278
-273
-270
-268
-265
-263
-263
-262
-262
-262
-262
-262
-262
-262
-265
-263
-262
-263
-263
-264
-264
-265
-266
-267
-269
-270
-271
-272
-273
-275
-275
-276
-277
-276
-276
-276
-276
-275
-276
-274
-276
-277
-277
-279
-281
-284
-286
-288
-291
-292
-294
-296
-297
-297
-298
-298
-298
-299
-299
-299
-299
-299
-298
-297
-297
-297
-296
-294
-293
-291
-289
-286
-283
-279
-276
-271
-267
-262
-257
-252
-248
-244
-239
-236
-232
-228
-225
-220
-217
-213
-210
-206
-202
-198
-194
-190
-186
-182
-178
-174
-170
-166
-163
-159
-156
-154
-152
-150
-148
-147
-146
-145
-144
-143
-142
-141
-140
-138
-136
-135
-133
-131
-129
-127
-125
-124
-122
-122
-120
-120
-119
-118
-119
-117
-117
-115
-114
-112
-110
-109
-107
-105
-103
-101
-100
-98
-97
-95
-95
-94
-93
-92
-91
-90
-90
-90
-90
-90
-90
-91
-91
-91
-92
-94
-94
-95
-95
-96
-96
-97
-97
-97
-98
-97
-98
-99
-100
-101
-102
-104
-106
-107
-108
-110
-110
-110
-109
-110
-109
-110
-110
-110
-111
-111
-113
-115
-116
-118
-119
-121
-122
-125
-126
-128
-130
-133
-136
-139
-142
-144
-147
-151
-154
-158
-161
-165
-168
-172
-176
-180
-184
-188
-191
-194
-198
-202
-205
-208
-211
-215
-219
-223
-227
-231
-236
-240
-244
-248
-252
-256
-259
-263
-266
-269
-272
-275
-276
-279
-281
-283
-285
-287
-288
-290
-292
-294
-296
-299
-302
-306
-309
-314
-317
-321
-324
-327
-330
-333
-335
-337
-337
-337
-338
-337
-336
-333
-329
-323
-315
-304
-290
-270
-247
-219
-188
-155
-123
-94
-69
-50
-36
-23
-4
33
102
223
411
677
1020
1425
1866
2047
2047
2047
2047
2047
2047
2047
2047
2047
2047
2047
2047
2047
2047
2047
2047
2047
2047
2047
2047
2047
2047
2047
2047
2047
2047
2047
2047
2047
2047
2047
2047
2047
2047
2047
2047
2047
2047
2047
2047
2047
2047
2047
2047
2047
2047
1900
1497
1104
746
443
204
29
-88
-164
-211
-243
-267
-291
-318
-347
-378
-409
-439
-466
-488
-506
-520
-530
-537
-541
-543
-543
-543
-541
-539
-536
-532
-527
-523
-518
-513
-508
-502
-497
-492
-487
-482
-478
-474
-470
-467
-463
-460
-458
-455
-453
-451
-449
-448
-446
-445
-445
-445
-445
-446
-446
-447
-448
-450
-452
-454
-457
-459
-462
-466
-471
-475
-479
-483
-487
-491
-494
-495
-497
-497
-496
-495
-494
-493
-492
-491
-491
-491
-492
-493
-495
-497
-499
-501
-503
-505
-507
-510
-511
-513
-514
-515
-517
-518
-520
-522
-523
-525
-526
-528
-529
-531
-532
-533
-534
-536
-538
-540
-541
-543
-544
-546
-547
-548
-549
-550
-551
-551
-551
-550
-550
-549
-548
-546
-545
-543
-541
-540
-538
-536
-535
-533
-532
-530
-529
-528
-527
-525
-524
-523
-521
-520
-519
-517
-515
-514
-512
-510
-509
-508
-507
-506
-505
-505
-506
-506
-506
-507
-508
-510
-510
-511
-512
-513
-513
-514
-514
-515
-515
-515
-515
-515
-516
-516
-516
-515
-515
-514
-513
-512
-510
-509
-507
-505
-504
-502
-500
-499
-499
-498
-498
-497
-497
-497
-498
-498
-499
-499
-499
-500
-500
-500
-500
-500
-499
-498
-496
-495
-493
-491
-489
-487
-485
-483
-482
-480
-478
-477
-475
-474
-472
-471
-469
-467
-465
-462
-461
-460
-457
-455
-454
-452
-451
-449
-447
-445
-443
-440
-438
-435
-431
-426
-422
-418
-412
-407
-402
-397
-391
-387
-382
-377
-372
-367
-362
-357
-353
-349
-345
-342
-338
-336
-335
-335
-336
-336
-338
-340
-342
-344
-345
-347
-348
-348
-349
-348
-348
-347
-347
-346
-345
-344
-342
-339
-336
-332
-327
-323
-318
-313
-308
-304
-300
-297
-295
-292
-290
-289
-288
-287
-286
-285
-284
-282
-282
-280
-279
-278
-278
-277
-277
-277
-277
-277
-277
-277
-278
-277
-278
-278
-277
-277
-277
-276
-275
-274
-273
-271
-271
-270
-270
-271
-272
-273
-274
-276
-278
-281
-283
-284
-286
-287
-288
-289
-290
-291
-291
-292
-292
-293
-293
-294
-294
-294
-293
-293
-293
-292
-291
-288
-287
-284
-281
-277
-273
-269
-265
-260
-255
-250
-246
-241
-237
-233
-229
-225
-221
-218
-214
-211
-207
-204
-200
-197
-193
-190
-186
-183
-179
-176
-172
-169
-166
-164
-161
-159
-156
-155
-153
-152
-151
-150
-148
-147
-146
-144
-142
-141
-138
-136
-134
-131
-129
-127
-124
-123
-120
-119
-117
-116
-115
-113
-112
-112
-110
-108
-106
-104
-102
-100
-97
-95
-93
-90
-88
-87
-85
-83
-83
-82
-81
-81
-81
-80
-80
-80
-80
-81
-82
-83
-85
-86
-87
-89
-90
-90
-91
-91
-92
-93
-93
-93
-94
-93
-94
-95
-97
-98
-100
-101
-103
-106
-107
-109
-110
-111
-112
-114
-115
-116
-118
-119
-122
-126
-128
-131
-134
-136
-139
-143
-146
-149
-151
-154
-157
-160
-163
-166
-169
-172
-174
-177
-180
-183
-186
-189
-191
-194
-198
-201
-203
-206
-208
-211
-213
-215
-217
-219
-222
-225
-227
-230
-233
-236
-238
-242
-244
-247
-249
-252
-254
-256
-258
-260
-261
-262
-264
-265
-267
-268
-268
-270
-271
-272
-274
-277
-279
-282
-286
-290
-294
-299
-303
-308
-312
-316
-319
-323
-325
-327
-329
-330
-330
-330
-329
-327
-323
-317
-308
-297
-282
-262
-238
-209
-178
-145
-115
-87
-64
-47
-34
-20
2
46
126
262
467
752
1110
1525
1968
2047
2047
2047
2047
2047
2047
2047
2047
2047
2047
2047
2047
2047
2047
2047
2047
2047
2047
2047
2047
2047
2047
2047
2047
2047
2047
2047
2047
2047
2047
2047
2047
2047
2047
2047
2047
2047
2047
2047
2047
2047
2047
2047
2047
2047
2047
1817
1414
1027
679
389
164
3
-104
-171
-214
-243
-268
-293
-320
-350
-382
-414
-443
-470
-492
-509
-522
-532
-539
-544
-545
-544
-543
-541
-538
-535
-531
-525
-519
-514
-508
-502
-497
-491
-486
-480
-475
-471
-468
-464
-461
-459
-457
-455
-455
-454
-453
-453
-454
-455
-456
-457
-459
-461
-463
-466
-468
-471
-474
-476
-480
-483
-487
-491
-495
-499
-503
-507
-511
-513
-515
-517
-517
-517
-516
-514
-511
-507
-504
-502
-501
-499
-497
-497
-497
-498
-499
-500
-501
-502
-503
-504
-504
-505
-505
-506
-507
-507
-509
-509
-510
-511
-512
-513
-514
-514
-515
-516
-518
-519
-521
-522
-524
-526
-528
-530
-532
-533
-535
-537
-538
-539
-540
-540
-541
-541
-541
-541
-540
-539
-538
-538
-536
-536
-535
-535
-534
-534
-533
-532
-532
-531
-531
-530
-528
-527
-526
-524
-523
-521
-519
-518
-516
-515
-514
-513
-512
-511
-512
-512
-513
-514
-515
-516
-517
-519
-520
-521
-521
-521
-522
-522
-522
-522
-522
-524
-522
-521
-520
-520
-519
-518
-516
-515
-513
-511
-508
-506
-504
-502
-500
-498
-496
-494
-494
-493
-492
-492
-491
-491
-491
-491
-492
-492
-491
-492
-491
-491
-491
-489
-488
-486
-484
-482
-480
-479
-477
-475
-474
-472
-471
-470
-469
-469
-467
-466
-465
-464
-462
-460
-459
-457
-455
-453
-451
-450
-447
-445
-443
-441
-439
-437
-434
-430
-427
-423
-419
-415
-410
-406
-402
-398
-394
-391
-387
-384
-381
-379
-376
-374
-371
-368
-367
-364
-363
-363
-362
-362
-363
-365
-366
-368
-371
-373
-375
-376
-376
-376
-375
-374
-373
-371
-368
-366
-363
-360
-356
-353
-348
-343
-337
-331
-324
-318
-313
-306
-301
-296
-292
-288
-286
-283
-281
-279
-277
-276
-275
-273
-272
-270
-269
-268
-267
-266
-266
-266
-265
-266
-266
-267
-267
-268
-268
-270
-270
-270
-270
-270
-269
-269
-268
-268
-268
-268
-268
-269
-270
-272
-275
-278
-280
-283
-286
-288
-290
-292
-294
-295
-296
-297
-298
-298
-299
-299
-299
-299
-300
-299
-299
-299
-298
-296
-296
-294
-292
-289
-287
-283
-280
-276
-271
-266
-262
-256
-251
-247
-242
-238
-234
-229
-225
-221
-216
-212
-209
-204
-200
-196
-192
-187
-183
-180
-175
-171
-167
-163
-159
-156
-152
-149
-146
-144
-142
-140
-138
-137
-135
-134
-133
-131
-129
-127
-126
-124
-122
-119
-117
-115
-113
-111
-110
-108
-107
-106
-106
-106
-106
-106
-106
-106
-105
-104
-103
-102
-101
-99
-99
-96
-95
-93
-91
-90
-88
-88
-88
-87
-86
-85
-85
-85
-85
-86
-87
-87
-88
-90
-91
-92
-95
-96
-98
-100
-102
-103
-104
-105
-107
-108
-110
-111
-113
-115
-117
-120
-122
-125
-126
-128
-130
-131
-133
-133
-134
-134
-135
-136
-137
-139
-141
-142
-143
-146
-147
-149
-151
-153
-154
-156
-158
-159
-161
-163
-164
-166
-168
-170
-172
-173
-175
-177
-179
-181
-183
-185
-187
-189
-191
-193
-194
-196
-198
-200
-202
-204
-207
-209
-212
-215
-219
-222
-226
-229
-233
-236
-240
-242
-246
-249
-251
-254
-257
-259
-262
-265
-267
-269
-272
-273
-276
-279
-282
-285
-289
-292
-297
-301
-306
-311
-315
-319
-323
-326
-329
-331
-333
-334
-335
-335
-335
-333
-331
-326
-320
-311
-300
-284
-264
-239
-210
-179
-146
-114
-87
-63
-46
-33
-18
5
48
130
266
473
758
1118
1533
1977
2047
2047
2047
2047
2047
2047
2047
2047
2047
2047
2047
2047
2047
2047
2047
2047
2047
2047
2047
2047
2047
2047
2047
2047
2047
2047
2047
2047
2047
2047
2047
2047
2047
2047
2047
2047
2047
2047
2047
2047
2047
2047
2047
2047
2047
2047
1776
1371
986
642
358
140
-14
-116
-180
-221
-249
-273
-297
-324
-354
-385
-417
-446
-472
-493
-509
-522
-531
-538
-542
-543
-544
-544
-543
-541
-538
-535
-532
-527
-523
-519
-514
-510
-505
-501
-497
-493
-490
-487
-484
-481
-479
-477
-475
-474
-473
-472
-471
-471
-470
-470
-470
-471
-471
-471
-472
-473
-474
-475
-476
-478
-480
-482
-484
-487
-490
-493
-496
-498
-500
-501
-501
-500
-499
-496
-492
-490
-487
-483
-480
-478
-476
-475
-474
-474
-475
-476
-478
-479
-480
-482
-483
-484
-485
-487
-489
-490
-492
-494
-496
-498
-500
-502
-504
-506
-508
-511
-513
-515
-518
-521
-523
-526
-529
-532
-535
-537
-540
-542
-545
-546
-547
-549
-549
-549
-550
-550
-549
-548
-547
-547
-545
-545
-543
-542
-541
-540
-540
-538
-537
-537
-535
-534
-533
-531
-530
-527
-525
-523
-521
-519
-516
-514
-511
-510
-508
-507
-505
-505
-505
-504
-506
-506
-507
-507
-508
-508
-508
-509
-509
-509
-509
-509
-509
-509
-509
-509
-508
-508
-508
-508
-507
-506
-504
-503
-502
-499
-498
-496
-494
-493
-491
-491
-490
-490
-490
-490
-491
-492
-493
-493
-495
-496
-497
-499
-499
-500
-501
-500
-500
-499
-497
-495
-494
-492
-489
-487
-484
-483
-481
-480
-478
-476
-474
-473
-471
-469
-468
-466
-464
-462
-461
-460
-459
-458
-457
-457
-456
-455
-455
-453
-452
-450
-448
-445
-442
-438
-434
-431
-427
-423
-418
-414
-410
-406
-402
-398
-395
-390
-386
-382
-378
-374
-371
-368
-365
-363
-362
-361
-362
-362
-363
-363
-364
-364
-364
-363
-362
-361
-360
-358
-355
-352
-349
-346
-343
-340
-336
-331
-326
-321
-315
-309
-303
-298
-292
-288
-283
-281
-278
-275
-274
-273
-271
-271
-270
-269
-269
-268
-267
-268
-268
-267
-267
-268
-268
-269
-270
-271
-272
-274
-274
-275
-277
-278
-278
-278
-278
-278
-278
-277
-277
-276
-276
-276
-277
-277
-279
-280
-282
-284
-286
-288
-290
-291
-292
-293
-294
-294
-294
-295
-294
-294
-294
-294
-293
-293
-291
-291
-290
-288
-287
-285
-283
-281
-277
-274
-270
-266
-262
-257
-251
-246
-241
-236
-231
-226
-222
-217
-213
-209
-205
-201
-197
-193
-189
-185
-181
-177
-174
-170
-166
-163
-159
-155
-152
-149
-146
-143
-141
-139
-137
-136
-135
-135
-135
-135
-135
-135
-134
-134
-133
-132
-132
-131
-130
-128
-127
-125
-123
-120
-119
-118
-117
-116
-115
-115
-114
-113
-112
-112
-110
-109
-107
-106
-104
-102
-101
-100
-99
-98
-98
-98
-97
-97
-96
-97
-97
-98
-99
-99
-100
-101
-102
-104
-106
-107
-109
-111
-112
-114
-115
-116
-117
-117
-117
-118
-118
-118
-119
-119
-121
-122
-123
-124
-125
-126
-126
-127
-127
-127
-127
-126
-126
-126
-126
-128
-128
-128
-130
-131
-132
-133
-134
-135
-136
-137
-138
-140
-141
-143
-144
-146
-148
-150
-152
-154
-156
-159
-162
-165
-168
-171
-174
-178
-181
-185
-187
-190
-194
-197
-201
-203
-207
-211
-215
-219
-223
-227
-232
-235
-239
-243
-247
-251
-254
-257
-260
-262
-265
-267
-270
-271
-273
-275
-277
-278
-280
-281
-283
-285
-287
-290
-293
-297
-301
-305
-309
-312
-316
-319
-322
-324
-326
-328
-328
-328
-328
-327
-325
-322
-317
-310
-301
-288
-272
-252
-226
-197
-165
-133
-101
-74
-53
-35
-22
-8
17
64
150
294
509
804
1172
1593
2038
2047
2047
2047
2047
2047
2047
2047
2047
2047
2047
2047
2047
2047
2047
2047
2047
2047
2047
2047
2047
2047
2047
2047
2047
2047
2047
2047
2047
2047
2047
2047
2047
2047
2047
2047
2047
2047
2047
2047
2047
2047
2047
2047
2047
2047
2047
1696
1294
915
581
308
103
-41
-135
-195
-233
-260
-284
-309
-338
-369
-402
-433
-462
-487
-507
-523
-536
-544
-550
-553
-554
-555
-554
-551
-549
-545
-541
-536
-531
-525
-520
-514
-508
-502
-496
-491
-485
-481
-476
-473
-469
-466
-463
-461
-459
-458
-455
-455
-454
-453
-453
-453
-453
-453
-453
-454
-455
-456
-457
-459
-461
-463
-466
-469
-472
-476
-480
-483
-486
-488
-491
-491
-492
-491
-490
-489
-486
-483
-482
-480
-479
-479
-479
-480
-482
-484
-486
-488
-490
-493
-495
-497
-499
-501
-502
-504
-506
-508
-510
-511
-513
-515
-516
-518
-520
-521
-523
-524
-525
-527
-529
-531
-533
-535
-537
-539
-541
-542
-544
-545
-545
-547
-547
-547
-547
-546
-545
-544
-543
-542
-540
-538
-537
-535
-534
-532
-531
-530
-529
-528
-526
-525
-523
-521
-520
-518
-516
-514
-511
-510
-508
-506
-504
-502
-501
-500
-499
-499
-500
-500
-501
-502
-504
-505
-506
-508
-509
-510
-511
-512
-512
-513
-514
-514
-515
-516
-517
-518
-518
-519
-519
-519
-519
-519
-518
-517
-516
-515
-513
-512
-510
-508
-507
-506
-506
-505
-505
-504
-503
-503
-503
-504
-504
-504
-503
-503
-503
-503
-502
-500
-499
-496
-495
-493
-491
-489
-487
-486
-485
-484
-483
-482
-481
-480
-479
-479
-477
-476
-475
-473
-471
-470
-468
-466
-465
-463
-461
-460
-458
-455
-453
-450
-447
-443
-439
-434
-426
-424
-419
-414
-409
-403
-398
-394
-388
-384
-379
-375
-370
-366
-362
-358
-354
-351
-348
-346
-345
-344
-344
-345
-346
-347
-349
-351
-352
-353
-353
-353
-352
-351
-350
-349
-347
-346
-344
-341
-339
-335
-332
-328
-323
-318
-312
-307
-302
-298
-293
-290
-287
-285
-283
-281
-280
-279
-278
-277
-277
-275
-274
-273
-272
-272
-271
-270
-270
-270
-270
-270
-271
-271
-271
-272
-272
-272
-272
-272
-272
-271
-270
-269
-268
-267
-266
-265
-265
-265
-265
-266
-267
-269
-271
-273
-274
-275
-277
-278
-279
-279
-280
-280
-280
-280
-280
-280
-280
-280
-280
-279
-279
-278
-277
-276
-275
-273
-271
-269
-266
-263
-260
-256
-252
-247
-243
-239
-235
-231
-227
-223
-220
-216
-213
-209
-206
-204
-201
-198
-195
-193
-190
-187
-185
-182
-180
-178
-175
-173
-170
-168
-165
-163
-160
-159
-157
-155
-154
-153
-151
-150
-148
-147
-145
-144
-142
-139
-138
-135
-133
-131
-129
-127
-126
-124
-124
-123
-122
-122
-123
-122
-121
-120
-120
-118
-117
-115
-113
-112
-110
-108
-107
-105
-104
-102
-102
-101
-100
-99
-99
-98
-98
-97
-98
-97
-98
-98
-98
-99
-100
-101
-102
-103
-103
-104
-104
-105
-105
-104
-104
-103
-104
-104
-104
-105
-106
-107
-108
-109
-110
-110
-112
-112
-112
-113
-113
-114
-114
-116
-117
-119
-121
-123
-126
-127
-130
-133
-135
-137
-139
-142
-145
-147
-150
-153
-155
-158
-161
-165
-167
-170
-173
-176
-179
-182
-185
-188
-191
-193
-196
-198
-200
-202
-205
-207
-209
-211
-214
-216
-219
-222
-225
-227
-230
-232
-236
-238
-240
-243
-245
-247
-249
-251
-252
-254
-255
-256
-258
-259
-261
-262
-264
-265
-268
-270
-273
-277
-281
-285
-289
-294
-298
-302
-306
-309
-312
-315
-317
-319
-320
-321
-321
-320
-317
-313
-307
-299
-287
-271
-251
-227
-198
-166
-134
-104
-79
-58
-42
-30
-15
11
61
154
306
532
838
1215
1641
2047
2047
2047
2047
2047
2047
2047
2047
2047
2047
2047
2047
2047
2047
2047
2047
2047
2047
2047
2047
2047
2047
2047
2047
2047
2047
2047
2047
2047
2047
2047
2047
2047
2047
2047
2047
2047
2047
2047
2047
2047
2047
2047
2047
2047
2047
1997
1592
1192
823
504
249
60
-69
-153
-204
-238
-264
-287
-312
-341
-372
-403
-433
-460
-483
-503
-516
-527
-534
-538
-541
-542
-541
-540
-537
-534
-530
-526
-521
-516
-510
-505
-499
-493
-487
-482
-477
-473
-468
-465
-461
-458
-455
-453
-451
-450
-449
-448
-448
-448
-448
-448
-449
-451
-452
-453
-454
-457
-459
-461
-463
-467
-470
-474
-477
-481
-485
-489
-493
-497
-500
-502
-503
-503
-503
-501
-499
-496
-494
-492
-489
-487
-487
-486
-486
-486
-487
-488
-489
-491
-492
-494
-494
-495
-496
-497
-497
-499
-500
-501
-503
-504
-505
-506
-508
-509
-510
-511
-513
-515
-516
-517
-519
-521
-523
-525
-527
-529
-531
-533
-534
-535
-536
-537
-538
-537
-537
-537
-537
-536
-535
-535
-534
-533
-532
-531
-531
-530
-530
-530
-529
-528
-528
-527
-526
-526
-525
-524
-522
-521
-520
-519
-518
-516
-516
-515
-515
-516
-515
-517
-518
-519
-521
-523
-525
-526
-528
-530
-530
-530
-531
-531
-530
-530
-530
-529
-529
-527
-526
-524
-524
-523
-521
-519
-516
-513
-512
-509
-506
-504
-501
-499
-498
-497
-496
-495
-494
-494
-495
-496
-496
-497
-498
-499
-500
-501
-501
-502
-501
-500
-500
-498
-496
-494
-492
-490
-488
-486
-484
-482
-480
-478
-476
-475
-473
-471
-469
-467
-465
-463
-461
-459
-456
-454
-452
-450
-448
-447
-445
-443
-441
-438
-436
-433
-429
-426
-421
-417
-413
-408
-404
-399
-395
-391
-387
-384
-380
-377
-373
-370
-366
-363
-360
-357
-354
-352
-351
-350
-350
-351
-352
-353
-355
-357
-359
-361
-361
-361
-362
-361
-359
-358
-356
-354
-351
-349
-346
-343
-338
-334
-329
-323
-317
-311
-304
-298
-293
-287
-283
-279
-275
-272
-270
-268
-266
-264
-263
-261
-259
-259
-257
-256
-255
-254
-253
-252
-252
-252
-252
-252
-253
-253
-253
-254
-254
-254
-255
-254
-254
-254
-253
-252
-252
-252
-252
-253
-254
-255
-257
-260
-263
-266
-268
