2047
2047
2047
2047
2047
2047
2047
2047
2047
2047
2047
2047
2047
2047
2047
2047
2047
2047
2047
2047
2047
2047
2047
2047
2047
2047
2047
2047
2047
2047
2047
2047
2047
2047
2047
1987
1581
1182
812
494
239
52
-76
-159
-210
-243
-269
-293
-320
-348
-380
-412
-442
-470
-493
-512
-527
-537
-545
-549
-552
-553
-553
-551
-549
-546
-542
-538
-533
-527
-522
-516
-511
-505
-499
-494
-490
-485
-481
-477
-474
-471
-468
-467
-465
-463
-461
-460
-460
-460
-459
-459
-459
-459
-461
-461
-462
-463
-465
-467
-468
-471
-473
-476
-479
-483
-486
-489
-492
-495
-496
-498
-498
-498
-497
-495
-492
-489
-487
-485
-484
-483
-483
-484
-485
-485
-487
-488
-489
-490
-491
-492
-493
-494
-495
-495
-496
-497
-498
-500
-501
-502
-503
-505
-506
-507
-509
-511
-512
-514
-517
-519
-521
-524
-527
-530
-533
-536
-538
-540
-542
-544
-546
-547
-548
-548
-548
-547
-547
-547
-546
-545
-544
-543
-542
-541
-541
-540
-539
-538
-538
-536
-535
-534
-532
-530
-529
-526
-523
-521
-518
-515
-512
-510
-508
-506
-504
-504
-503
-503
-503
-504
-504
-505
-505
-506
-506
-507
-506
-506
-506
-506
-506
-506
-505
-505
-504
-504
-504
-504
-503
-502
-501
-500
-498
-497
-495
-494
-492
-491
-490
-489
-489
-488
-488
-489
-489
-490
-491
-491
-492
-493
-494
-495
-496
-497
-498
-497
-497
-496
-495
-494
-492
-491
-489
-488
-486
-485
-484
-483
-481
-481
-480
-479
-477
-476
-475
-473
-472
-471
-470
-469
-467
-466
-465
-464
-462
-461
-459
-458
-455
-453
-449
-446
-442
-438
-433
-428
-423
-419
-414
-409
-405
-401
-396
-392
-388
-383
-379
-376
-371
-367
-364
-361
-359
-356
-355
-355
-355
-356
-357
-359
-360
-361
-362
-362
-362
-361
-360
-358
-357
-355
-353
-351
-348
-345
-342
-338
-335
-330
-324
-319
-314
-308
-303
-298
-293
-289
-286
-283
-280
-278
-276
-274
-272
-271
-270
-268
-266
-264
-263
-262
-262
-261
-260
-260
-260
-260
-261
-262
-263
-263
-265
-265
-267
-267
-268
-268
-268
-268
-268
-268
-268
-268
-269
-270
-272
-274
-276
-279
-281
-283
-285
-287
-289
-290
-291
-291
-292
-292
-292
-292
-292
-292
-292
-291
-290
-289
-288
-286
-285
-283
-281
-278
-275
-271
-267
-262
-257
-251
-246
-240
-234
-229
-224
-219
-214
-209
-205
-201
-197
-192
-189
-185
-182
-179
-175
-172
-168
-165
-162
-159
-156
-153
-150
-148
-146
-143
-142
-141
-140
-139
-139
-139
-138
-138
-137
-137
-137
-136
-135
-134
-132
-131
-129
-127
-125
-124
-122
-121
-120
-119
-119
-118
-118
-117
-117
-116
-115
-115
-113
-111
-109
-108
-106
-104
-103
-102
-101
-100
-99
-99
-98
-98
-98
-97
-98
-98
-97
-97
-98
-98
-99
-101
-102
-103
-104
-106
-107
-108
-109
-110
-110
-111
-111
-111
-111
-111
-112
-113
-114
-115
-117
-118
-119
-120
-121
-122
-122
-122
-122
-122
-122
-123
-124
-125
-126
-127
-130
-132
-134
-135
-137
-139
-141
-143
-146
-149
-150
-153
-155
-158
-160
-162
-163
-165
-167
-170
-173
-175
-177
-179
-182
-185
-188
-190
-192
-194
-197
-199
-202
-205
-208
-211
-215
-218
-222
-226
-229
-233
-237
-241
-245
-249
-252
-255
-258
-261
-264
-267
-269
-272
-274
-276
-277
-280
-282
-284
-286
-289
-292
-296
-300
-304
-308
-312
-316
-320
-323
-325
-327
-329
-331
-331
-332
-331
-329
-327
-324
-318
-311
-301
-287
-270
-248
-222
-191
-158
-125
-94
-68
-47
-32
-18
-1
29
87
190
356
599
920
1310
1744
2047
2047
2047
2047
2047
2047
2047
2047
2047
2047
2047
2047
2047
2047
2047
2047
2047
2047
2047
2047
2047
2047
2047
2047
2047
2047
2047
2047
2047
2047
2047
2047
2047
2047
2047
2047
2047
2047
2047
2047
2047
2047
2047
2047
2047
2047
1821
1415
1025
673
379
151
-12
-121
-188
-231
-259
-283
-307
-333
-363
-394
-425
-453
-478
-499
-516
-528
-537
-543
-546
-547
-547
-546
-544
-541
-537
-533
-528
-523
-517
-511
-506
-500
-494
-489
-484
-479
-474
-471
-467
-464
-461
-460
-458
-456
-455
-453
-453
-453
-452
-452
-453
-454
-455
-457
-458
-460
-462
-464
-467
-470
-474
-477
-481
-485
-489
-492
-495
-498
-500
-502
-502
-502
-500
-498
-494
-492
-488
-486
-482
-481
-479
-478
-478
-478
-479
-480
-482
-483
-485
-487
-488
-489
-491
-493
-495
-497
-499
-501
-503
-505
-508
-510
-512
-514
-515
-518
-520
-521
-523
-526
-528
-531
-533
-535
-537
-539
-541
-542
-544
-545
-545
-546
-545
-544
-544
-543
-542
-540
-539
-537
-535
-534
-533
-531
-530
-529
-527
-526
-525
-524
-522
-521
-519
-517
-515
-513
-511
-509
-507
-505
-503
-501
-499
-498
-498
-497
-497
-498
-499
-501
-502
-503
-505
-507
-508
-509
-511
-512
-513
-514
-515
-516
-516
-518
-518
-519
-519
-519
-520
-519
-520
-519
-517
-516
-514
-513
-511
-509
-507
-507
-506
-505
-504
-504
-504
-504
-504
-505
-505
-505
-506
-506
-506
-507
-510
-507
-506
-505
-504
-503
-501
-499
-497
-494
-492
-490
-488
-486
-484
-483
-481
-479
-477
-475
-473
-470
-469
-467
-464
-463
-461
-459
-457
-456
-454
-452
-451
-448
-446
-443
-441
-438
-434
-430
-426
-421
-417
-413
-409
-407
-400
-395
-392
-389
-384
-381
-376
-373
-370
-367
-364
-361
-359
-358
-357
-357
-358
-359
-361
-362
-364
-366
-367
-367
-367
-366
-365
-363
-361
-358
-355
-351
-348
-344
-341
-337
-331
-325
-319
-313
-307
-301
-294
-288
-283
-280
-276
-273
-271
-269
-268
-267
-267
-266
-266
-266
-265
-265
-265
-265
-265
-265
-265
-266
-266
-266
-268
-267
-268
-268
-268
-269
-269
-269
-268
-267
-267
-266
-265
-263
-262
-262
-262
-262
-262
-263
-264
-266
-267
-270
-271
-272
-274
-275
-275
-276
-276
-276
-276
-276
-277
-276
-276
-276
-275
-274
-275
-274
-273
-272
-271
-269
-268
-266
-263
-260
-257
-253
-249
-245
-241
-237
-233
-230
-226
-223
-221
-218
-215
-212
-209
-206
-204
-201
-198
-195
-192
-189
-186
-183
-180
-176
-173
-170
-167
-164
-162
-159
-157
-156
-154
-153
-151
-150
-149
-148
-146
-145
-143
-141
-139
-137
-135
-132
-130
-128
-126
-124
-123
-122
-120
-120
-119
-118
-117
-116
-115
-114
-112
-110
-108
-106
-104
-102
-100
-98
-96
-95
-94
-93
-92
-92
-92
-91
-91
-91
-90
-90
-90
-91
-92
-93
-94
-95
-97
-99
-101
-102
-103
-104
-104
-106
-106
-105
-106
-108
-108
-110
-112
-114
-116
-117
-119
-120
-123
-124
-125
-126
-127
-127
-127
-127
-129
-128
-130
-131
-133
-134
-135
-136
-137
-139
-140
-142
-143
-144
-145
-148
-150
-151
-153
-155
-157
-159
-162
-164
-166
-169
-172
-175
-178
-181
-184
-187
-189
-192
-195
-198
-200
-203
-206
-209
-212
-216
-219
-223
-226
-230
-233
-236
-239
-242
-245
-248
-251
-253
-255
-257
-259
-261
-263
-264
-266
-267
-269
-271
-274
-276
-278
-282
-286
-289
-294
-298
-302
-307
-310
-314
-317
-319
-321
-322
-323
-324
-323
-323
-321
-317
-312
-305
-295
-281
-262
-239
-213
-182
-150
-119
-90
-67
-50
-37
-25
-6
31
100
224
415
685
1032
1441
1883
2047
2047
2047
2047
2047
2047
2047
2047
2047
2047
2047
2047
2047
2047
2047
2047
2047
2047
2047
2047
2047
2047
2047
2047
2047
2047
2047
2047
2047
2047
2047
2047
2047
2047
2047
2047
2047
2047
2047
2047
2047
2047
2047
2047
2047
2047
1658
1256
880
552
286
88
-50
-139
-194
-229
-255
-279
-304
-332
-363
-395
-425
-453
-476
-496
-511
-522
-530
-534
-537
-538
-538
-537
-535
-532
-528
-524
-520
-515
-510
-505
-500
-495
-490
-485
-482
-477
-474
-472
-469
-466
-465
-464
-462
-461
-460
-459
-458
-457
-457
-457
-457
-457
-456
-457
-458
-459
-461
-462
-463
-465
-467
-471
-474
-477
-480
-484
-487
-490
-493
-494
-495
-495
-494
-494
-491
-489
-487
-485
-484
-483
-483
-483
-484
-485
-486
-489
-490
-491
-493
-494
-495
-496
-497
-499
-500
-501
-502
-503
-504
-505
-506
-507
-508
-509
-510
-511
-512
-513
-515
-517
-519
-520
-522
-524
-526
-528
-530
-531
-532
-533
-533
-534
-534
-534
-533
-533
-533
-531
-530
-530
-529
-529
-527
-527
-528
-527
-527
-527
-526
-526
-526
-526
-525
-524
-523
-523
-522
-521
-520
-519
-518
-517
-517
-517
-516
-517
-517
-518
-519
-521
-522
-523
-524
-526
-527
-528
-528
-529
-530
-529
-530
-530
-530
-530
-529
-530
-529
-528
-528
-526
-525
-523
-521
-519
-517
-514
-512
-510
-507
-506
-504
-502
-501
-501
-499
-499
-499
-499
-498
-498
-497
-498
-497
-496
-496
-495
-494
-492
-491
-489
-486
-484
-482
-480
-478
-476
-474
-473
-471
-470
-468
-467
-465
-464
-462
-461
-460
-458
-457
-456
-454
-453
-452
-451
-450
-448
-447
-445
-445
-443
-441
-438
-435
-431
-428
-425
-421
-417
-413
-410
-406
-402
-398
-394
-390
-386
-382
-378
-373
-368
-364
-360
-357
-354
-353
-352
-351
-351
-351
-352
-353
-354
-354
-353
-353
-352
-351
-350
-347
-345
-343
-341
-339
-336
-333
-329
-325
-321
-316
-310
-305
-299
-294
-290
-285
-280
-277
-274
-271
-270
-267
-266
-264
-263
-261
-260
-259
-257
-256
-255
-254
-253
-252
-251
-251
-251
-251
-251
-251
-252
-252
-252
-252
-252
-252
-251
-251
-250
-250
-249
-249
-249
-250
-251
-252
-255
-257
-260
-262
-265
-267
-270
-273
-275
-277
-278
-280
-281
-282
-284
-285
-286
-286
-288
-289
-288
-289
-290
-290
-289
-289
-287
-286
-284
-281
-278
-275
-271
-266
-262
-258
-253
-249
-245
-240
-236
-232
-228
-225
-221
-217
-213
-209
-206
-202
-198
-194
-190
-186
-182
-179
-175
-171
-167
-164
-161
-158
-156
-154
-152
-150
-149
-148
-147
-146
-144
-142
-140
-139
-137
-134
-132
-130
-128
-126
-124
-122
-120
-118
-117
-117
-116
-115
-115
-114
-114
-113
-111
-109
-107
-106
-104
-102
-101
-99
-98
-97
-96
-95
-95
-94
-93
-93
-93
-93
-94
-94
-94
-95
-97
-97
-99
-100
-102
-104
-106
-107
-109
-110
-111
-111
-111
-111
-110
-111
-111
-111
-111
-112
-113
-114
-116
-116
-117
-118
-118
-119
-118
-118
-118
-118
-118
-119
-120
-121
-123
-124
-126
-128
-130
-131
-133
-134
-136
-139
-141
-144
-145
-147
-150
-152
-155
-156
-158
-160
-163
-166
-169
-171
-173
-176
-179
-182
-184
-186
-188
-190
-193
-196
-198
-200
-204
-207
-210
-214
-217
-220
-223
-227
-230
-233
-237
-239
-242
-245
-247
-249
-252
-254
-256
-258
-260
-262
-264
-266
-269
-272
-275
-279
-283
-288
-292
-298
-303
-308
-313
-318
-322
-326
-328
-332
-334
-336
-337
-338
-337
-336
-333
-327
-319
-309
-293
-274
-250
-223
-191
-159
-128
-100
-79
-62
-49
-35
-12
32
116
256
469
761
1128
1550
1997
2047
2047
2047
2047
2047
2047
2047
2047
2047
2047
2047
2047
2047
2047
2047
2047
2047
2047
2047
2047
2047
2047
2047
2047
2047
2047
2047
2047
2047
2047
2047
2047
2047
2047
2047
2047
2047
2047
2047
2047
2047
2047
2047
2047
2047
1992
1586
1188
819
502
248
61
-68
-150
-201
-235
-260
-284
-310
-339
-371
-403
-434
-462
-486
-506
-520
-532
-539
-545
-548
-550
-550
-549
-547
-544
-540
-535
-530
-525
-519
-513
-507
-501
-494
-488
-483
-478
-473
-469
-465
-462
-459
-457
-455
-453
-451
-450
-449
-448
-448
-448
-449
-450
-451
-453
-454
-456
-457
-460
-463
-466
-469
-473
-477
-481
-485
-488
-491
-495
-498
-499
-500
-499
-498
-496
-494
-491
-489
-486
-484
-482
-481
-480
-480
-481
-482
-483
-484
-485
-487
-488
-489
-489
-490
-492
-493
-494
-495
-497
-498
-500
-502
-503
-504
-505
-507
-509
-511
-513
-514
-517
-520
-522
-525
-528
-530
-533
-535
-538
-539
-541
-543
-543
-544
-545
-545
-546
-545
-545
-545
-545
-545
-545
-544
-544
-544
-544
-544
-544
-543
-543
-542
-541
-539
-538
-537
-534
-533
-531
-529
-527
-525
-523
-522
-521
-519
-519
-518
-518
-519
-519
-520
-521
-521
-522
-522
-522
-522
-522
-522
-521
-520
-519
-519
-519
-518
-517
-515
-514
-513
-512
-510
-508
-505
-503
-501
-499
-496
-494
-492
-491
-490
-489
-488
-488
-488
-488
-488
-489
-489
-490
-491
-492
-492
-492
-493
-493
-492
-492
-491
-490
-489
-487
-486
-484
-483
-482
-480
-480
-479
-478
-478
-477
-476
-475
-475
-474
-473
-472
-471
-470
-468
-466
-465
-463
-461
-459
-457
-454
-451
-447
-443
-438
-433
-428
-423
-418
-412
-406
-401
-395
-390
-385
-380
-375
-371
-366
-361
-357
-354
-350
-347
-347
-342
-341
-340
-340
-341
-343
-345
-347
-349
-351
-351
-352
-352
-351
-351
-349
-347
-345
-343
-341
-338
-334
-331
-326
-321
-316
-310
-303
-298
-291
-285
-280
-275
-271
-268
-265
-262
-261
-259
-258
-257
-256
-255
-254
-253
-253
-252
-252
-252
-252
-252
-253
-254
-254
-255
-256
-258
-259
-261
-261
-262
-263
-263
-263
-263
-263
-263
-263
-263
-265
-266
-267
-269
-272
-274
-277
-281
-283
-285
-288
-291
-292
-294
-295
-297
-297
-298
-298
-299
-299
-299
-299
-299
-298
-298
-297
-296
-294
-292
-290
-287
-284
-280
-276
-271
-266
-261
-256
-251
-246
-241
-236
-232
-228
-224
-220
-216
-212
-208
-205
-201
-197
-193
-189
-185
-182
-178
-174
-170
-166
-163
-160
-157
-154
-151
-150
-147
-146
-145
-144
-144
-142
-142
-141
-139
-138
-137
-135
-134
-132
-131
-128
-127
-125
-124
-123
-121
-121
-120
-120
-119
-119
-119
-118
-117
-117
-116
-115
-113
-112
-110
-109
-107
-106
-106
-104
-103
-102
-101
-100
-98
-97
-96
-95
-94
-94
-94
-93
-93
-93
-94
-95
-96
-96
-97
-97
-98
-98
-98
-98
-97
-97
-98
-98
-98
-99
-100
-102
-104
-106
-107
-109
-110
-111
-112
-113
-113
-114
-115
-115
-117
-118
-120
-121
-123
-125
-127
-129
-131
-132
-134
-136
-138
-140
-142
-144
-146
-148
-151
-153
-155
-158
-160
-162
-165
-168
-171
-174
-177
-180
-182
-185
-187
-190
-193
-195
-198
-201
-204
-208
-211
-214
-218
-222
-226
-230
-234
-238
-242
-246
-250
-254
-256
-260
-263
-266
-269
-272
-275
-277
-280
-283
-286
-289
-292
-296
-299
-304
-308
-314
-318
-323
-328
-333
-336
-340
-343
-345
-346
-348
-348
-348
-347
-345
-341
-337
-329
-319
-306
-287
-266
-238
-208
-175
-142
-111
-84
-63
-47
-34
-17
13
73
178
348
594
920
1313
1751
2047
2047
2047
2047
2047
2047
2047
2047
2047
2047
2047
2047
2047
2047
2047
2047
2047
2047
2047
2047
2047
2047
2047
2047
2047
2047
2047
2047
2047
2047
2047
2047
2047
2047
2047
2047
2047
2047
2047
2047
2047
2047
2047
2047
2047
2047
1834
1430
1040
687
391
160
-4
-115
-185
-228
-257
-281
-304
-331
-359
-390
-420
-449
-474
-494
-511
-523
-532
-538
-541
-542
-542
-540
-538
-535
-531
-526
-525
-516
-511
-506
-500
-494
-489
-483
-479
-474
-470
-466
-463
-460
-458
-456
-454
-454
-452
-451
-450
-450
-450
-450
-450
-451
-451
-452
-454
-456
-457
-459
-461
-463
-466
-469
-473
-476
-480
-484
-487
-491
-494
-495
-497
-497
-497
-496
-494
-491
-489
-487
-485
-483
-483
-483
-482
-483
-485
-487
-489
-490
-492
-494
-496
-498
-499
-501
-503
-505
-506
-509
-511
-513
-515
-517
-519
-521
-523
-525
-526
-529
-531
-533
-536
-539
-541
-543
-545
-547
-549
-551
-553
-554
-554
-555
-555
-555
-554
-553
-552
-551
-549
-549
-546
-545
-543
-542
-541
-540
-539
-537
-535
-534
-533
-531
-529
-527
-525
-522
-520
-519
-516
-514
-512
-509
-507
-506
-505
-504
-504
-503
-504
-504
-505
-506
-506
-507
-508
-509
-509
-510
-510
-511
-511
-511
-512
-512
-512
-512
-512
-512
-512
-512
-512
-510
-509
-508
-507
-505
-503
-502
-501
-500
-499
-498
-498
-498
-498
-498
-499
-499
-500
-501
-502
-504
-504
-505
-505
-506
-506
-506
-504
-503
-502
-500
-497
-495
-493
-490
-487
-485
-483
-480
-478
-475
-473
-470
-468
-465
-463
-460
-457
-455
-451
-450
-447
-445
-442
-440
-438
-436
-434
-431
-428
-425
-422
-418
-415
-411
-407
-403
-399
-396
-392
-388
-384
-380
-376
-373
-369
-365
-361
-357
-354
-351
-348
-346
-344
-343
-343
-343
-344
-346
-346
-348
-349
-349
-349
-349
-347
-346
-345
-343
-340
-339
-336
-333
-330
-327
-323
-318
-314
-308
-303
-298
-293
-288
-284
-280
-277
-275
-273
-271
-270
-269
-269
-268
-268
-267
-267
-266
-266
-266
-266
-266
-266
-266
-267
-268
-269
-270
-271
-272
-273
-274
-274
-275
-275
-276
-275
-275
-275
-274
-273
-273
-273
-274
-275
-276
-278
-280
-282
-283
-285
-287
-289
-289
-290
-290
-291
-291
-291
-291
-291
-291
-290
-290
-290
-289
-287
-287
-286
-285
-283
-281
-279
-276
-272
-269
-264
-260
-255
-250
-245
-241
-236
-231
-227
-223
-219
-216
-212
-209
-205
-202
-199
-195
-192
-189
-186
-182
-180
-176
-173
-170
-167
-164
-162
-159
-157
-156
-155
-154
-153
-152
-151
-151
-151
-150
-149
-149
-148
-147
-146
-144
-143
-141
-139
-138
-136
-135
-134
-132
-130
-129
-126
-124
-122
-121
-119
-117
-114
-111
-107
-105
-102
-100
-97
-94
-91
-89
-87
-86
-83
-82
-81
-80
-79
-78
-78
-78
-77
-78
-79
-80
-81
-82
-83
-85
-87
-89
-90
-91
-92
-93
-94
-95
-95
-96
-97
-98
-100
-101
-104
-106
-107
-109
-111
-113
-114
-115
-116
-116
-117
-118
-120
-121
-123
-125
-127
-129
-131
-133
-135
-137
-139
-141
-143
-146
-147
-150
-152
-154
-157
-159
-162
-163
-166
-169
-172
-176
-179
-181
-185
-188
-192
-195
-198
-201
-204
-207
-210
-213
-216
-220
-224
-227
-231
-235
-239
-243
-247
-250
-254
-258
-261
-264
-266
-269
-271
-274
-276
-278
-279
-280
-282
-283
-285
-287
-289
-290
-293
-297
-300
-303
-307
-311
-315
-319
-322
-325
-327
-329
-331
-332
-332
-332
-331
-330
-327
-324
-318
-309
-298
-283
-263
-240
-212
-180
-147
-115
-86
-62
-44
-30
-17
3
41
113
237
431
702
1050
1459
1901
2047
2047
2047
2047
2047
2047
2047
2047
2047
2047
2047
2047
2047
2047
2047
2047
2047
2047
2047
2047
2047
2047
2047
2047
2047
2047
2047
2047
2047
2047
2047
2047
2047
2047
2047
2047
2047
2047
2047
2047
2047
2047
2047
2047
2047
2047
1750
1347
964
625
346
134
-17
-116
-178
-217
-244
-267
-292
-319
-350
-382
-413
-441
-467
-487
-504
-517
-526
-532
-535
-537
-538
-537
-536
-533
-530
-527
-522
-517
-513
-508
-502
-497
-491
-486
-482
-477
-474
-470
-466
-463
-461
-459
-458
-456
-455
-454
-453
-453
-453
-453
-453
-454
-455
-457
-457
-460
-462
-463
-466
-468
-471
-474
-478
-482
-485
-489
-493
-496
-499
-501
-502
-502
-501
-500
-498
-496
-494
-492
-491
-489
-489
-489
-490
-492
-493
-495
-497
-499
-500
-502
-504
-506
-507
-509
-510
-512
-513
-515
-516
-518
-519
-521
-522
-523
-524
-525
-527
-528
-529
-531
-533
-534
-536
-537
-539
-540
-542
-542
-543
-544
-544
-543
-543
-544
-542
-540
-539
-537
-536
-534
-533
-531
-530
-528
-527
-526
-525
-524
-523
-521
-520
-518
-517
-516
-514
-512
-510
-508
-507
-505
-504
-503
-501
-501
-501
-501
-503
-502
-503
-504
-506
-508
-510
-511
-512
-514
-515
-517
-518
-518
-519
-520
-520
-521
-522
-521
-522
-522
-522
-522
-522
-521
-520
-518
-516
-515
-513
-512
-510
-509
-508
-507
-506
-504
-503
-502
-502
-501
-500
-499
-498
-497
-496
-495
-494
-493
-491
-489
-486
-484
-481
-478
-475
-472
-470
-467
-465
-462
-460
-459
-458
-457
-456
-454
-453
-452
-451
-450
-448
-448
-447
-445
-445
-444
-443
-443
-440
-439
-438
-435
-433
-430
-426
-422
-419
-414
-410
-406
-402
-397
-393
-389
-385
-381
-377
-373
-369
-366
-362
-359
-356
-353
-351
-349
-348
-348
-349
-350
-351
-353
-356
-357
-359
-359
-359
-359
-359
-358
-357
-355
-353
-351
-349
-346
-343
-340
-335
-331
-326
-321
-315
-309
-304
-300
-295
-292
-288
-286
-284
-283
-281
-280
-279
-277
-276
-275
-275
-274
-273
-272
-271
-270
-270
-269
-269
-269
-269
-270
-270
-270
-270
-270
-270
-270
-269
-268
-268
-267
-265
-265
-264
-264
-264
-265
-265
-267
-269
-272
-274
-276
-278
-279
-281
-283
-283
-284
-285
-285
-286
-286
-286
-287
-287
-287
-287
-287
-287
-286
-285
-284
-283
-282
-280
-277
-274
-271
-267
-263
-259
-255
-250
-246
-242
-238
-234
-230
-226
-223
-220
-216
-213
-209
-206
-202
-198
-195
-192
-189
-185
-182
-178
-174
-171
-168
-165
-162
-160
-157
-155
-154
-152
-149
-147
-144
-142
-140
-137
-135
-132
-128
-125
-122
-120
-117
-114
-111
-108
-106
-104
-102
-100
-99
-98
-98
-97
-96
-95
-93
-92
-91
-90
-88
-87
-85
-84
-82
-82
-81
-81
-80
-80
-80
-80
-80
-80
-81
-81
-81
-83
-85
-85
-87
-89
-91
-93
-94
-97
-98
-100
-101
-102
-103
-104
-104
-105
-106
-107
-108
-109
-111
-113
-115
-116
-118
-119
-120
-121
-122
-122
-122
-123
-123
-124
-126
-127
-130
-132
-134
-135
-138
-140
-142
-145
-147
-149
-152
-154
-157
-159
-161
-164
-167
-169
-173
-175
-178
-181
-184
-187
-190
-193
-196
-199
-202
-204
-207
-209
-211
-213
-216
-218
-221
-224
-227
-230
-233
-236
-239
-242
-244
-247
-250
-252
-254
-257
-258
-260
-261
-263
-264
-266
-267
-269
-270
-271
-273
-275
-281
-280
-284
-288
-292
-296
-300
-304
-308
-312
-315
-318
-321
-322
-325
-325
-325
-325
-324
-322
-318
-312
-304
-293
-277
-257
-232
-204
-173
-141
-110
-83
-61
-45
-33
-19
4
50
136
277
492
786
1153
1573
2020
2047
2047
2047
2047
2047
2047
2047
2047
2047
2047
2047
2047
2047
2047
2047
2047
2047
2047
2047
2047
2047
2047
2047
2047
2047
2047
2047
2047
2047
2047
2047
2047
2047
2047
2047
2047
2047
2047
2047
2047
2047
2047
2047
2047
2047
2038
1632
1232
858
534
274
79
-55
-141
-195
-230
-256
-281
-307
-336
-368
-400
-431
-459
-483
-503
-518
-529
-537
-543
-546
-546
-547
-545
-543
-541
-538
-534
-529
-524
-519
-514
-509
-503
-498
-493
-488
-485
-481
-477
-474
-471
-469
-467
-465
-464
-462
-461
-460
-460
-460
-459
-460
-461
-461
-463
-464
-466
-467
-469
-471
-474
-477
-481
-484
-487
-491
-495
-497
-501
-503
-504
-505
-504
-503
-501
-499
-496
-494
-491
-490
-488
-487
-487
-487
-488
-489
-490
-492
-493
-494
-495
-496
-497
-498
-499
-500
-500
-502
-503
-505
-506
-507
-508
-509
-511
-512
-513
-515
-517
-519
-521
-522
-524
-526
-528
-530
-532
-534
-535
-536
-538
-538
-541
-539
-538
-538
-537
-537
-536
-535
-535
-533
-533
-532
-531
-531
-530
-529
-529
-528
-528
-527
-526
-526
-525
-523
-522
-520
-519
-517
-515
-514
-512
-511
-510
-509
-509
-509
-510
-511
-512
-514
-515
-516
-517
-520
-520
-520
-521
-521
-522
-522
-522
-522
-521
-520
-518
-518
-517
-515
-513
-510
-507
-504
-502
-499
-496
-493
-490
-488
-485
-483
-482
-480
-479
-478
-477
-477
-477
-477
-477
-478
-479
-480
-480
-480
-481
-481
-481
-480
-480
-478
-477
-476
-474
-473
-472
-471
-470
-469
-469
-467
-467
-466
-465
-463
-462
-461
-460
-459
-457
-456
-455
-454
-452
-451
-450
-448
-447
-445
-443
-440
-437
-434
-431
-427
-423
-419
-414
-410
-406
-402
-398
-395
-391
-387
-383
-379
-376
-372
-369
-366
-363
-360
-359
-358
-358
-358
-359
-361
-363
-364
-365
-366
-366
-366
-365
-364
-362
-360
-359
-357
-354
-351
-348
-344
-340
-335
-329
-323
-317
-311
-305
-300
-294
-289
-285
-282
-278
-276
-274
-272
-271
-269
-268
-267
-265
-264
-263
-262
-261
-261
-260
-260
-260
-260
-261
-262
-262
-263
-264
-265
-265
-265
-265
-265
-265
-264
-264
-263
-263
-263
-263
-264
-265
-267
-268
-271
-274
-277
-279
-282
-283
-285
-287
-288
-289
-290
-291
-292
-292
-293
-293
-294
-294
-294
-294
-293
-292
-292
-290
-289
-287
-284
-281
-278
-274
-269
-265
-261
-256
-251
-246
-242
-237
-232
-228
-224
-220
-216
-211
-206
-201
-197
-192
-187
-182
-177
-172
-167
-161
-157
-152
-148
-143
-139
-136
-133
-130
-127
-126
-123
-122
-121
-120
-119
-118
-117
-116
-115
-114
-112
-111
-110
-108
-107
-106
-105
-105
-104
-104
-104
-105
-105
-106
-106
-106
-106
-105
-105
-104
-103
-102
-101
-100
-99
-99
-98
-98
-97
-97
-97
-96
-97
-96
-97
-97
-97
-97
-97
-98
-99
-100
-101
-102
-103
-104
-105
-107
-107
-107
-107
-108
-108
-109
-108
-109
-110
-111
-112
-114
-115
-117
-118
-121
-121
-123
-123
-124
-124
-125
-126
-127
-128
-129
-131
-133
-135
-137
-139
-141
-142
-145
-147
-149
-151
-153
-154
-156
-158
-160
-162
-164
-167
-168
-171
-173
-175
-178
-180
-183
-186
-188
-190
-192
-194
-196
-198
-200
-203
-205
-207
-210
-213
-217
-220
-223
-226
-229
-233
-236
-240
-243
-245
-248
-250
-252
-255
-258
-259
-261
-264
-265
-268
-270
-272
-275
-278
-281
-285
-290
-294
-298
-303
-308
-313
-318
-322
-325
-328
-330
-332
-334
-334
-334
-333
-332
-329
-325
-317
-308
-295
-278
-256
-231
-201
-169
-137
-106
-80
-59
-45
-32
-17
12
67
166
328
565
882
1269
1702
2047
2047
2047
2047
2047
2047
2047
2047
2047
2047
2047
2047
2047
2047
2047
2047
2047
2047
2047
2047
2047
2047
2047
2047
2047
2047
2047
2047
2047
2047
2047
2047
2047
2047
2047
2047
2047
2047
2047
2047
2047
2047
2047
2047
2047
2047
1877
1471
1076
718
416
180
10
-104
-176
-222
-252
-277
-302
-328
-359
-391
-422
-452
-479
-501
-518
-532
-542
-548
-552
-555
-555
-554
-552
-550
-546
-541
-537
-531
-526
-520
-515
-509
-503
-498
-492
-489
-483
-479
-475
-472
-469
-466
-464
-462
-460
-459
-458
-457
-457
-456
-457
-457
-458
-459
-459
-460
-462
-463
-465
-468
-470
-473
-475
-478
-482
-485
-488
-491
-493
-495
-495
-495
-494
-492
-489
-487
-484
-481
-479
-477
-476
-475
-476
-477
-477
-479
-480
-482
-484
-486
-487
-489
-490
-492
-493
-495
-497
-498
-500
-502
-505
-506
-508
-510
-512
-514
-516
-518
-520
-523
-525
-528
-530
-533
-535
-537
-540
-542
-543
-545
-546
-547
-547
-548
-547
-547
-546
-545
-545
-542
-542
-541
-539
-538
-536
-535
-534
-534
-533
-533
-532
-531
-530
-529
-527
-525
-523
-521
-519
-517
-514
-512
-509
-507
-505
-504
-502
-501
-501
-500
-500
-500
-500
-500
-501
-501
-501
-500
-499
-499
-499
-499
-499
-498
-498
-497
-498
-497
-497
-497
-497
-496
-496
-494
-494
-493
-492
-491
-491
-490
-490
-490
-490
-490
-491
-492
-493
-494
-494
-495
-496
-498
-499
-499
-500
-500
-500
-500
-499
-497
-496
-494
-492
-490
-488
-487
-485
-483
-482
-480
-479
-478
-476
-475
-473
-472
-470
-469
-467
-465
-463
-462
-459
-459
-457
-455
-454
-451
-450
-447
-444
-441
-437
-434
-430
-425
-421
-417
-412
-407
-403
-399
-395
-391
-387
-383
-380
-376
-372
-369
-365
-363
-360
-358
-356
-356
-355
-356
-357
-358
-359
-361
-362
-362
-361
-360
-359
-358
-355
-353
-351
-348
-346
-342
-339
-335
-330
-325
-319
-314
-308
-302
-296
-291
-287
-282
-279
-276
-274
-272
-271
-270
-269
-268
-266
-265
-265
-264
-263
-262
-262
-262
-261
-262
-263
-263
-264
-265
-265
-267
-267
-268
-269
-269
-269
-270
-270
-269
-269
-268
-267
-268
-268
-269
-270
-271
-273
-275
-278
-280
-282
-284
-285
-286
-288
-288
-289
-289
-290
-290
-290
-290
-290
-289
-289
-288
-288
-287
-286
-284
-282
-278
-276
-272
-268
-264
-259
-253
-247
-241
-236
-230
-225
-219
-214
-209
-204
-200
-195
-191
-187
-183
-179
-176
-172
-168
-165
-162
-158
-155
-152
-149
-146
-144
-141
-140
-138
-137
-136
-136
-135
-135
-134
-134
-135
-135
-134
-134
-133
-133
-132
-131
-130
-129
-127
-127
-126
-125
-124
-124
-123
-123
-122
-122
-122
-122
-121
-120
-119
-117
-116
-113
-111
-110
-108
-106
-105
-103
-102
-101
-100
-99
-98
-97
-97
-96
-96
-96
-96
-96
-97
-98
-99
-100
-101
-103
-104
-105
-106
-106
-107
-107
-108
-108
-108
-108
-109
-110
-111
-112
-114
-116
-117
-118
-119
-120
-121
-121
-121
-121
-121
-121
-122
-123
-124
-125
-127
-128
-130
-131
-133
-134
-136
-138
-139
-141
-143
-145
-147
-149
-151
-153
-155
-158
-160
-163
-166
-168
-171
-174
-178
-180
-183
-186
-189
-191
-194
-197
-200
-203
-206
-210
-213
-217
-220
-225
-228
-233
-236
-240
-243
-247
-250
-254
-256
-259
-262
-264
-266
-268
-270
-272
-273
-275
-277
-278
-281
-283
-286
-289
-292
-296
-300
-304
-309
-313
-316
-320
-323
-325
-327
-329
-330
-330
-330
-329
-327
-323
-316
-308
-296
-281
-262
-237
-209
-177
-144
-110
-81
-56
-38
-24
-11
10
48
119
242
433
703
1050
1458
1900
2047
2047
2047
2047
2047
2047
2047
2047
2047
2047
2047
2047
2047
2047
2047
2047
2047
2047
2047
2047
2047
2047
2047
2047
2047
2047
2047
2047
2047
2047
2047
2047
2047
2047
2047
2047
2047
2047
2047
2047
2047
2047
2047
2047
2047
2047
1689
1287
907
573
300
93
-50
-143
-201
-237
-264
-287
-312
-339
-369
-400
-431
-459
-483
-503
-518
-529
-537
-542
-545
-546
-545
-544
-541
-539
-535
-531
-526
-521
-515
-510
-505
-499
-493
-488
-483
-479
-475
-471
-468
-465
-462
-461
-459
-457
-455
-454
-453
-452
-452
-452
-452
-452
-453
-454
-455
-457
-458
-459
-461
-464
-467
-470
-473
-477
-480
-484
-488
-491
-493
-495
-495
-495
-494
-493
-490
-488
-485
-483
-481
-480
-479
-479
-480
-481
-483
-485
-486
-489
-490
-492
-493
-495
-497
-498
-500
-501
-503
-505
-507
-508
-510
-512
-514
-515
-517
-519
-520
-522
-524
-526
-529
-531
-532
-534
-536
-539
-540
-542
-543
-545
-546
-547
-547
-547
-547
-546
-545
-545
-544
-542
-541
-539
-538
-536
-535
-532
-530
-529
-527
-524
-523
-521
-519
-517
-514
-512
-510
-506
-503
-502
-499
-497
-495
-494
-493
-492
-492
-493
-494
-495
-497
-499
-501
-503
-505
-507
-508
-510
-512
-513
-515
-516
-517
-518
-518
-519
-520
-520
-519
-520
-519
-518
-517
-516
-515
-513
-511
-510
-509
-508
-507
-506
-505
-505
-505
-505
-505
-505
-505
-506
-506
-507
-507
-507
-507
-506
-505
-504
-502
-500
-498
-495
-493
-490
-488
-486
-484
-481
-480
-478
-477
-475
-473
-471
-469
-467
-465
-463
-462
-460
-458
-456
-454
-453
-451
-449
-448
-446
-444
-441
-439
-435
-431
-428
-424
-419
-415
-410
-405
-401
-397
-393
-389
-384
-380
-376
-373
-368
-365
-361
-358
-355
-352
-351
-349
-349
-350
-351
-352
-354
-355
-357
-358
-358
-358
-358
-357
-355
-354
-351
-350
-348
-345
-342
-339
-335
-330
-325
-320
-314
-308
-302
-297
-292
-287
-284
-280
-278
-276
-274
-273
-272
-270
-270
-268
-267
-266
-266
-265
-265
-264
-264
-264
-264
-264
-265
-265
-265
-266
-267
-267
-267
-267
-267
-267
-266
-266
-265
-264
-264
-263
-263
-263
-264
-265
-267
-269
-271
-274
-276
-278
-278
-279
-280
-281
-281
-281
-281
-280
-279
-279
-279
-278
-278
-277
-275
-275
-273
-272
-271
-269
-266
-264
-261
-259
-255
-251
-247
-243
-239
-234
-230
-227
-223
-219
-216
-213
-210
-207
-204
-202
-199
-196
-193
-191
-188
-185
-182
-180
-177
-175
-172
-170
-167
-165
-163
-161
-159
-158
-157
-156
-155
-154
-153
-152
-151
-150
-149
-147
-145
-143
-141
-139
-136
-134
-132
-130
-128
-126
-125
-124
-123
-121
-120
-119
-118
-117
-115
-112
-111
-109
-107
-105
-103
-101
-99
-98
-96
-95
-94
-93
-92
-92
-92
-91
-92
-91
-92
-92
-93
-93
-94
-96
-97
-98
-99
-100
-102
-102
-103
-103
-101
-104
-104
-104
-104
-105
-106
-108
-109
-110
-111
-112
-114
-115
-116
-116
-116
-116
-117
-117
-118
-119
-120
-122
-123
-125
-127
-130
-131
-133
-135
-137
-139
-141
-143
-145
-147
-150
-153
-155
-157
-160
-163
-166
-169
-172
-174
-177
-180
-183
-186
-189
-192
-194
-196
-199
-201
-205
-207
-210
-212
-216
-219
-222
-225
-229
-231
-234
-237
-241
-243
-246
-248
-251
-253
-256
-259
-260
-262
-264
-266
-268
-270
-271
-273
-276
-279
-282
-285
-288
-291
-295
-299
-303
-306
-309
-311
-313
-316
-318
-319
-320
-320
-318
-318
-316
-312
-306
-297
-286
-271
-252
-228
-200
-169
-137
-107
-82
-60
-45
-33
-20
3
48
133
277
495
793
1163
1586
2033
2047
2047
2047
2047
2047
2047
2047
2047
2047
2047
2047
2047
2047
2047
2047
2047
2047
2047
2047
2047
2047
2047
2047
2047
2047
2047
2047
2047
2047
2047
2047
2047
2047
2047
2047
2047
2047
2047
2047
2047
2047
2047
2047
2047
2047
1926
1521
1125
763
456
214
37
-82
-157
-204
-235
-260
-284
-310
-340
-372
-404
-434
-461
-484
-502
-516
-526
-533
-538
-540
-541
-541
-539
-537
-534
-530
-526
-521
-516
-511
-506
-500
-495
-490
-485
-480
-476
-473
-469
-466
-463
-461
-459
-457
-456
-455
-454
-453
-453
-453
-453
-454
-455
-455
-457
-458
-459
-461
-463
-465
-467
-470
-473
-477
-480
-484
-487
-490
-493
-494
-496
-496
-496
-495
-492
-490
-487
-485
-483
-481
-480
-479
-480
-480
-481
-483
-485
-486
-488
-489
-490
-492
-493
-494
-496
-497
-498
-499
-501
-503
-505
-507
-509
-511
-513
-515
-517
-518
-521
-523
-525
-528
-530
-531
-533
-534
-535
-536
-537
-538
-538
-538
-537
-537
-536
-535
-534
-533
-531
-529
-528
-527
-526
-525
-524
-524
-523
-524
-523
-522
-522
-521
-521
-521
-520
-519
-518
-517
-517
-517
-516
-515
-515
-514
-514
-514
-515
-516
-517
-519
-520
-522
-524
-525
-526
-528
-528
-529
-530
-530
-531
-531
-531
-530
-531
-530
-530
-529
-529
-528
-527
-525
-523
-521
-518
-516
-514
-511
-509
-507
-505
-503
-502
-500
-499
-499
-498
-498
-498
-498
-498
-498
-498
-497
-498
-497
-496
-496
-494
-493
-491
-488
-486
-484
-482
-480
-478
-477
-475
-473
-472
-471
-470
-468
-466
-464
-463
-461
-460
-458
-456
-454
-453
-451
-449
-448
-446
-444
-442
-439
-437
-435
-431
-427
-424
-419
-415
-411
-407
-403
-398
-394
-390
-387
-383
-379
-376
-372
-370
-366
-363
-360
-357
-355
-354
-354
-354
-354
-355
-357
-358
-360
-361
-362
-362
-361
-361
-359
-358
-356
-354
-352
-349
-347
-343
-339
-335
-330
-324
-318
-312
-306
-300
-294
-289
-285
-280
-277
-274
-271
-269
-267
-265
-263
-261
-260
-258
-258
-257
-255
-254
-253
-253
-253
-254
-254
-254
-255
-255
-256
-257
-257
-257
-256
-256
-255
-255
-254
-253
-252
-250
-250
-250
-250
-251
-253
-254
-256
-259
-262
-264
-266
-268
-270
-273
-275
-276
-277
-279
-280
-282
-283
-285
-286
-287
-287
-289
-289
-289
-289
-289
-288
-287
-286
-283
-281
-277
-274
-270
-266
-262
-258
-254
-250
-245
-242
-238
-234
-231
-227
-222
-218
-215
-210
-206
-202
-198
-194
-190
-185
-181
-176
-172
-168
-164
-161
-158
-154
-152
-150
-147
-146
-144
-146
-141
-139
-138
-137
-135
-134
-132
-130
-128
-126
-124
-122
-121
-120
-119
-118
-117
-117
-117
-117
-117
-117
-116
-115
-114
-113
-112
-110
-109
-107
-106
-104
-103
-102
-101
-101
-100
-99
-99
-98
-98
-97
-97
-96
-97
-97
-97
-97
-98
-99
-100
-101
-101
-102
-103
-103
-104
-103
-103
-104
-103
-103
-104
-104
-105
-106
-107
-109
-110
-111
-113
-114
-114
-114
-115
-115
-115
-116
-117
-118
-119
-121
-123
-124
-126
-128
-129
-132
-133
-135
-137
-139
-141
-143
-145
-147
-149
-151
-153
-156
-158
-161
-163
-166
-168
-171
-174
-177
-180
-183
-185
-188
-191
-194
-197
-200
-203
-207
-210
-213
-218
-221
-225
-229
-232
-235
-237
-240
-243
-246
-248
-250
-252
-253
-255
-257
-260
-261
-263
-265
-266
-268
-271
-274
-277
-280
-285
-290
-295
-300
-305
-310
-314
-319
-324
-327
-330
-333
-335
-336
-338
-338
-337
-335
-330
-324
-316
-303
-287
-265
-239
-209
-178
-146
-116
-91
-72
-57
-45
-29
2
60
166
337
583
909
1302
1738
2047
2047
2047
2047
2047
2047
2047
2047
2047
2047
2047
2047
2047
2047
2047
2047
2047
2047
2047
2047
2047
2047
2047
2047
2047
2047
2047
2047
2047
2047
2047
2047
2047
2047
2047
2047
2047
2047
2047
2047
2047
2047
2047
2047
2047
2047
1812
1407
1019
670
381
157
-3
-109
-176
-217
-246
-271
-295
-323
-353
-384
-416
-445
-471
-493
-510
-523
-531
-539
-542
-544
-544
-544
-542
-539
-537
-533
-529
-524
-519
-514
-509
-503
-498
-493
-487
-483
-479
-475
-472
-469
-466
-463
-462
-460
-459
-457
-456
-455
-455
-455
-455
-455
-456
-457
-458
-459
-460
-462
-463
-465
-468
-471
-474
-477
-480
-483
-487
-490
-492
-493
-494
-494
-493
-491
-489
-486
-483
-481
-479
-477
-477
-476
-476
-477
-479
-481
-483
-484
-487
-488
-490
-491
-493
-493
-494
-495
-497
-498
-500
-501
-502
-503
-505
-506
-508
-509
-511
-512
-514
-516
-519
-521
-523
-525
-528
-531
-534
-536
-539
-540
-542
-543
-545
-546
-546
-547
-547
-547
-547
-546
-546
-546
-546
-546
-546
-545
-545
-545
-545
-545
-545
-543
-543
-542
-540
-538
-537
-535
-532
-531
-528
-526
-524
-522
-521
-519
-518
-518
-518
-519
-519
-520
-520
-520
-520
-521
-520
-520
-520
-519
-519
-518
-517
-517
-516
-515
-514
-513
-512
-511
-509
-508
-506
-504
-501
-500
-498
-495
-494
-492
-491
-490
-490
-489
-489
-489
-489
-490
-490
-491
-492
-492
-493
-494
-494
-494
-493
-493
-492
-491
-490
-487
-486
-484
-482
-480
-479
-477
-477
-474
-474
-472
-471
-470
-468
-467
-465
-463
-462
-461
-459
-458
-456
-455
-453
-452
-450
-449
-447
-444
-441
-439
-435
-431
-427
-422
-417
-412
-407
-403
-398
-394
-390
-385
-381
-377
-373
-368
-364
-361
-357
-354
-351
-349
-347
-347
-346
-347
-348
-349
-350
-352
-352
-353
-353
-352
-351
-349
-347
-345
-343
-340
-338
-334
-331
-327
-323
-318
-312
-308
-301
-296
-291
-286
-282
-278
-275
-272
-270
-269
-267
-266
-264
-263
-262
-261
-259
-258
-256
-255
-254
-253
-253
-253
-252
-252
-253
-253
-254
-254
-255
-255
-256
-257
-257
-258
-258
-258
-259
-259
-260
-261
-263
-264
-266
-269
-272
-275
-278
-281
-284
-288
-290
-292
-294
-296
-297
-298
-299
-301
-302
-302
-303
-303
-303
-303
-303
-302
-301
-300
-298
-296
-294
-290
-287
-283
-278
-273
-268
-262
-257
-251
-246
-240
-236
-230
-226
-222
-217
-213
-208
-204
-199
-195
-191
-187
-183
-179
-175
-171
-168
-164
-161
-158
-154
-152
-150
-147
-146
-145
-144
-143
-143
-143
-142
-142
-141
-140
-140
-139
-137
-137
-135
-134
-132
-130
-128
-128
-126
-126
-124
-124
-124
-124
-123
-122
-121
-120
-118
-116
-114
-112
-110
-108
-106
-104
-102
-100
-99
-98
-96
-95
-94
-93
-93
-92
-92
-91
-91
-91
-91
-92
-93
-94
-95
-95
-97
-98
-99
-99
-99
-100
-100
-100
-100
-100
-101
-101
-102
-103
-105
-106
-107
-108
-109
-110
-110
-111
-111
-111
-111
-112
-113
-113
-115
-116
-118
-120
-122
-123
-125
-126
-128
-131
-133
-135
-137
-140
-143
-145
-148
-151
-154
-156
-160
-162
-166
-169
-172
-174
-177
-180
-183
-186
-189
-191
-192
-195
-197
-201
-205
-208
-211
-214
-218
-222
-227
-230
-234
-237
-242
-245
-250
-253
-256
-259
-262
-266
-268
-271
-274
-277
-279
-282
-285
-287
-291
-293
-297
-301
-306
-311
-315
-319
-325
-329
-333
-337
-340
-342
-344
-346
-347
-347
-347
-345
-343
-339
-333
-325
-313
-298
-278
-254
-226
-194
-161
-129
-99
-75
-57
-43
-29
-7
35
113
245
449
731
1090
1508
1954
2047
2047
2047
2047
2047
2047
2047
2047
2047
2047
2047
2047
2047
2047
2047
2047
2047
2047
2047
2047
2047
2047
2047
2047
2047
2047
2047
2047
2047
2047
2047
2047
2047
2047
2047
2047
2047
2047
2047
2047
2047
2047
2047
2047
2047
2047
1657
1256
881
554
287
88
-50
-140
-196
-232
-258
-282
-306
-334
-365
-397
-427
-455
-479
-499
-514
-525
-533
-538
-540
-541
-541
-540
-537
-534
-530
-526
-521
-516
-511
-505
-500
-494
-489
-484
-479
-474
-470
-467
-463
-460
-458
-456
-454
-453
-451
-450
-450
-449
-449
-449
-449
-450
-450
-451
-453
-454
-456
-457
-460
-463
-467
-470
-473
-478
-482
-486
-490
-493
-496
-498
-499
-499
-498
-496
-493
-491
-488
-485
-483
-481
-479
-479
-480
-480
-482
-483
-484
-486
-487
-488
-490
-491
-492
-494
-496
-498
-500
-502
-504
-506
-509
-511
-514
-517
-519
-522
-524
-527
-530
-533
-535
-539
-541
-544
-546
-549
-552
-554
-559
-557
-558
-559
-559
-559
-559
-558
-557
-556
-554
-553
-551
-549
-547
-546
-545
-543
-541
-540
-538
-537
-535
-532
-530
-528
-525
-522
-519
-517
-514
-511
-509
-506
-505
-503
-502
-501
-501
-501
-501
-502
-503
-504
-504
-506
-507
-507
-508
-509
-509
-509
-510
-510
-510
-511
-511
-511
-512
-512
-511
-511
-511
-510
-509
-508
-506
-505
-503
-502
-500
-499
-499
-498
-498
-497
-497
-497
-498
-499
-499
-499
-500
-500
-501
-501
-505
-500
-500
-499
-498
-495
-494
-492
-489
-487
-484
-483
-481
-479
-478
-476
-474
-473
-471
-469
-467
-465
-463
-460
-458
-456
-454
-452
-450
-448
-446
-444
-442
-440
-438
-435
-432
-428
-425
-420
-416
-411
-407
-402
-397
-392
-388
-384
-380
-376
-372
-368
-364
-360
-357
-352
-349
-346
-344
-342
-341
-341
-341
-343
-344
-347
-349
-350
-352
-353
-354
-354
-354
-353
-352
-350
-348
-346
-343
-340
-336
-333
-328
-322
-316
-310
-303
-298
-292
-287
-282
-277
-273
-271
-268
-266
-265
-263
-262
-262
-261
-260
-260
-260
-260
-261
-261
-262
-263
-264
-266
-267
-269
-270
-272
-273
-275
-276
-276
-277
-277
-277
-277
-277
-277
-276
-276
-276
-277
-278
-279
-281
-283
-285
-287
-289
-290
-292
-293
-294
-294
-295
-295
-295
-295
-294
-294
-294
-294
-293
-292
-292
-290
-288
-287
-285
-283
-281
-278
-275
-271
-266
-262
-257
-253
-248
-243
-239
-234
-230
-227
-222
-219
-215
-212
-209
-205
-202
-199
-196
-193
-190
-187
-184
-181
-178
-174
-171
-168
-166
-163
-161
-158
-156
-154
-153
-152
-151
-149
-149
-147
-145
-144
-142
-141
-138
-136
-134
-131
-128
-126
-123
-121
-119
-117
-116
-115
-114
-114
-113
-112
-111
-110
-109
-107
-104
-103
-100
-99
-96
-95
-93
-91
-91
-90
-89
-88
-87
-86
-86
-86
-85
-85
-85
-86
-86
-87
-87
-88
-90
-91
-92
-93
-94
-95
-96
-96
-96
-97
-97
-97
-98
-98
-99
-100
-102
-104
-105
-107
-109
-110
-112
-113
-113
-114
-115
-116
-117
-119
-120
-122
-125
-127
-129
-131
-132
-134
-135
-137
-140
-141
-143
-144
-147
-149
-153
-155
-157
-159
-162
-165
-168
-171
-174
-176
-180
-184
-187
-191
-193
-196
-199
-203
-207
-211
-213
-217
-221
-225
-230
-234
-238
-242
-246
-250
-254
-258
-261
-264
-267
-269
-272
-275
-277
-279
-281
-283
-284
-286
-288
-290
-291
-293
-296
-299
-302
-306
-309
-313
-317
-321
-324
-327
-330
-332
-334
-335
-335
-335
-334
-333
-331
-327
-322
-314
-304
-291
-273
-251
-225
-196
-163
-130
-99
-72
-52
-37
-23
-8
20
73
170
328
561
874
1256
1687
2047
2047
2047
2047
2047
2047
2047
2047
2047
2047
2047
2047
2047
2047
2047
2047
2047
2047
2047
2047
2047
2047
2047
2047
2047
2047
2047
2047
2047
2047
2047
2047
2047
2047
2047
2047
2047
2047
2047
2047
2047
2047
2047
2047
2047
2047
1932
1528
1134
772
464
220
41
-79
-155
-203
-234
-258
-282
-308
-337
-368
-399
-429
-456
-478
-496
-510
-520
-527
-532
-534
-534
-534
-532
-530
-527
-523
-519
-515
-510
-505
-499
-494
-489
-484
-480
-475
-472
-468
-466
-463
-461
-460
-459
-458
-457
-458
-458
-458
-459
-460
-460
-461
-463
-464
-464
-466
-468
-469
-471
-473
-475
-477
-480
-484
-487
-490
-494
-496
-499
-500
-502
-501
-501
-499
-496
-494
-492
-489
-487
-486
-485
-485
-485
-487
-488
-490
-492
-494
-497
-499
-501
-503
-504
-506
-507
-509
-511
-513
-515
-516
-518
-520
-522
-523
-524
-526
-527
-528
-530
-531
-533
-534
-536
-538
-539
-541
-542
-543
-544
-545
-545
-546
-546
-546
-544
-543
-542
-540
-539
-537
-536
-534
-532
-531
-530
-528
-528
-526
-525
-524
-523
-521
-520
-519
-517
-516
-514
-512
-510
-509
-507
-506
-504
-503
-503
-502
-503
-503
-504
-506
-507
-509
-510
-511
-512
-514
-515
-516
-517
-517
-517
-518
-518
-519
-518
-518
-518
-518
-518
-517
-516
-515
-513
-512
-510
-508
-507
-504
-502
-501
-499
-498
-498
-497
-496
-496
-495
-496
-496
-496
-496
-496
-496
-496
-496
-496
-495
-494
-492
-490
-488
-486
-483
-481
-478
-476
-474
-472
-470
-468
-467
-465
-463
-461
-460
-458
-456
-454
-452
-450
-448
-446
-444
-443
-441
-440
-438
-437
-435
-433
-431
-428
-424
-421
-417
-413
-409
-406
-402
-398
-395
-391
-388
-385
-383
-380
-377
-373
-370
-367
-364
-361
-358
-356
-355
-354
-354
-354
-354
-355
-356
-357
-358
-358
-358
-357
-356
-355
-353
-351
-349
-347
-344
-342
-339
-336
-332
-327
-323
-319
-314
-309
-304
-300
-296
-293
-291
-288
-287
-285
-284
-284
-282
-282
-281
-280
-279
-278
-277
-277
-276
-275
-275
-274
-274
-275
-274
-274
-274
-275
-275
-274
-274
-274
-273
-271
-271
-270
-268
-267
-266
-265
-265
-265
-266
-268
-269
-270
-273
-274
-277
-278
-280
-281
-282
-283
-284
-285
-285
-286
-286
-287
-287
-288
-288
-288
-288
-288
-288
-287
-286
-285
-284
-282
-280
-277
-273
-269
-266
-262
-257
-254
-249
-245
-241
-237
-233
-230
-226
-222
-218
-214
-210
-206
-202
-198
-193
-189
-185
-180
-176
-172
-168
-164
-160
-156
-153
-150
-147
-144
-142
-141
-139
-137
-135
-134
-132
-131
-128
-126
-124
-122
-119
-117
-115
-112
-110
-108
-106
-105
-103
-103
-102
-101
-100
-99
-99
