-144
-141
-139
-138
-136
-134
-134
-133
-132
-131
-130
-128
-128
-126
-124
-123
-121
-119
-117
-116
-114
-113
-112
-110
-110
-110
-110
-110
-110
-109
-109
-108
-107
-106
-105
-104
-102
-101
-99
-99
-97
-96
-95
-95
-94
-94
-94
-94
-94
-93
-93
-93
-94
-94
-94
-95
-95
-97
-98
-99
-100
-101
-102
-103
-103
-103
-103
-103
-103
-102
-103
-104
-104
-105
-106
-107
-109
-110
-111
-112
-112
-113
-114
-114
-114
-114
-115
-116
-118
-119
-121
-122
-125
-126
-129
-131
-133
-135
-137
-140
-143
-145
-148
-151
-153
-157
-159
-162
-165
-168
-171
-174
-178
-181
-184
-187
-190
-193
-196
-199
-202
-204
-207
-210
-213
-216
-219
-222
-225
-230
-233
-237
-240
-243
-247
-250
-253
-256
-259
-261
-263
-265
-267
-267
-268
-269
-269
-270
-271
-272
-273
-274
-276
-278
-282
-285
-289
-292
-296
-299
-304
-307
-309
-311
-313
-315
-316
-317
-317
-316
-314
-311
-307
-300
-290
-277
-259
-237
-210
-181
-149
-118
-90
-67
-49
-36
-25
-7
29
96
215
402
668
1012
1418
1860
2047
2047
2047
2047
2047
2047
2047
2047
2047
2047
2047
2047
2047
2047
2047
2047
2047
2047
2047
2047
2047
2047
2047
2047
2047
2047
2047
2047
2047
2047
2047
2047
2047
2047
2047
2047
2047
2047
2047
2047
2047
2047
2047
2047
2047
1983
1578
1179
808
490
235
48
-79
-161
-211
-244
-268
-292
-318
-347
-378
-409
-439
-466
-489
-507
-521
-531
-538
-542
-544
-545
-544
-543
-540
-537
-533
-528
-523
-518
-512
-506
-500
-494
-489
-484
-479
-474
-470
-466
-463
-460
-457
-456
-454
-452
-451
-450
-449
-448
-448
-447
-448
-449
-450
-451
-452
-453
-455
-457
-459
-463
-466
-470
-473
-477
-481
-485
-488
-491
-493
-495
-495
-495
-494
-492
-490
-488
-486
-484
-483
-482
-483
-483
-484
-485
-487
-489
-491
-493
-495
-497
-499
-500
-502
-503
-505
-507
-509
-511
-513
-515
-516
-517
-518
-519
-520
-520
-521
-522
-523
-524
-525
-527
-528
-530
-531
-532
-532
-533
-533
-534
-534
-534
-533
-532
-531
-530
-529
-528
-526
-526
-525
-525
-524
-524
-523
-522
-522
-522
-522
-522
-521
-520
-520
-519
-518
-517
-515
-513
-512
-511
-510
-510
-509
-508
-508
-508
-509
-510
-511
-512
-513
-514
-516
-517
-518
-519
-519
-520
-521
-521
-522
-522
-523
-523
-522
-522
-523
-522
-521
-520
-519
-518
-515
-514
-511
-509
-507
-506
-504
-503
-502
-501
-501
-501
-501
-501
-501
-501
-501
-502
-502
-502
-502
-502
-501
-500
-500
-497
-496
-494
-492
-490
-488
-486
-484
-482
-479
-478
-476
-474
-472
-471
-468
-467
-465
-463
-461
-458
-457
-456
-453
-452
-451
-448
-447
-445
-443
-441
-438
-435
-431
-428
-424
-419
-415
-410
-406
-401
-397
-393
-389
-384
-381
-377
-373
-370
-365
-362
-358
-355
-352
-350
-348
-348
-348
-348
-350
-352
-353
-354
-356
-357
-358
-357
-357
-356
-354
-352
-350
-348
-346
-343
-341
-336
-333
-328
-323
-317
-312
-306
-300
-294
-290
-285
-282
-279
-276
-274
-273
-271
-269
-269
-268
-267
-266
-265
-263
-263
-261
-260
-260
-258
-258
-258
-258
-257
-257
-256
-256
-256
-255
-255
-254
-253
-251
-250
-248
-247
-247
-245
-245
-246
-246
-247
-250
-252
-254
-257
-259
-262
-264
-266
-268
-269
-271
-271
-273
-274
-275
-276
-277
-277
-278
-277
-278
-277
-276
-276
-275
-274
-272
-269
-267
-264
-260
-256
-251
-246
-242
-237
-233
-229
-224
-220
-216
-212
-209
-205
-201
-197
-193
-190
-186
-183
-179
-175
-171
-168
-164
-161
-157
-154
-151
-148
-146
-144
-142
-140
-140
-139
-138
-137
-137
-136
-135
-134
-132
-131
-130
-128
-126
-124
-123
-121
-120
-118
-118
-117
-116
-116
-115
-115
-115
-114
-113
-112
-111
-108
-107
-105
-102
-100
-98
-96
-95
-93
-92
-91
-90
-89
-88
-87
-86
-86
-85
-85
-85
-85
-86
-87
-87
-88
-90
-91
-92
-94
-95
-95
-96
-96
-97
-97
-98
-99
-99
-100
-102
-104
-106
-107
-109
-111
-112
-114
-115
-116
-117
-117
-118
-119
-121
-122
-124
-126
-128
-130
-133
-135
-137
-139
-141
-143
-145
-147
-149
-151
-154
-156
-158
-161
-163
-166
-168
-171
-174
-177
-179
-182
-185
-188
-191
-193
-195
-198
-200
-202
-204
-205
-207
-209
-212
-214
-217
-219
-221
-224
-227
-230
-233
-235
-237
-239
-242
-245
-246
-248
-250
-251
-254
-256
-258
-260
-261
-264
-268
-272
-276
-280
-285
-290
-295
-301
-307
-312
-316
-320
-324
-327
-331
-332
-334
-334
-334
-334
-332
-328
-322
-312
-300
-283
-262
-236
-207
-174
-142
-113
-89
-70
-57
-45
-27
4
68
179
356
613
949
1350
1790
2047
2047
2047
2047
2047
2047
2047
2047
2047
2047
2047
2047
2047
2047
2047
2047
2047
2047
2047
2047
2047
2047
2047
2047
2047
2047
2047
2047
2047
2047
2047
2047
2047
2047
2047
2047
2047
2047
2047
2047
2047
2047
2047
2047
2047
2005
1599
1198
827
506
250
60
-70
-153
-204
-237
-262
-285
-310
-339
-370
-401
-432
-459
-482
-501
-514
-525
-532
-537
-538
-539
-539
-537
-535
-531
-527
-522
-517
-512
-507
-501
-496
-490
-484
-479
-475
-470
-466
-463
-460
-457
-455
-453
-452
-451
-450
-450
-450
-450
-450
-451
-451
-452
-454
-456
-457
-459
-461
-463
-466
-469
-472
-475
-479
-483
-487
-491
-494
-497
-499
-500
-501
-501
-500
-497
-495
-492
-491
-488
-487
-486
-486
-485
-486
-486
-486
-487
-488
-489
-489
-489
-489
-490
-490
-491
-491
-491
-492
-492
-493
-494
-495
-496
-497
-498
-499
-501
-502
-504
-507
-509
-511
-514
-517
-520
-523
-526
-528
-530
-532
-535
-536
-537
-538
-538
-538
-538
-538
-538
-537
-537
-537
-537
-537
-536
-536
-536
-536
-536
-536
-535
-534
-534
-533
-532
-531
-529
-526
-525
-523
-521
-519
-517
-516
-515
-515
-515
-516
-517
-517
-518
-519
-520
-522
-523
-523
-523
-524
-524
-524
-524
-523
-523
-522
-522
-522
-521
-520
-519
-518
-517
-515
-513
-511
-509
-507
-504
-503
-501
-499
-497
-496
-495
-494
-495
-494
-494
-494
-494
-495
-495
-495
-495
-495
-494
-494
-493
-492
-491
-490
-487
-485
-483
-481
-479
-478
-476
-475
-473
-471
-470
-469
-467
-466
-464
-463
-461
-460
-458
-457
-455
-458
-453
-451
-450
-448
-447
-445
-443
-441
-438
-435
-431
-427
-423
-418
-414
-410
-406
-402
-398
-393
-389
-386
-382
-378
-374
-371
-367
-363
-360
-357
-355
-353
-352
-352
-352
-353
-354
-355
-356
-357
-358
-358
-357
-356
-355
-354
-352
-350
-348
-345
-342
-339
-335
-331
-326
-320
-315
-308
-302
-296
-289
-284
-279
-274
-270
-267
-263
-260
-258
-256
-255
-253
-251
-249
-247
-246
-244
-243
-243
-241
-240
-240
-241
-241
-242
-243
-244
-245
-247
-248
-249
-250
-250
-251
-251
-251
-251
-252
-252
-253
-254
-256
-258
-260
-263
-266
-268
-271
-274
-276
-278
-279
-281
-282
-283
-284
-285
-285
-285
-286
-286
-286
-285
-284
-284
-283
-282
-280
-279
-277
-274
-271
-267
-264
-259
-254
-250
-245
-240
-235
-230
-226
-222
-218
-214
-210
-207
-203
-199
-195
-191
-189
-185
-182
-178
-175
-171
-167
-164
-161
-157
-155
-151
-150
-147
-146
-144
-143
-142
-141
-140
-139
-138
-137
-135
-134
-132
-130
-128
-125
-123
-121
-119
-116
-114
-112
-111
-110
-109
-108
-107
-106
-105
-104
-102
-100
-98
-96
-94
-92
-91
-88
-87
-86
-84
-84
-83
-83
-81
-82
-81
-81
-82
-82
-82
-82
-83
-85
-86
-87
-89
-91
-92
-94
-96
-98
-99
-100
-101
-102
-102
-103
-103
-104
-106
-107
-109
-110
-112
-113
-115
-116
-117
-118
-118
-119
-119
-119
-120
-120
-122
-123
-125
-126
-128
-130
-132
-133
-135
-137
-139
-140
-142
-144
-146
-147
-148
-151
-152
-153
-155
-157
-159
-160
-162
-164
-167
-170
-172
-174
-176
-178
-181
-184
-186
-189
-191
-194
-198
-201
-205
-209
-213
-217
-221
-225
-230
-234
-238
-241
-246
-249
-253
-256
-260
-263
-265
-268
-271
-274
-277
-279
-282
-285
-289
-293
-298
-303
-307
-312
-318
-322
-327
-331
-334
-338
-340
-342
-343
-344
-344
-344
-342
-339
-334
-328
-318
-305
-287
-265
-239
-209
-176
-143
-112
-86
-66
-50
-37
-21
9
67
171
340
585
910
1304
1741
2047
2047
2047
2047
2047
2047
2047
2047
2047
2047
2047
2047
2047
2047
2047
2047
2047
2047
2047
2047
2047
2047
2047
2047
2047
2047
2047
2047
2047
2047
2047
2047
2047
2047
2047
2047
2047
2047
2047
2047
2047
2047
2047
2047
2047
2047
1690
1288
909
576
305
101
-41
-133
-190
-226
-252
-276
-300
-328
-358
-390
-423
-449
-473
-493
-509
-520
-528
-533
-536
-538
-538
-537
-535
-533
-529
-525
-521
-516
-512
-506
-500
-495
-490
-486
-481
-477
-473
-470
-467
-464
-462
-460
-458
-456
-455
-454
-454
-453
-453
-453
-454
-455
-456
-457
-458
-460
-462
-463
-466
-469
-472
-475
-478
-481
-484
-487
-489
-492
-494
-494
-494
-492
-490
-487
-485
-482
-479
-475
-472
-471
-470
-469
-469
-470
-471
-472
-474
-476
-478
-479
-481
-483
-484
-486
-488
-491
-492
-495
-498
-501
-503
-506
-508
-511
-513
-515
-518
-520
-523
-525
-528
-531
-534
-538
-540
-542
-545
-547
-549
-550
-551
-551
-551
-551
-551
-551
-550
-549
-548
-547
-546
-546
-545
-543
-542
-542
-541
-540
-539
-538
-536
-535
-533
-531
-528
-526
-523
-521
-519
-516
-515
-513
-511
-510
-509
-508
-508
-508
-508
-509
-510
-511
-511
-512
-512
-513
-512
-513
-513
-513
-513
-513
-513
-513
-513
-512
-512
-511
-511
-510
-509
-507
-505
-503
-501
-499
-498
-495
-493
-493
-492
-491
-491
-491
-491
-491
-491
-491
-492
-493
-493
-494
-494
-494
-495
-494
-493
-492
-491
-489
-488
-487
-484
-482
-480
-479
-477
-476
-475
-473
-472
-470
-469
-467
-466
-464
-462
-460
-459
-458
-456
-455
-453
-451
-450
-448
-446
-444
-441
-438
-435
-432
-428
-423
-419
-414
-410
-405
-401
-397
-392
-387
-383
-380
-376
-372
-368
-364
-360
-357
-354
-352
-350
-348
-348
-349
-350
-351
-352
-353
-353
-354
-354
-353
-352
-350
-347
-345
-342
-339
-337
-333
-329
-325
-320
-315
-309
-303
-297
-290
-284
-278
-273
-272
-264
-261
-259
-257
-256
-256
-255
-254
-254
-254
-254
-255
-254
-254
-255
-255
-256
-256
-257
-258
-259
-260
-261
-262
-263
-264
-265
-266
-266
-266
-266
-266
-265
-265
-264
-264
-264
-265
-265
-267
-269
-271
-274
-276
-278
-280
-282
-283
-285
-286
-286
-287
-287
-287
-288
-287
-287
-288
-289
-286
-285
-285
-283
-283
-281
-279
-277
-274
-271
-268
-263
-259
-254
-249
-244
-239
-235
-230
-226
-222
-218
-215
-211
-207
-204
-200
-197
-193
-190
-186
-182
-179
-175
-171
-167
-164
-160
-156
-152
-149
-146
-144
-142
-140
-138
-137
-136
-134
-133
-132
-130
-128
-127
-125
-123
-121
-119
-117
-115
-113
-111
-110
-109
-108
-107
-106
-106
-106
-105
-105
-103
-103
-102
-100
-98
-97
-96
-93
-92
-91
-90
-89
-88
-88
-87
-87
-86
-87
-86
-86
-86
-86
-86
-87
-88
-89
-90
-91
-92
-94
-96
-97
-98
-98
-99
-99
-100
-100
-100
-101
-102
-103
-104
-105
-107
-108
-109
-111
-112
-113
-114
-114
-114
-113
-113
-113
-113
-114
-115
-116
-117
-119
-120
-122
-124
-126
-127
-129
-130
-133
-134
-137
-139
-140
-143
-146
-149
-152
-154
-157
-160
-164
-168
-172
-176
-179
-183
-186
-190
-194
-197
-201
-204
-208
-211
-216
-220
-224
-229
-232
-237
-241
-246
-250
-254
-258
-261
-265
-268
-271
-274
-276
-278
-281
-282
-285
-286
-288
-290
-292
-294
-297
-300
-303
-307
-310
-314
-318
-321
-325
-328
-330
-332
-334
-335
-336
-336
-335
-334
-333
-329
-325
-318
-308
-295
-278
-257
-231
-201
-169
-137
-106
-80
-59
-44
-31
-16
11
67
166
329
568
888
1276
1711
2047
2047
2047
2047
2047
2047
2047
2047
2047
2047
2047
2047
2047
2047
2047
2047
2047
2047
2047
2047
2047
2047
2047
2047
2047
2047
2047
2047
2047
2047
2047
2047
2047
2047
2047
2047
2047
2047
2047
2047
2047
2047
2047
2047
2047
2047
1753
1349
965
624
344
130
-20
-119
-181
-219
-246
-270
-295
-322
-353
-385
-416
-445
-470
-490
-507
-520
-528
-534
-538
-539
-539
-539
-537
-535
-531
-528
-523
-518
-513
-509
-503
-498
-492
-488
-483
-479
-476
-472
-469
-466
-464
-462
-460
-458
-456
-454
-454
-453
-452
-450
-450
-450
-450
-451
-452
-452
-453
-454
-456
-458
-461
-463
-466
-469
-473
-477
-481
-483
-486
-487
-489
-489
-489
-488
-486
-484
-484
-482
-481
-481
-482
-482
-484
-486
-488
-490
-492
-495
-497
-499
-502
-503
-505
-507
-509
-511
-513
-515
-516
-517
-520
-522
-523
-524
-525
-527
-529
-530
-532
-534
-536
-537
-540
-542
-543
-545
-546
-547
-548
-548
-549
-548
-547
-546
-546
-544
-543
-541
-540
-538
-537
-536
-534
-533
-532
-531
-530
-529
-527
-526
-525
-523
-521
-520
-518
-516
-514
-512
-510
-508
-506
-504
-503
-503
-502
-502
-503
-503
-504
-505
-506
-508
-509
-510
-510
-511
-511
-512
-513
-513
-513
-513
-513
-513
-513
-513
-513
-512
-512
-511
-510
-508
-507
-505
-503
-501
-500
-498
-497
-495
-494
-494
-493
-493
-493
-493
-493
-494
-494
-494
-495
-496
-496
-496
-495
-495
-494
-493
-491
-490
-488
-486
-484
-482
-480
-478
-476
-474
-473
-471
-470
-468
-466
-465
-463
-461
-459
-457
-455
-453
-451
-449
-448
-446
-445
-443
-441
-440
-437
-435
-431
-428
-424
-420
-416
-411
-407
-403
-398
-393
-388
-383
-379
-375
-370
-366
-361
-356
-351
-348
-345
-342
-339
-337
-336
-335
-336
-337
-338
-339
-339
-341
-341
-341
-341
-341
-340
-339
-337
-336
-335
-333
-332
-329
-327
-323
-319
-315
-310
-306
-300
-296
-292
-288
-285
-282
-280
-278
-277
-276
-275
-274
-274
-273
-272
-271
-271
-270
-270
-269
-268
-268
-268
-268
-268
-268
-268
-269
-269
-269
-270
-269
-269
-269
-268
-267
-266
-265
-264
-263
-263
-263
-264
-264
-266
-268
-269
-271
-274
-275
-276
-278
-279
-280
-281
-281
-281
-282
-282
-282
-282
-283
-282
-282
-281
-281
-280
-279
-278
-277
-275
-272
-269
-266
-262
-258
-253
-248
-243
-239
-234
-229
-225
-220
-216
-213
-209
-205
-200
-197
-193
-189
-186
-182
-178
-174
-171
-167
-163
-159
-156
-153
-150
-147
-145
-142
-141
-139
-138
-137
-136
-135
-134
-133
-132
-131
-130
-129
-126
-125
-123
-121
-120
-117
-116
-114
-113
-113
-112
-111
-110
-110
-109
-109
-108
-107
-105
-103
-101
-100
-98
-96
-94
-92
-90
-89
-88
-87
-86
-84
-83
-83
-83
-83
-82
-82
-82
-82
-83
-83
-85
-86
-87
-89
-90
-92
-93
-93
-93
-93
-93
-93
-93
-94
-94
-95
-96
-98
-99
-101
-103
-104
-105
-107
-108
-109
-109
-110
-110
-112
-114
-115
-117
-119
-122
-125
-127
-129
-132
-135
-138
-141
-144
-147
-150
-153
-156
-159
-162
-166
-168
-171
-175
-178
-181
-185
-188
-191
-195
-198
-201
-204
-207
-210
-212
-215
-218
-221
-223
-226
-228
-232
-235
-238
-241
-244
-247
-250
-253
-255
-258
-260
-262
-264
-266
-267
-269
-270
-271
-273
-274
-275
-277
-279
-280
-283
-286
-290
-294
-298
-302
-306
-311
-315
-319
-322
-325
-328
-330
-332
-332
-333
-333
-332
-329
-325
-319
-311
-299
-283
-262
-237
-208
-176
-144
-113
-87
-66
-51
-39
-24
2
54
148
304
535
845
1227
1658
2047
2047
2047
2047
2047
2047
2047
2047
2047
2047
2047
2047
2047
2047
2047
2047
2047
2047
2047
2047
2047
2047
2047
2047
2047
2047
2047
2047
2047
2047
2047
2047
2047
2047
2047
2047
2047
2047
2047
2047
2047
2047
2047
2047
2047
2047
1813
1407
1019
670
379
154
-5
-111
-177
-218
-246
-270
-294
-322
-352
-384
-415
-444
-471
-492
-509
-522
-531
-537
-541
-543
-544
-543
-541
-538
-534
-530
-525
-520
-514
-508
-501
-495
-489
-484
-479
-474
-469
-465
-461
-458
-456
-454
-451
-449
-448
-448
-447
-447
-447
-447
-448
-450
-452
-454
-455
-458
-461
-464
-467
-471
-475
-478
-483
-487
-492
-497
-501
-504
-507
-509
-511
-511
-511
-510
-507
-506
-503
-501
-499
-498
-498
-498
-498
-499
-500
-501
-503
-504
-506
-506
-507
-508
-509
-510
-511
-512
-513
-513
-514
-516
-517
-517
-518
-519
-519
-520
-521
-522
-523
-524
-526
-528
-530
-531
-533
-534
-535
-536
-537
-537
-537
-537
-537
-537
-537
-535
-534
-533
-532
-531
-530
-529
-528
-527
-527
-526
-525
-525
-524
-524
-523
-522
-521
-520
-519
-517
-516
-514
-513
-511
-509
-508
-507
-506
-505
-505
-506
-506
-507
-508
-509
-511
-512
-513
-515
-516
-516
-517
-517
-517
-518
-518
-518
-518
-518
-517
-517
-516
-515
-514
-513
-511
-509
-507
-505
-503
-501
-499
-497
-496
-494
-494
-493
-492
-492
-492
-492
-491
-492
-492
-491
-492
-492
-492
-492
-491
-491
-489
-487
-486
-484
-481
-479
-477
-475
-474
-473
-471
-470
-468
-467
-466
-465
-463
-462
-461
-459
-458
-457
-455
-453
-451
-449
-447
-446
-444
-442
-439
-435
-432
-429
-425
-422
-416
-411
-406
-402
-397
-392
-388
-383
-378
-375
-371
-367
-363
-359
-356
-353
-351
-348
-347
-346
-345
-346
-347
-349
-352
-354
-356
-359
-361
-362
-363
-363
-363
-362
-361
-359
-358
-356
-354
-351
-348
-344
-340
-334
-329
-324
-318
-312
-307
-301
-296
-292
-288
-285
-283
-281
-279
-277
-276
-275
-273
-272
-270
-269
-268
-267
-266
-265
-264
-263
-264
-264
-264
-263
-264
-264
-264
-264
-264
-263
-263
-262
-261
-261
-260
-259
-259
-258
-258
-259
-261
-263
-265
-267
-270
-272
-274
-276
-278
-279
-280
-282
-282
-283
-284
-284
-284
-284
-284
-284
-284
-283
-283
-282
-281
-279
-278
-276
-273
-270
-267
-263
-258
-254
-249
-245
-240
-235
-230
-227
-222
-219
-215
-211
-207
-203
-200
-196
-192
-188
-185
-181
-177
-174
-170
-166
-163
-159
-156
-152
-149
-147
-145
-142
-140
-139
-138
-137
-135
-134
-132
-131
-129
-128
-126
-124
-122
-120
-117
-115
-112
-110
-108
-106
-105
-104
-102
-101
-100
-99
-99
-98
-97
-95
-94
-92
-90
-88
-86
-85
-83
-82
-81
-80
-79
-78
-77
-76
-75
-75
-74
-75
-75
-75
-75
-77
-78
-79
-81
-82
-84
-85
-87
-88
-89
-90
-91
-92
-93
-94
-95
-96
-98
-100
-103
-105
-108
-110
-112
-115
-117
-119
-121
-122
-123
-125
-127
-128
-130
-132
-135
-138
-140
-143
-145
-148
-150
-153
-155
-160
-159
-162
-164
-167
-169
-171
-174
-175
-178
-180
-182
-185
-187
-189
-192
-194
-197
-198
-201
-203
-204
-206
-208
-210
-212
-214
-217
-219
-222
-225
-227
-231
-234
-238
-241
-244
-247
-250
-252
-255
-258
-260
-262
-265
-267
-269
-271
-273
-275
-277
-279
-282
-286
-289
-293
-297
-301
-307
-311
-315
-320
-324
-327
-330
-333
-335
-336
-338
-338
-337
-336
-333
-329
-323
-315
-302
-286
-266
-241
-212
-180
-148
-116
-89
-66
-50
-36
-23
1
48
133
277
493
790
1160
1583
2031
2047
2047
2047
2047
2047
2047
2047
2047
2047
2047
2047
2047
2047
2047
2047
2047
2047
2047
2047
2047
2047
2047
2047
2047
2047
2047
2047
2047
2047
2047
2047
2047
2047
2047
2047
2047
2047
2047
2047
2047
2047
2047
2047
2047
2047
1877
1470
1076
718
417
181
12
-102
-173
-217
-246
-269
-293
-319
-348
-379
-409
-438
-463
-486
-503
-517
-526
-531
-534
-537
-537
-537
-535
-532
-528
-525
-521
-517
-512
-507
-502
-497
-493
-488
-485
-481
-478
-475
-473
-471
-470
-468
-467
-467
-467
-466
-466
-466
-467
-467
-468
-470
-471
-473
-474
-476
-478
-480
-483
-485
-487
-490
-493
-497
-500
-503
-506
-507
-510
-512
-512
-511
-509
-507
-504
-501
-498
-495
-492
-489
-487
-487
-486
-487
-486
-487
-487
-489
-489
-490
-491
-491
-492
-494
-494
-496
-496
-498
-499
-500
-502
-503
-505
-506
-508
-510
-512
-514
-516
-518
-520
-523
-526
-528
-531
-533
-535
-537
-538
-540
-541
-541
-541
-542
-542
-541
-541
-540
-539
-538
-537
-536
-535
-535
-534
-533
-533
-532
-531
-530
-529
-528
-527
-526
-525
-523
-521
-519
-517
-515
-513
-511
-510
-508
-507
-507
-507
-507
-507
-507
-508
-510
-510
-511
-511
-512
-512
-512
-512
-512
-512
-512
-512
-512
-511
-511
-510
-510
-508
-507
-506
-504
-503
-501
-499
-497
-495
-493
-491
-490
-488
-488
-487
-486
-487
-487
-487
-488
-489
-489
-490
-491
-491
-492
-492
-493
-493
-492
-491
-489
-487
-485
-482
-480
-478
-477
-474
-472
-470
-468
-467
-465
-464
-461
-460
-458
-456
-454
-453
-451
-449
-447
-446
-445
-443
-442
-440
-439
-437
-436
-433
-430
-428
-425
-422
-418
-415
-411
-408
-405
-401
-398
-395
-392
-388
-384
-381
-377
-374
-371
-368
-366
-364
-362
-362
-362
-362
-363
-364
-366
-367
-368
-368
-368
-367
-365
-364
-362
-359
-357
-354
-351
-348
-344
-340
-335
-330
-324
-318
-311
-305
-299
-294
-289
-284
-281
-277
-275
-273
-271
-270
-268
-267
-265
-265
-264
-263
-262
-261
-261
-260
-260
-260
-261
-261
-261
-262
-263
-264
-265
-265
-265
-265
-266
-265
-265
-264
-263
-263
-262
-262
-263
-263
-264
-266
-268
-270
-273
-275
-277
-279
-280
-281
-282
-284
-284
-285
-284
-285
-285
-286
-285
-285
-285
-285
-284
-283
-282
-281
-279
-277
-274
-271
-268
-264
-259
-255
-250
-245
-240
-235
-230
-225
-221
-217
-213
-209
-205
-201
-197
-193
-189
-185
-181
-177
-173
-169
-166
-162
-158
-154
-150
-147
-143
-140
-138
-135
-133
-132
-130
-129
-127
-126
-125
-125
-123
-122
-120
-118
-116
-115
-113
-111
-109
-108
-106
-105
-103
-102
-101
-100
-99
-99
-98
-97
-96
-94
-93
-91
-90
-89
-86
-85
-83
-82
-81
-79
-79
-78
-78
-77
-78
-78
-78
-79
-79
-81
-82
-84
-86
-88
-90
-93
-95
-98
-100
-102
-104
-106
-107
-109
-110
-111
-112
-113
-115
-116
-118
-120
-122
-124
-127
-128
-128
-130
-131
-131
-132
-132
-132
-133
-134
-135
-136
-138
-138
-140
-141
-143
-144
-145
-147
-148
-149
-151
-152
-154
-156
-157
-159
-161
-163
-165
-168
-173
-173
-176
-179
-182
-185
-188
-191
-194
-196
-199
-202
-205
-208
-211
-214
-218
-222
-226
-230
-234
-238
-242
-246
-250
-254
-257
-260
-263
-266
-268
-271
-273
-275
-277
-278
-280
-282
-284
-285
-287
-290
-293
-296
-299
-303
-307
-311
-315
-318
-322
-325
-327
-329
-330
-331
-332
-332
-331
-330
-327
-323
-317
-308
-297
-282
-262
-238
-210
-179
-146
-114
-86
-62
-44
-31
-18
2
42
117
245
444
723
1077
1491
1936
2047
2047
2047
2047
2047
2047
2047
2047
2047
2047
2047
2047
2047
2047
2047
2047
2047
2047
2047
2047
2047
2047
2047
2047
2047
2047
2047
2047
2047
2047
2047
2047
2047
2047
2047
2047
2047
2047
2047
2047
2047
2047
2047
2047
2047
1952
1546
1149
785
472
225
43
-80
-157
-205
-236
-261
-286
-312
-342
-373
-405
-435
-464
-487
-506
-520
-532
-539
-545
-548
-549
-550
-549
-547
-545
-541
-538
-533
-529
-524
-519
-514
-509
-504
-499
-495
-491
-487
-484
-481
-479
-476
-474
-472
-471
-469
-468
-467
-466
-465
-465
-465
-465
-466
-466
-466
-468
-468
-470
-472
-473
-475
-478
-480
-483
-486
-489
-491
-493
-493
-494
-494
-492
-490
-487
-485
-482
-479
-477
-476
-475
-474
-475
-476
-477
-479
-481
-483
-484
-486
-488
-490
-492
-494
-496
-497
-500
-501
-503
-506
-508
-509
-511
-513
-515
-517
-519
-521
-524
-526
-528
-530
-533
-536
-538
-540
-542
-544
-545
-546
-547
-548
-548
-548
-548
-547
-546
-545
-544
-543
-541
-540
-538
-537
-535
-534
-533
-532
-531
-531
-529
-527
-526
-524
-522
-520
-518
-515
-513
-510
-508
-506
-504
-502
-501
-500
-500
-499
-499
-500
-502
-502
-504
-504
-505
-506
-507
-507
-508
-508
-508
-508
-508
-509
-508
-509
-509
-509
-509
-508
-507
-507
-506
-505
-504
-502
-501
-500
-499
-498
-497
-496
-495
-494
-494
-494
-495
-494
-494
-495
-495
-495
-496
-496
-495
-494
-493
-493
-492
-490
-488
-485
-483
-481
-479
-478
-476
-475
-473
-473
-472
-472
-471
-470
-469
-469
-468
-467
-467
-465
-465
-463
-463
-462
-461
-459
-458
-456
-454
-452
-448
-446
-442
-438
-434
-430
-425
-420
-415
-411
-406
-401
-397
-392
-388
-384
-379
-375
-371
-367
-363
-360
-357
-355
-354
-353
-353
-354
-355
-356
-357
-358
-357
-357
-356
-355
-353
-351
-349
-347
-344
-342
-339
-335
-331
-327
-321
-316
-311
-305
-299
-294
-288
-284
-280
-277
-274
-272
-270
-268
-268
-267
-266
-265
-264
-263
-263
-262
-262
-261
-261
-261
-261
-261
-261
-262
-263
-263
-264
-265
-265
-265
-266
-266
-265
-265
-264
-263
-263
-262
-262
-262
-263
-264
-266
-268
-270
-272
-274
-276
-278
-279
-281
-281
-282
-282
-283
-283
-283
-283
-283
-282
-282
-281
-281
-280
-279
-277
-276
-274
-272
-270
-266
-262
-258
-253
-248
-244
-238
-233
-228
-223
-219
-215
-210
-206
-202
-198
-194
-190
-186
-182
-178
-175
-171
-168
-165
-162
-158
-155
-155
-149
-146
-143
-141
-139
-137
-135
-134
-132
-130
-129
-128
-127
-126
-124
-122
-121
-119
-118
-115
-113
-111
-109
-107
-105
-104
-102
-101
-101
-100
-100
-100
-100
-99
-99
-99
-98
-97
-96
-95
-94
-93
-93
-92
-92
-91
-91
-91
-91
-91
-92
-92
-93
-93
-93
-94
-95
-96
-97
-99
-100
-102
-103
-105
-106
-108
-108
-109
-110
-110
-110
-110
-111
-111
-111
-112
-113
-114
-115
-116
-117
-118
-118
-119
-119
-119
-118
-119
-118
-119
-120
-121
-122
-124
-125
-128
-130
-132
-134
-136
-138
-140
-143
-146
-148
-151
-153
-156
-159
-162
-166
-169
-172
-175
-179
-182
-185
-190
-193
-196
-199
-202
-205
-208
-211
-213
-216
-219
-222
-225
-228
-232
-235
-239
-242
-245
-248
-250
-253
-256
-258
-260
-262
-264
-266
-267
-268
-269
-270
-271
-272
-273
-275
-281
-278
-280
-283
-286
-290
-294
-298
-301
-305
-309
-312
-315
-318
-319
-321
-322
-322
-322
-322
-319
-316
-311
-304
-293
-280
-262
-239
-213
-182
-150
-118
-89
-65
-47
-34
-21
-3
31
98
215
400
664
1006
1411
1852
2047
2047
2047
2047
2047
2047
2047
2047
2047
2047
2047
2047
2047
2047
2047
2047
2047
2047
2047
2047
2047
2047
2047
2047
2047
2047
2047
2047
2047
2047
2047
2047
2047
2047
2047
2047
2047
2047
2047
2047
2047
2047
2047
2047
2047
1993
1587
1185
813
492
235
45
-85
-167
-218
-251
-276
-300
-326
-355
-386
-417
-448
-475
-498
-517
-531
-542
-548
-552
-555
-555
-554
-552
-549
-546
-541
-536
-530
-525
-519
-512
-507
-500
-494
-488
-483
-477
-473
-468
-465
-461
-458
-455
-453
-451
-449
-447
-446
-446
-445
-445
-445
-446
-447
-448
-449
-451
-452
-455
-457
-460
-463
-467
-471
-475
-479
-483
-486
-490
-492
-494
-495
-495
-494
-493
-491
-488
-487
-485
-484
-483
-483
-484
-485
-487
-488
-490
-492
-494
-496
-497
-498
-500
-501
-503
-504
-506
-507
-509
-510
-512
-513
-514
-516
-517
-519
-520
-521
-523
-524
-526
-527
-530
-531
-533
-535
-536
-537
-537
-539
-539
-539
-539
-538
-538
-537
-536
-534
-533
-532
-530
-529
-528
-526
-525
-524
-523
-522
-522
-521
-520
-519
-518
-517
-515
-514
-512
-510
-508
-507
-505
-503
-501
-501
-500
-500
-500
-501
-501
-503
-504
-506
-508
-509
-511
-512
-514
-515
-516
-517
-517
-517
-517
-517
-517
-516
-516
-516
-515
-513
-512
-510
-509
-507
-505
-503
-501
-499
-497
-495
-494
-492
-491
-491
-491
-491
-491
-491
-492
-493
-494
-495
-496
-497
-498
-499
-500
-500
-499
-498
-497
-496
-494
-493
-492
-490
-489
-487
-486
-485
-484
-483
-481
-479
-478
-476
-474
-472
-470
-468
-466
-464
-462
-461
-458
-456
-454
-451
-448
-445
-442
-438
-433
-429
-424
-419
-414
-409
-404
-399
-394
-389
-385
-380
-377
-372
-368
-364
-360
-357
-353
-351
-348
-347
-346
-346
-346
-347
-349
-350
-351
-353
-354
-354
-355
-354
-353
-351
-350
-348
-346
-344
-341
-338
-335
-331
-326
-321
-315
-309
-304
-298
-293
-288
-284
-280
-277
-275
-273
-271
-270
-268
-267
-266
-265
-264
-263
-262
-261
-260
-260
-259
-259
-259
-259
-260
-260
-261
-261
-262
-262
-262
-262
-262
-261
-260
-259
-258
-257
-256
-255
-255
-256
-256
-258
-259
-262
-263
-265
-267
-269
-271
-272
-273
-273
-274
-274
-274
-275
-275
-275
-275
-275
-275
-274
-274
-273
-272
-271
-269
-267
-265
-263
-260
-256
-253
-249
-245
-240
-235
-231
-227
-224
-220
-216
-213
-210
-206
-202
-198
-194
-191
-187
-183
-180
-175
-171
-167
-163
-160
-156
-153
-149
-146
-142
-140
-138
-136
-134
-133
-133
-132
-131
-130
-130
-129
-128
-127
-127
-126
-124
-123
-122
-120
-119
-118
-117
-117
-116
-116
-116
-115
-115
-114
-114
-114
-113
-112
-110
-108
-107
-105
-103
-102
-100
-98
-96
-95
-94
-93
-92
-91
-91
-90
-89
-88
-88
-87
-87
-87
-88
-88
-89
-90
-91
-92
-92
-93
-93
-93
-93
-93
-94
-94
-95
-96
-97
-99
-101
-103
-105
-107
-109
-110
-112
-113
-114
-115
-116
-118
-119
-121
-124
-126
-128
-131
-134
-136
-139
-142
-144
-146
-149
-152
-154
-156
-159
-161
-164
-166
-168
-170
-173
-175
-178
-180
-183
-185
-187
-189
-192
-194
-196
-198
-200
-202
-204
-205
-207
-210
-213
-215
-218
-221
-223
-226
-230
-233
-236
-238
-240
-243
-245
-247
-250
-251
-253
-255
-256
-258
-259
-262
-263
-265
-267
-270
-273
-276
-280
-284
-288
-293
-297
-302
-306
-310
-313
-316
-318
-320
-322
-323
-323
-322
-322
-318
-314
-307
-298
-285
-268
-247
-221
-191
-160
-128
-99
-75
-56
-43
-32
-15
16
78
189
365
621
955
1356
1795
2047
2047
2047
2047
2047
2047
2047
2047
2047
2047
2047
2047
2047
2047
2047
2047
2047
2047
2047
2047
2047
2047
2047
2047
2047
2047
2047
2047
2047
2047
2047
2047
2047
2047
2047
2047
2047
2047
2047
2047
2047
2047
2047
2047
2047
2005
1600
1199
827
504
246
55
-76
-159
-210
-243
-267
-290
-314
-343
-373
-404
-433
-460
-482
-501
-514
-524
-531
-535
-537
-537
-535
-533
-530
-526
-522
-517
-512
-506
-501
-495
-489
-483
-478
-474
-469
-465
-461
-458
-454
-453
-451
-449
-448
-447
-446
-446
-446
-446
-447
-448
-449
-451
-453
-454
-456
-459
-461
-464
-467
-470
-473
-476
-480
-484
-488
-492
-496
-498
-500
-501
-502
-502
-500
-498
-495
-493
-490
-488
-486
-485
-484
-485
-485
-486
-487
-488
-490
-491
-492
-493
-493
-495
-495
-496
-497
-498
-498
-499
-500
-501
-502
-503
-504
-501
-506
-507
-508
-510
-512
-513
-515
-517
-519
-521
-523
-525
-526
-527
-529
-530
-531
-531
-532
-531
-531
-531
-530
-530
-529
-528
-527
-526
-526
-526
-526
-525
-526
-527
-527
-526
-527
-527
-526
-526
-525
-524
-523
-521
-520
-519
-517
-515
-514
-513
-513
-512
-512
-512
-513
-514
-515
-516
-517
-517
-518
-517
-518
-518
-518
-517
-517
-516
-516
-516
-516
-516
-515
-514
-514
-514
-513
-512
-511
-509
-508
-507
-506
-504
-503
-503
-502
-502
-501
-501
-501
-502
-501
-502
-502
-503
-503
-503
-503
-503
-503
-502
-501
-499
-497
-495
-492
-490
-487
-485
-482
-480
-478
-475
-473
-472
-469
-468
-466
-464
-461
-460
-457
-456
-454
-452
-450
-449
-446
-445
-443
-441
-439
-438
-435
-431
-428
-425
-422
-417
-413
-409
-404
-400
-396
-392
-388
-384
-381
-377
-374
-370
-366
-363
-360
-357
-354
-352
-350
-350
-350
-350
-351
-352
-354
-356
-357
-358
-358
-358
-358
-356
-355
-352
-350
-348
-346
-342
-339
-336
-331
-326
-321
-315
-308
-303
-297
-291
-286
-281
-277
-274
-271
-269
-267
-265
-263
-262
-260
-258
-257
-256
-254
-253
-252
-251
-250
-250
-249
-249
-249
-250
-250
-250
-251
-251
-251
-252
-251
-250
-250
-249
-248
-248
-247
-247
-247
-248
-249
-251
-253
-255
-258
-260
-263
-266
-267
-269
-271
-273
-274
-275
-277
-277
-279
-279
-280
-281
-281
-282
-282
-282
-281
-280
-278
-277
-275
-272
-269
-265
-260
-255
-250
-245
-240
-235
-230
-225
-221
-216
-212
-208
-204
-200
-196
-192
-189
-185
-182
-178
-175
-172
-169
-166
-163
-159
-157
-154
-151
-149
-148
-146
-144
-143
-142
-142
-141
-140
-139
-139
-138
-137
-136
-134
-133
-131
-129
-127
-125
-123
-121
-119
-118
-117
-115
-114
-114
-112
-111
-110
-108
-106
-105
-102
-100
-97
-95
-92
-90
-88
-86
-84
-83
-81
-80
-78
-78
-77
-77
-76
-77
-76
-77
-78
-79
-80
-82
-84
-86
-88
-90
-92
-93
-95
-96
-97
-98
-99
-101
-102
-103
-105
-107
-109
-111
-114
-115
-117
-119
-120
-121
-122
-122
-122
-123
-124
-125
-126
-126
-128
-130
-131
-133
-134
-135
-137
-138
-139
-141
-143
-144
-146
-148
-150
-151
-153
-155
-157
-159
-161
-164
-166
-168
-171
-173
-175
-178
-180
-183
-185
-187
-189
-192
-195
-198
-201
-204
-208
-212
-215
-219
-223
-226
-230
-234
-237
-241
-243
-246
-249
-251
-254
-257
-259
-261
-263
-265
-268
-270
-272
-275
-279
-282
-286
-291
-296
-301
-306
-311
-316
-320
-324
-327
-330
-333
-335
-336
-337
-336
-335
-332
-328
-320
-311
-297
-280
-258
-231
-201
-168
-136
-107
-82
-62
-47
-35
-19
12
71
178
350
599
928
1323
1761
2047
2047
2047
2047
2047
2047
2047
2047
2047
2047
2047
2047
2047
2047
2047
2047
2047
2047
2047
2047
2047
2047
2047
2047
2047
2047
2047
2047
2047
2047
2047
2047
2047
2047
2047
2047
2047
2047
2047
2047
2047
2047
2047
2047
2047
2047
1653
1252
876
549
285
88
-48
-135
-189
-223
-248
-272
-296
-325
-355
-387
-417
-445
-469
-489
-504
-515
-522
-528
-531
-533
-533
-532
-530
-528
-524
-521
-517
-512
-508
-503
-498
-494
-490
-485
-481
-478
-474
-471
-468
-466
-464
-463
-461
-459
-459
-458
-458
-457
-457
-457
-458
-459
-459
-460
-461
-462
-464
-466
-467
-469
-472
-475
-478
-481
-484
-487
-491
-493
-494
-495
-494
-494
-492
-489
-487
-483
-480
-477
-475
-473
-472
-472
-472
-473
-474
-475
-477
-478
-479
-481
-482
-483
-485
-486
-487
-489
-490
-492
-494
-496
-498
-500
-502
-504
-506
-508
-510
-513
-515
-517
-520
-523
-525
-527
-531
-533
-536
-539
-541
-543
-545
-546
-546
-547
-548
-548
-548
-547
-547
-547
-545
-543
-542
-541
-540
-539
-538
-536
-535
-534
-533
-531
-530
-528
-525
-523
-520
-518
-516
-513
-510
-508
-506
-505
-505
-504
-504
-505
-506
-507
-509
-511
-512
-514
-516
-517
-518
-520
-520
-521
-521
-522
-522
-523
-522
-522
-522
-521
-521
-520
-518
-517
-515
-514
-511
-509
-507
-505
-502
-501
-499
-498
-497
-496
-495
-494
-495
-494
-495
-495
-495
-495
-495
-494
-494
-493
-491
-490
-488
-486
-484
-482
-479
-477
-475
-473
-472
-470
-469
-468
-466
-465
-463
-462
-461
-459
-458
-456
-455
-454
-452
-451
-449
-449
-447
-446
-444
-442
-440
-437
-435
-432
-428
-423
-419
-415
-410
-406
-402
-397
-393
-389
-384
-380
-376
-372
-369
-365
-361
-358
-354
-351
-349
-348
-348
-348
-348
-349
-350
-351
-352
-352
-353
-353
-351
-350
-348
-346
-344
-342
-338
-335
-332
-327
-323
-318
-312
-306
-300
-294
-288
-282
-277
-272
-268
-265
-262
-260
-257
-256
-255
-253
-252
-251
-250
-249
-248
-248
-247
-247
-247
-247
-247
-248
-249
-250
-250
-252
-253
-254
-255
-255
-256
-256
-256
-257
-257
-257
-257
-258
-258
-260
-262
-264
-267
-270
-272
-275
-277
-279
-281
-283
-284
-285
-286
-286
-286
-287
-287
-287
-286
-286
-285
-285
-284
-283
-282
-280
-279
-276
-274
-271
-268
-264
-261
-256
-252
-247
-243
-239
-234
-230
-226
-222
-219
-215
-212
-208
-204
-200
-197
-193
-189
-186
-182
-179
-175
-171
-168
-165
-161
-158
-154
-151
-148
-146
-144
-142
-140
-139
-137
-136
-135
-133
-132
-130
-128
-126
-124
-122
-119
-117
-115
-113
-111
-108
-107
-106
-105
-104
-104
-103
-103
-102
-102
-101
-99
-98
-97
-96
-94
-93
-91
-90
-89
-88
-88
-88
-87
-87
-87
-88
-88
-88
-89
-89
-90
-91
-91
-93
-95
-96
-98
-99
-100
-102
-102
-103
-103
-103
-103
-104
-103
-104
-104
-104
-105
-106
-107
-108
-109
-110
-110
-111
-111
-111
-111
-111
-111
-111
-112
-113
-114
-115
-117
-118
-119
-121
-123
-125
-126
-128
-130
-132
-134
-136
-138
-140
-143
-145
-148
-151
-153
-156
-159
-162
-165
-168
-171
-175
-178
-181
-184
-187
-190
-192
-196
-199
-203
-207
-211
-214
-219
-223
-227
-230
-235
-238
-242
-246
-250
-253
-257
-261
-263
-266
-269
-272
-274
-277
-280
-282
-285
-287
-290
-293
-296
-300
-303
-308
-313
-317
-321
-324
-328
-331
-334
-336
-338
-339
-339
-339
-338
-337
-333
-329
-322
-311
-299
-282
-260
-234
-204
-171
-139
-110
-84
-65
-51
-38
-23
6
66
171
342
591
919
1315
1753
2047
2047
2047
2047
2047
2047
2047
2047
2047
2047
2047
2047
2047
2047
2047
2047
2047
2047
2047
2047
2047
2047
2047
2047
2047
2047
2047
2047
2047
2047
2047
2047
2047
2047
2047
2047
2047
2047
2047
2047
2047
2047
2047
2047
2047
2047
1682
1279
901
569
301
99
-41
-132
-189
-225
-251
-275
-301
-330
-361
-393
-424
-453
-477
-498
-514
-525
-534
-539
-542
-544
-544
-542
-541
-538
-534
-530
-525
-521
-515
-510
-504
-499
-493
-488
-483
-479
-474
-470
-467
-464
-461
-458
-456
-455
-453
-451
-451
-450
-449
-449
-448
-449
-449
-450
-450
-451
-452
-453
-456
-458
-460
-463
-466
-469
-473
-476
-479
-481
-484
-486
-486
-486
-485
-483
-481
-478
-476
-474
-473
-472
-472
-473
-474
-476
-478
-480
-483
-485
-487
-489
-491
-493
-495
-497
-500
-502
-504
-507
-510
-512
-514
-517
-519
-522
-524
-526
-529
-532
-534
-537
-539
-540
-543
-545
-546
-548
-548
-549
-550
-550
-551
-550
-549
-549
-547
-545
-543
-542
-540
-538
-536
-535
-534
-533
-531
-531
-529
-529
-528
-527
-525
-524
-523
-521
-521
-519
-517
-516
-515
-513
-512
-510
-509
-509
-509
-508
-509
-510
-510
-511
-512
-513
-515
-515
-516
-516
-516
-517
-516
-516
-516
-516
-516
-515
-515
-515
-514
-513
-512
-511
-510
-508
-506
-504
-502
-500
-498
-497
-494
-493
-492
-491
-491
-490
-490
-490
-490
-490
-491
-492
-492
-493
-493
-493
-493
-493
-492
-491
-490
-488
-487
-484
-483
-480
-479
-477
-476
-475
-474
-473
-472
-470
-469
-468
-466
-464
-463
-461
-459
-457
-455
-454
-452
-451
-448
-447
-445
-442
-440
-436
-433
-430
-425
-421
-416
-411
-406
-402
-396
-392
-388
-383
-379
-374
-371
-366
-362
-358
-354
-350
-347
-344
-342
-340
-339
-339
-340
-340
-341
-343
-343
-344
-345
-345
-344
-343
-341
-339
-338
-335
-333
-330
-327
-324
-320
-316
-311
-306
-300
-295
-290
-285
-280
-276
-273
-270
-268
-267
-266
-265
-264
-263
-263
-263
-263
-263
-263
-262
-262
-263
-263
-264
-265
-266
-267
-268
-269
-269
-270
-271
-271
-271
-271
-270
-269
-268
-267
-265
-267
-265
-264
-263
-264
-265
-267
-267
-269
-271
-272
-274
-276
-277
-278
-279
-280
-280
-281
-282
-283
-283
-283
-283
-284
-284
-283
-283
-282
-281
-280
-278
-275
-273
-269
-265
-262
-257
-252
-248
-243
-238
-234
-229
-225
-221
-216
-213
-209
-205
-200
-197
-193
-189
-185
-181
-177
-173
-169
-166
-161
-158
-154
-151
-148
-145
-142
-140
-138
-136
-134
-134
-133
-132
-131
-130
-129
-128
-127
-126
-125
-123
-123
-121
-119
-117
-117
-115
-115
-114
-114
-113
-114
-113
-114
-113
-112
-112
-111
-109
-108
-106
-105
-103
-101
-99
-98
-96
-95
-94
-92
-91
-90
-89
-89
-88
-87
-86
-86
-85
-85
-86
-86
-86
-87
-87
-89
-89
-89
-90
-90
-90
-90
-90
-90
-90
-90
-91
-92
-94
-95
-93
-98
-100
-100
-102
-102
-102
-103
-104
-104
-105
-106
-108
-110
-112
-114
-117
-119
-121
-123
-126
-128
-131
-134
-136
-139
-142
-144
-147
-151
-154
-156
-159
-163
-166
-169
-173
-175
-179
-183
-187
-190
-194
-197
-200
-204
-207
-211
-214
-217
-221
-225
-229
-233
-238
-241
-244
-247
-250
-253
-257
-259
-261
-263
-267
-268
-270
-272
-274
-275
-276
-278
-280
-282
-284
-286
-288
-291
-295
-299
-303
-307
-312
-317
-321
-325
-328
-331
-333
-336
-338
-339
-339
-339
-337
-335
-331
-325
-315
-302
-286
-265
-239
-210
-178
-145
-115
-89
-68
-52
-40
-25
3
57
154
314
552
868
1254
1688
2047
2047
2047
2047
2047
2047
2047
2047
2047
2047
2047
2047
2047
2047
2047
2047
2047
2047
2047
2047
2047
2047
2047
2047
2047
2047
2047
2047
2047
2047
2047
2047
2047
2047
2047
2047
2047
2047
2047
2047
2047
2047
2047
2047
2047
2047
1770
1365
978
633
348
130
-25
-126
-190
-230
-256
-280
-304
-331
-361
-393
-423
-452
-477
-498
-514
-526
-534
-539
-542
-543
-543
-541
-539
-536
-532
-527
-522
-517
-511
-505
-499
-493
-487
-482
-477
-471
-467
-463
-459
-456
-453
-451
-448
-447
-445
-444
-444
-444
-444
-444
-445
-446
-447
-449
-450
-452
-454
-457
-460
-463
-466
-470
-473
-479
-483
-487
-491
-495
-498
-500
-501
-502
-502
-500
-499
-497
-496
-494
-492
-493
-492
-493
-494
-496
-499
-501
-503
-505
-507
-509
-510
-511
-512
-512
-514
-515
-515
-516
-517
-518
-519
-520
-521
-521
-521
-522
-522
-523
-525
-525
-527
-528
-530
-532
-533
-535
-536
-538
-539
-540
-541
-542
-542
-542
-542
-541
-541
-540
-539
-538
-537
-536
-535
-534
-533
-532
-532
-532
-531
-530
-529
-528
-526
-525
-523
-521
-519
-517
-514
-512
-510
-508
-506
-504
-504
-503
-503
-503
-504
-504
-506
-507
-507
-509
-510
-510
-511
-511
-511
-512
-511
-511
-512
-511
-511
-511
-511
-511
-510
-512
-508
-507
-506
-504
-502
-501
-499
-498
-496
-495
-495
-494
-494
-493
-494
-494
-494
-495
-496
-497
-497
-498
-499
-499
-499
-498
-497
-496
-495
-492
-491
-488
-486
-483
-481
-480
-477
-476
-474
-472
-470
-468
-466
-464
-462
-460
-458
-456
-454
-452
-449
-448
-446
-444
-443
-441
-438
-436
-434
-430
-427
-423
-419
-414
-409
-405
-400
-395
-390
-385
-381
-377
-373
-370
-365
-362
-358
-354
-351
-348
-345
-343
-341
-341
-340
-341
-342
-344
-346
-348
-350
-352
-353
-354
-354
-354
-353
-352
-351
-349
-347
-345
-343
-341
-338
-334
-329
-325
-320
-315
-310
-305
-301
-297
-294
-291
-289
-287
-285
-283
-282
-280
-279
-278
-276
-275
-273
-272
-271
-270
-269
-268
-267
-267
-267
-266
-266
-266
-265
-265
-266
-265
-265
-264
-263
-263
-262
-262
-261
-260
-261
-261
-263
-264
-266
-267
-270
-273
-275
-277
-278
-280
-281
-282
-283
-283
-284
-284
-284
-284
-284
-284
-284
-283
-282
-282
-281
-280
-279
-276
-273
-271
-268
-265
-261
-255
-251
-246
-242
-237
-232
-227
-223
-219
-215
-211
-207
-204
-200
-196
-193
-189
-186
-182
-179
-176
-172
-169
-166
-163
-160
-156
-154
-152
-149
-147
-145
-144
-143
-142
-141
-140
-139
-139
-138
-137
-136
-134
-132
-130
-128
-126
-124
-121
-119
-117
-115
-113
-112
-111
-110
-109
-107
-106
-105
-102
-100
-98
-96
-94
-91
-89
-86
-84
-82
-80
-79
-77
-76
-75
-75
-74
-74
-74
-73
-73
-73
-74
-74
-75
-76
-77
-79
-80
-82
-84
-85
-87
-87
-88
-89
-90
-90
-91
-93
-94
-96
-98
-100
-102
-105
-106
-108
-110
-111
-112
-114
-115
-116
-117
-119
-121
-123
-125
-128
-130
-132
-135
-137
-140
-143
-146
-148
-151
-154
-157
-160
-163
-166
-169
-172
-175
-178
-181
-184
-187
-189
-191
-194
-197
-200
-203
-204
-206
-207
-210
-214
-216
-218
-221
-224
-227
-231
-234
-238
-240
-243
-246
-250
-252
-256
-257
-260
-263
-266
-268
-270
-272
-274
-276
-278
-281
-282
-284
-287
-289
-293
-296
-300
-304
-308
-313
-317
-321
-325
-328
-331
-333
-334
-336
-336
-336
-335
-334
-331
-326
-319
-310
-298
-281
-260
-235
-205
-173
-140
-109
-83
-61
-45
-32
-17
9
60
153
306
535
843
1223
1652
2047
2047
2047
2047
2047
2047
2047
2047
2047
2047
2047
2047
2047
2047
2047
2047
2047
2047
2047
2047
2047
2047
2047
2047
2047
2047
2047
2047
2047
2047
2047
2047
2047
2047
2047
2047
2047
2047
2047
2047
2047
2047
2047
2047
2047
2047
1830
1425
1035
684
391
165
2
-106
-173
-215
-242
-266
-290
-317
-346
-378
-408
-437
-462
-483
-501
-513
-522
-528
-531
-532
-532
-532
-530
-527
-523
-520
-516
-511
-506
-501
-496
-491
-487
-481
-478
-473
-469
-467
-464
-462
-460
-458
-457
-457
-457
-456
-456
-456
-457
-458
-459
-460
-462
-463
-465
-467
-470
-472
-475
-478
-481
-485
-489
-493
-498
-502
-506
-509
-512
-514
-515
-515
-512
-510
-507
-505
-502
-498
-495
-493
-491
-490
-490
-490
-491
-491
-492
-493
-493
-494
-494
-495
-495
-497
-498
-499
-500
-500
-503
-504
-506
-508
-509
-511
-512
-515
-517
-519
-521
-523
-525
-528
-530
-533
-535
-537
-539
-541
-543
-544
-545
-545
-546
-545
-545
-544
-543
-542
-541
-539
-538
-537
-535
-534
-533
-532
-531
-530
-529
-528
-527
-526
-524
-524
-521
-519
-517
-515
-512
-511
-508
-506
-504
-503
-502
-502
-502
-502
-503
-504
-505
-507
-508
-509
-509
-511
-511
-512
-512
-512
-512
-512
-513
-513
-513
-513
-513
-512
-512
-512
-511
-509
-508
-506
-504
-503
-501
-499
-497
-495
-494
-493
-492
-492
-491
-490
-491
-491
-491
-491
-492
-492
-492
-492
-491
-491
-490
-489
-487
-485
-483
-481
-478
-476
-474
-472
-470
-468
-466
-465
-463
-462
-460
-458
-456
-453
-452
-450
-448
-446
-444
-443
-442
-440
-439
-438
-437
-435
-433
-431
-428
-426
-422
-418
-415
-411
-407
-403
-399
-396
-392
