9.000000
9.500000
23.000000
14.000000
10.000000
0.500000
23.000000
30.500000
26.500000
2.500000
-16.000000
4.500000
29.500000
30.500000
5.000000
-15.500000
-11.500000
10.000000
21.500000
13.500000
-4.000000
-6.500000
9.000000
18.000000
22.000000
15.000000
16.000000
11.500000
12.000000
15.500000
27.000000
26.000000
22.500000
-2.000000
-0.500000
5.000000
30.500000
23.500000
17.500000
-22.000000
-10.500000
12.500000
35.500000
26.500000
-15.500000
-17.500000
-5.000000
33.500000
22.000000
9.500000
-16.500000
-6.000000
28.500000
35.500000
12.500000
-19.000000
-2.500000
16.500000
34.000000
-7.500000
-21.000000
-9.000000
29.000000
29.500000
-12.000000
-31.000000
-16.000000
36.500000
36.000000
4.500000
-28.500000
-13.500000
40.000000
44.000000
17.000000
-24.500000
-5.000000
36.500000
42.500000
12.500000
-39.000000
-5.500000
35.500000
64.500000
27.500000
-32.000000
-20.000000
29.000000
81.000000
36.000000
0.000000
-36.500000
-10.500000
37.500000
57.500000
47.500000
1.000000
-6.000000
-1.000000
36.500000
35.500000
26.000000
34.000000
30.500000
39.500000
39.000000
73.000000
68.500000
57.500000
-30.000000
-87.000000
-98.000000
-100.500000
41.500000
119.000000
95.000000
40.500000
-60.000000
-83.500000
13.500000
136.500000
129.000000
-40.000000
-122.500000
-244.500000
-305.000000
35.500000
468.500000
614.500000
167.000000
-273.000000
-402.500000
-70.000000
253.000000
221.000000
-28.000000
-242.000000
-140.000000
26.500000
94.500000
-4.500000
-81.000000
-35.000000
-17.500000
2.000000
-78.500000
-12.000000
67.000000
109.500000
-4.500000
-95.500000
-64.500000
88.500000
210.000000
97.000000
-62.000000
-116.500000
18.500000
196.500000
168.500000
13.000000
-125.000000
-56.500000
106.000000
161.500000
56.500000
-104.500000
-100.500000
7.500000
116.500000
38.000000
-86.500000
-128.500000
-30.500000
72.500000
19.500000
-73.000000
-116.500000
-5.500000
57.000000
38.500000
-46.500000
-81.500000
10.500000
79.500000
79.500000
-24.000000
-42.500000
3.500000
96.500000
90.000000
19.000000
-17.000000
18.500000
88.500000
81.000000
24.000000
-11.000000
17.500000
74.500000
75.000000
17.500000
-30.000000
-15.500000
39.500000
64.500000
25.500000
-27.000000
-26.500000
23.500000
47.000000
18.500000
-39.500000
-22.500000
13.500000
48.000000
15.500000
-37.500000
-36.000000
-2.500000
41.500000
17.500000
-17.000000
-22.000000
7.000000
32.500000
24.000000
5.500000
-7.000000
14.000000
37.000000
34.000000
10.500000
9.500000
20.000000
23.500000
20.000000
11.000000
8.500000
21.000000
11.000000
12.500000
6.000000
13.000000
3.000000
1.000000
1.500000
-7.500000
1.500000
7.500000
0.000000
-15.500000
-14.500000
1.500000
12.500000
15.500000
-19.000000
-14.500000
10.000000
1.500000
10.000000
-12.000000
0.500000
5.000000
6.000000
1.000000
-17.500000
14.000000
7.000000
23.500000
5.000000
6.000000
19.000000
21.000000
37.000000
14.500000
22.000000
11.000000
13.000000
24.000000
44.500000
30.500000
-4.500000
-0.500000
2.000000
33.000000
24.000000
10.000000
1.000000
-0.500000
8.000000
8.500000
17.500000
8.000000
13.500000
-2.000000
-10.000000
3.500000
18.000000
38.000000
16.000000
11.500000
-3.000000
21.000000
29.000000
21.500000
7.000000
5.500000
16.500000
26.500000
19.000000
10.500000
-2.500000
16.000000
19.000000
29.500000
6.000000
8.000000
13.000000
20.000000
20.500000
10.500000
21.500000
22.000000
29.000000
15.000000
10.000000
15.000000
14.500000
11.000000
-0.500000
8.500000
15.500000
28.500000
16.500000
4.500000
3.500000
17.000000
31.000000
18.500000
10.500000
3.000000
18.000000
21.500000
23.500000
14.000000
9.000000
27.500000
14.000000
23.500000
24.000000
32.500000
32.500000
24.000000
50.000000
74.500000
73.500000
20.000000
-85.000000
-96.000000
-62.500000
-14.000000
37.000000
51.000000
20.500000
29.500000
-3.500000
-164.000000
-23.000000
134.000000
183.000000
31.000000
-141.000000
-286.000000
-336.500000
112.000000
537.000000
544.500000
72.000000
-324.000000
-335.000000
-27.000000
274.500000
152.000000
-64.000000
-223.500000
-93.500000
32.000000
73.000000
-13.000000
-72.500000
-27.000000
-24.500000
-12.500000
-66.500000
-3.500000
89.500000
63.000000
-33.000000
-121.500000
-17.500000
115.000000
180.500000
27.500000
-95.000000
-83.500000
76.500000
187.500000
114.000000
-34.000000
-95.000000
16.000000
122.500000
143.500000
13.500000
-58.000000
-44.000000
63.000000
102.500000
39.500000
-59.500000
-72.500000
37.500000
71.500000
27.000000
-72.000000
-53.000000
30.500000
75.500000
25.500000
-61.000000
-46.000000
29.500000
94.500000
33.000000
-41.000000
-51.000000
24.500000
81.500000
50.000000
-7.000000
-37.000000
22.500000
72.500000
59.500000
6.500000
-29.500000
17.500000
56.500000
58.500000
12.500000
-12.500000
-2.000000
29.000000
48.500000
20.000000
-4.500000
1.500000
26.000000
35.500000
10.500000
-11.500000
-16.000000
29.500000
40.500000
9.000000
-40.000000
-38.500000
16.500000
23.000000
1.000000
-41.500000
-42.000000
20.000000
30.500000
13.500000
-38.000000
-28.500000
18.500000
43.000000
18.500000
-19.000000
-7.500000
17.500000
44.000000
19.500000
-14.000000
-2.500000
23.000000
53.500000
18.000000
2.500000
-7.500000
23.000000
35.000000
28.000000
0.000000
-1.000000
17.000000
34.000000
30.000000
7.000000
-5.500000
9.500000
30.000000
27.000000
12.000000
-7.000000
11.500000
12.000000
26.000000
7.000000
-4.000000
4.500000
13.000000
15.000000
-7.000000
1.500000
10.500000
25.500000
18.500000
7.500000
10.000000
18.500000
39.000000
18.000000
13.500000
14.500000
37.500000
41.500000
29.000000
9.000000
0.000000
24.000000
43.000000
40.000000
1.500000
-5.000000
13.500000
41.000000
36.500000
6.500000
-1.500000
15.000000
16.000000
21.000000
-0.500000
9.000000
14.000000
22.000000
20.500000
16.000000
5.500000
13.000000
18.000000
10.500000
7.000000
-13.000000
13.000000
19.000000
25.500000
-6.000000
-21.500000
-3.500000
7.500000
35.500000
9.000000
-1.000000
-10.500000
17.500000
28.500000
23.500000
4.500000
4.000000
17.000000
21.000000
22.500000
-5.500000
2.500000
2.500000
31.500000
15.500000
13.000000
-2.500000
4.500000
14.000000
30.000000
21.000000
-5.000000
5.000000
7.000000
26.500000
16.500000
8.500000
3.500000
16.000000
33.500000
21.000000
16.000000
6.500000
38.000000
59.500000
40.500000
25.500000
40.000000
87.000000
84.000000
36.000000
-85.500000
-89.500000
-68.000000
-10.500000
72.500000
65.500000
18.500000
-2.500000
-115.000000
3.000000
129.500000
214.500000
-30.000000
-135.500000
-230.500000
-189.000000
-210.000000
186.500000
483.000000
473.500000
28.000000
-365.000000
-367.000000
15.000000
274.500000
210.500000
-122.500000
-250.500000
-136.500000
89.500000
128.000000
9.000000
-86.000000
-63.000000
20.000000
12.500000
-23.000000
-3.000000
79.000000
99.000000
-10.000000
-64.000000
-42.500000
113.500000
137.500000
78.000000
-45.000000
-95.000000
24.500000
124.500000
151.000000
10.500000
-89.000000
-70.000000
48.000000
128.000000
54.500000
-61.500000
-97.500000
-10.500000
74.000000
39.000000
-40.000000
-99.000000
-25.000000
36.500000
41.500000
-33.000000
-70.000000
2.000000
57.500000
62.500000
-29.500000
-34.500000
8.500000
86.000000
88.500000
10.500000
-27.500000
-3.500000
81.500000
87.500000
40.000000
-13.500000
-7.500000
45.000000
65.500000
37.000000
-19.500000
-21.500000
17.000000
58.500000
30.500000
-26.000000
-50.500000
-9.500000
40.500000
45.000000
-11.000000
-48.500000
-21.500000
35.000000
36.500000
-5.000000
-34.500000
-13.500000
34.000000
32.000000
-5.000000
-33.500000
-29.000000
26.000000
44.500000
27.500000
-29.500000
-24.500000
16.500000
65.000000
47.500000
-8.000000
-23.000000
12.000000
57.500000
52.000000
17.000000
-16.500000
3.000000
39.500000
45.500000
29.000000
-21.500000
5.500000
32.000000
38.500000
24.500000
-9.500000
-0.500000
14.500000
42.500000
16.000000
-5.500000
-9.500000
9.000000
34.000000
27.000000
8.500000
-8.500000
6.500000
25.500000
33.000000
11.500000
-18.000000
1.500000
9.500000
32.500000
8.000000
-5.500000
-13.000000
-3.000000
16.500000
16.000000
8.000000
4.000000
18.000000
23.000000
-0.500000
-5.500000
14.500000
35.000000
37.500000
8.500000
-7.000000
4.500000
19.500000
30.500000
16.500000
10.500000
3.000000
8.000000
18.000000
24.500000
6.000000
5.500000
7.500000
24.500000
7.000000
8.500000
-2.500000
5.000000
18.000000
20.000000
24.500000
0.500000
11.000000
8.000000
22.500000
15.000000
3.000000
2.000000
1.000000
23.500000
19.000000
-8.000000
-12.500000
4.000000
32.500000
27.000000
3.000000
-4.500000
5.000000
37.000000
34.500000
26.500000
-3.500000
5.000000
29.500000
40.000000
28.000000
-12.000000
-7.000000
7.500000
42.500000
35.000000
2.000000
-16.000000
2.500000
28.500000
41.500000
24.500000
-6.500000
-4.500000
2.500000
19.000000
35.500000
10.500000
6.000000
-12.500000
13.000000
14.000000
28.500000
27.000000
37.000000
20.000000
2.500000
43.000000
83.000000
86.000000
33.500000
-79.000000
-107.000000
-91.000000
-54.500000
23.000000
83.000000
69.500000
0.000000
-97.000000
0.500000
9.500000
94.000000
117.500000
-18.500000
-108.500000
-214.000000
-384.500000
-52.000000
350.000000
689.000000
219.500000
-210.000000
-482.000000
-152.000000
247.000000
254.000000
11.500000
-266.500000
-142.500000
30.000000
117.500000
-10.000000
-104.500000
-15.500000
32.500000
37.500000
-98.500000
-58.500000
48.500000
181.500000
55.000000
-85.500000
-129.500000
46.000000
222.000000
180.000000
-31.000000
-159.000000
-39.000000
164.000000
238.000000
51.500000
-113.500000
-125.500000
86.000000
188.000000
112.000000
-96.000000
-127.500000
2.000000
123.000000
89.000000
-62.500000
-116.500000
-32.000000
73.500000
49.000000
-53.500000
-103.500000
-6.000000
84.500000
64.500000
-60.000000
-82.000000
-0.500000
116.500000
99.500000
-36.500000
-77.500000
-9.500000
126.000000
104.000000
12.000000
-70.500000
-7.500000
87.000000
114.000000
38.500000
-67.000000
-26.000000
47.500000
114.500000
39.000000
-42.000000
-59.000000
11.500000
70.500000
27.000000
-16.000000
-38.500000
33.000000
36.500000
16.500000
-44.000000
-28.500000
29.000000
53.500000
18.000000
-47.500000
-37.000000
2.000000
42.500000
12.500000
-17.500000
-25.500000
14.000000
32.000000
27.000000
-6.000000
-7.000000
14.000000
40.500000
34.000000
7.500000
0.500000
17.500000
29.500000
16.500000
1.500000
3.000000
28.500000
26.500000
13.500000
-15.000000
-2.000000
21.500000
28.000000
17.500000
-13.500000
3.000000
8.500000
26.500000
6.500000
1.000000
7.500000
13.500000
21.500000
8.500000
1.000000
9.500000
16.000000
19.000000
0.500000
8.500000
-1.500000
10.500000
1.000000
-2.500000
10.500000
6.500000
9.000000
-0.500000
1.000000
7.500000
16.500000
26.000000
22.000000
14.500000