-526
-525
-525
-526
-527
-528
-531
-535
-538
-542
-546
-551
-555
-559
-563
-566
-568
-570
-572
-574
-575
-575
-576
-576
-575
-575
-575
-574
-573
-572
-571
-570
-568
-566
-563
-562
-558
-556
-552
-547
-543
-537
-532
-525
-518
-511
-504
-497
-490
-482
-475
-469
-463
-456
-451
-445
-440
-434
-428
-422
-417
-411
-405
-399
-393
-387
-382
-376
-370
-364
-357
-351
-345
-340
-333
-328
-322
-317
-313
-310
-307
-303
-300
-298
-295
-293
-291
-289
-286
-283
-281
-277
-274
-270
-265
-260
-256
-250
-246
-241
-236
-231
-228
-224
-221
-217
-214
-211
-209
-206
-204
-201
-198
-194
-190
-186
-181
-177
-172
-168
-163
-159
-155
-151
-147
-145
-142
-139
-138
-136
-133
-132
-131
-130
-129
-128
-128
-128
-128
-129
-131
-134
-136
-138
-142
-145
-149
-153
-157
-160
-163
-167
-170
-173
-175
-178
-182
-184
-189
-194
-199
-203
-208
-214
-219
-224
-229
-233
-238
-241
-245
-247
-251
-252
-255
-258
-261
-265
-268
-272
-276
-280
-284
-288
-292
-296
-299
-303
-307
-310
-314
-318
-322
-326
-330
-335
-339
-342
-347
-351
-356
-360
-364
-368
-372
-376
-380
-384
-389
-393
-397
-401
-404
-407
-411
-413
-416
-419
-423
-425
-430
-433
-438
-442
-446
-451
-456
-461
-465
-470
-474
-479
-483
-487
-491
-494
-498
-502
-505
-507
-510
-513
-516
-518
-521
-524
-526
-529
-533
-536
-541
-545
-551
-556
-563
-570
-578
-586
-594
-601
-609
-615
-621
-627
-631
-636
-638
-641
-643
-644
-645
-643
-640
-635
-628
-619
-605
-586
-562
-532
-495
-451
-402
-348
-293
-238
-188
-146
-110
-84
-64
-43
-11
47
150
324
591
971
1473
2047
2047
2047
2047
2047
2047
2047
2047
2047
2047
2047
2047
2047
2047
2047
2047
2047
2047
2047
2047
2047
2047
2047
2047
2047
2047
2047
2047
2047
2047
2047
2047
2047
2047
2047
2047
2047
2047
2047
2047
2047
2047
2047
2047
2047
2047
2047
2047
2047
2047
2047
2047
2047
2047
2047
2047
2047
2047
2047
1569
1014
559
205
-54
-232
-351
-428
-482
-524
-564
-608
-656
-708
-763
-818
-872
-921
-964
-999
-1029
-1051
-1068
-1081
-1089
-1095
-1097
-1097
-1096
-1093
-1089
-1084
-1077
-1071
-1063
-1054
-1045
-1037
-1028
-1018
-1008
-999
-990
-982
-974
-967
-960
-954
-948
-943
-939
-936
-933
-929
-927
-925
-923
-921
-920
-919
-919
-919
-920
-920
-921
-922
-924
-926
-929
-931
-934
-938
-941
-946
-951
-957
-962
-969
-975
-981
-987
-993
-996
-1000
-1001
-1003
-1002
-1000
-997
-993
-988
-984
-979
-976
-972
-970
-968
-967
-969
-970
-972
-974
-977
-979
-983
-985
-988
-990
-991
-994
-995
-998
-999
-1001
-1003
-1005
-1007
-1010
-1012
-1015
-1016
-1019
-1020
-1022
-1024
-1027
-1028
-1031
-1033
-1035
-1039
-1042
-1044
-1047
-1050
-1053
-1056
-1058
-1061
-1063
-1064
-1065
-1065
-1065
-1064
-1063
-1061
-1060
-1057
-1055
-1052
-1049
-1045
-1044
-1040
-1038
-1035
-1032
-1029
-1027
-1025
-1023
-1021
-1020
-1018
-1016
-1014
-1011
-1009
-1007
-1004
-1001
-997
-994
-990
-987
-984
-982
-979
-977
-974
-974
-973
-973
-974
-975
-977
-979
-981
-985
-987
-991
-993
-999
-998
-1001
-1002
-1004
-1006
-1007
-1008
-1010
-1011
-1012
-1013
-1014
-1014
-1014
-1014
-1014
-1013
-1012
-1009
-1007
-1003
-1002
-999
-995
-992
-989
-986
-983
-981
-979
-977
-976
-975
-975
-975
-975
-975
-975
-976
-977
-978
-978
-979
-979
-979
-980
-979
-978
-976
-974
-971
-968
-966
-961
-957
-954
-950
-948
-944
-941
-938
-935
-932
-930
-927
-924
-922
-918
-916
-912
-909
-906
-902
-899
-896
-892
-889
-886
-884
-880
-877
-874
-871
-868
-863
-858
-853
-848
-842
-835
-829
-821
-813
-805
-797
-788
-780
-772
-764
-757
-749
-742
-737
-729
-722
-715
-708
-703
-697
-691
-686
-682
-679
-677
-676
-675
-677
-679
-682
-684
-689
-692
-694
-697
-699
-700
-700
-700
-698
-697
-694
-693
-690
-687
-683
-680
-675
-672
-664
-657
-649
-641
-632
-623
-614
-605
-597
-590
-582
-576
-571
-566
-563
-560
-557
-556
-553
-551
-550
-548
-546
-544
-542
-540
-538
-536
-534
-533
-532
-531
-529
-529
-528
-528
-528
-528
-527
-527
-527
-525
-524
-523
-522
-519
-517
-514
-512
-508
-505
-503
-501
-500
-498
-499
-500
-502
-504
-507
-511
-515
-519
-522
-526
-529
-532
-535
-538
-540
-543
-544
-547
-549
-551
-552
-554
-555
-556
-557
-558
-558
-558
-558
-558
-557
-555
-553
-551
-547
-543
-538
-532
-526
-519
-512
-504
-497
-489
-482
-475
-469
-462
-457
-450
-445
-439
-434
-428
-423
-418
-412
-407
-402
-396
-390
-384
-379
-373
-367
-361
-355
-349
-342
-336
-331
-326
-321
-317
-312
-308
-306
-302
-300
-297
-295
-292
-290
-287
-285
-282
-278
-275
-272
-268
-264
-260
-256
-252
-249
-245
-242
-240
-238
-236
-234
-232
-231
-230
-229
-226
-224
-222
-221
-217
-215
-211
-207
-203
-200
-196
-193
-190
-188
-186
-184
-183
-181
-180
-180
-179
-178
-178
-178
-178
-178
-178
-179
-179
-180
-182
-184
-186
-187
-190
-191
-193
-194
-195
-197
-197
-197
-196
-196
-194
-195
-193
-194
-194
-194
-195
-198
-199
-202
-204
-206
-208
-210
-211
-213
-214
-214
-215
-215
-218
-219
-220
-223
-225
-228
-231
-234
-238
-241
-244
-247
-250
-253
-257
-260
-264
-267
-271
-275
-279
-284
-288
-292
-296
-301
-306
-310
-315
-320
-325
-331
-337
-343
-348
-355
-361
-367
-373
-378
-384
-389
-395
-401
-407
-413
-419
-426
-432
-439
-446
-453
-460
-467
-474
-480
-487
-494
-499
-504
-510
-514
-520
-524
-528
-532
-535
-539
-542
-545
-548
-550
-553
-555
-559
-562
-566
-570
-574
-581
-587
-593
-600
-607
-614
-620
-627
-633
-639
-643
-647
-650
-653
-655
-656
-655
-654
-652
-648
-643
-635
-623
-607
-587
-561
-529
-490
-444
-393
-337
-281
-226
-177
-136
-103
-79
-58
-35
4
77
203
407
714
1139
1688
2047
2047
2047
2047
2047
2047
2047
2047
2047
2047
2047
2047
2047
2047
2047
2047
2047
2047
2047
2047
2047
2047
2047
2047
2047
2047
2047
2047
2047
2047
2047
2047
2047
2047
2047
2047
2047
2047
2047
2047
2047
2047
2047
2047
2047
2047
2047
2047
2047
2047
2047
2047
2047
2047
2047
2047
2047
2047
1941
1337
821
404
88
-140
-293
-394
-461
-509
-548
-588
-632
-681
-733
-787
-841
-892
-941
-979
-1011
-1039
-1059
-1073
-1083
-1090
-1092
-1093
-1092
-1089
-1084
-1078
-1072
-1064
-1055
-1045
-1035
-1023
-1013
-1001
-990
-980
-969
-959
-949
-939
-931
-924
-916
-910
-904
-899
-894
-891
-887
-884
-882
-879
-878
-877
-877
-877
-877
-878
-880
-882
-884
-886
-890
-893
-896
-901
-905
-911
-916
-923
-930
-937
-945
-952
-960
-968
-974
-980
-985
-988
-989
-990
-990
-988
-986
-982
-980
-977
-975
-974
-973
-973
-975
-977
-980
-984
-988
-992
-996
-1000
-1004
-1008
-1011
-1014
-1017
-1021
-1023
-1026
-1028
-1031
-1034
-1037
-1039
-1041
-1044
-1046
-1048
-1050
-1051
-1053
-1055
-1057
-1058
-1060
-1062
-1064
-1066
-1069
-1070
-1072
-1074
-1076
-1077
-1078
-1079
-1080
-1079
-1079
-1078
-1077
-1074
-1072
-1070
-1066
-1063
-1060
-1056
-1054
-1050
-1046
-1043
-1040
-1037
-1035
-1032
-1030
-1028
-1025
-1022
-1020
-1018
-1015
-1013
-1009
-1006
-1003
-999
-997
-993
-990
-985
-983
-980
-978
-975
-973
-972
-972
-972
-974
-974
-977
-979
-982
-984
-988
-990
-993
-996
-998
-1001
-1003
-1004
-1006
-1008
-1009
-1010
-1012
-1014
-1014
-1016
-1017
-1018
-1018
-1018
-1017
-1017
-1015
-1013
-1011
-1008
-1005
-1003
-999
-997
-994
-991
-989
-987
-985
-984
-982
-982
-980
-980
-979
-979
-979
-979
-978
-978
-978
-977
-976
-974
-972
-970
-968
-964
-960
-956
-952
-947
-943
-937
-934
-929
-925
-920
-917
-914
-910
-907
-903
-900
-896
-893
-889
-885
-882
-878
-874
-871
-868
-865
-862
-859
-857
-854
-851
-849
-846
-843
-839
-835
-831
-825
-819
-812
-806
-799
-792
-784
-777
-769
-762
-756
-749
-743
-737
-731
-725
-720
-715
-709
-704
-699
-695
-691
-687
-683
-681
-680
-680
-681
-683
-686
-690
-694
-697
-702
-706
-709
-711
-711
-711
-711
-709
-708
-706
-702
-699
-696
-691
-687
-682
-676
-669
-662
-653
-644
-636
-626
-617
-607
-599
-591
-584
-578
-572
-567
-563
-560
-558
-555
-552
-551
-549
-547
-545
-544
-541
-539
-538
-537
-535
-534
-534
-533
-533
-533
-533
-534
-534
-534
-535
-536
-536
-536
-536
-535
-534
-532
-531
-530
-528
-526
-525
-524
-524
-523
-523
-525
-527
-530
-533
-536
-539
-543
-547
-549
-552
-555
-556
-558
-559
-560
-562
-562
-563
-563
-564
-564
-564
-565
-564
-564
-564
-563
-562
-560
-559
-556
-554
-551
-546
-542
-537
-530
-522
-515
-506
-498
-489
-480
-471
-462
-453
-445
-437
-429
-422
-414
-406
-399
-391
-384
-377
-369
-362
-355
-348
-342
-335
-327
-321
-314
-307
-302
-296
-290
-284
-279
-273
-270
-266
-263
-260
-258
-256
-255
-253
-252
-251
-249
-248
-246
-244
-241
-239
-236
-235
-231
-229
-226
-224
-222
-220
-218
-217
-217
-217
-217
-217
-218
-218
-219
-219
-219
-219
-218
-217
-215
-213
-211
-209
-208
-205
-203
-201
-200
-199
-197
-196
-195
-194
-193
-192
-192
-191
-190
-191
-190
-190
-190
-191
-192
-194
-195
-197
-200
-201
-203
-205
-207
-208
-209
-210
-210
-210
-209
-209
-208
-208
-208
-209
-209
-210
-211
-212
-213
-214
-215
-216
-216
-216
-216
-215
-215
-215
-215
-216
-217
-218
-221
-223
-227
-231
-235
-238
-242
-246
-251
-255
-260
-264
-269
-274
-279
-285
-290
-295
-300
-307
-312
-318
-323
-329
-334
-340
-346
-352
-359
-365
-371
-378
-383
-389
-394
-400
-405
-411
-416
-421
-426
-431
-437
-443
-449
-456
-462
-469
-475
-482
-488
-494
-500
-507
-512
-518
-523
-528
-532
-537
-540
-544
-547
-550
-552
-555
-556
-558
-560
-563
-565
-567
-570
-573
-576
-581
-585
-590
-595
-601
-606
-612
-617
-622
-625
-629
-631
-633
-635
-635
-634
-634
-632
-629
-626
-620
-612
-602
-588
-570
-547
-519
-484
-441
-393
-340
-284
-228
-174
-127
-87
-57
-35
-14
12
57
141
284
512
848
1305
1883
2047
2047
2047
2047
2047
2047
2047
2047
2047
2047
2047
2047
2047
2047
2047
2047
2047
2047
2047
2047
2047
2047
2047
2047
2047
2047
2047
2047
2047
2047
2047
2047
2047
2047
2047
2047
2047
2047
2047
2047
2047
2047
2047
2047
2047
2047
2047
2047
2047
2047
2047
2047
2047
2047
2047
2047
2047
2047
1595
1032
566
203
-64
-249
-371
-450
-503
-544
-582
-623
-670
-720
-773
-827
-878
-927
-968
-1003
-1031
-1053
-1067
-1079
-1086
-1090
-1090
-1090
-1087
-1083
-1078
-1071
-1064
-1055
-1045
-1036
-1027
-1016
-1005
-994
-983
-974
-964
-955
-946
-938
-931
-923
-918
-913
-908
-904
-900
-897
-895
-893
-891
-890
-889
-889
-889
-890
-890
-892
-894
-896
-899
-902
-906
-910
-914
-919
-924
-930
-936
-943
-950
-958
-965
-973
-980
-986
-992
-996
-1000
-1002
-1002
-1001
-999
-996
-992
-988
-983
-980
-977
-974
-973
-972
-972
-973
-974
-976
-978
-980
-982
-985
-986
-988
-989
-991
-992
-993
-995
-996
-998
-1000
-1002
-1005
-1007
-1009
-1010
-1012
-1014
-1016
-1018
-1020
-1022
-1024
-1026
-1029
-1031
-1034
-1037
-1040
-1043
-1046
-1049
-1052
-1054
-1056
-1058
-1059
-1059
-1060
-1059
-1059
-1058
-1056
-1055
-1052
-1051
-1047
-1045
-1043
-1040
-1038
-1035
-1034
-1032
-1032
-1030
-1028
-1027
-1026
-1024
-1023
-1022
-1020
-1017
-1015
-1013
-1011
-1008
-1004
-1001
-999
-996
-993
-990
-988
-987
-985
-985
-985
-985
-986
-987
-990
-992
-995
-997
-999
-1002
-1003
-1005
-1007
-1008
-1009
-1010
-1010
-1010
-1011
-1011
-1011
-1012
-1012
-1011
-1012
-1011
-1010
-1009
-1007
-1006
-1004
-1002
-999
-997
-993
-991
-988
-985
-984
-983
-981
-981
-979
-980
-980
-980
-980
-982
-983
-984
-985
-987
-988
-989
-989
-989
-989
-988
-987
-985
-983
-980
-976
-972
-967
-964
-959
-955
-951
-947
-944
-940
-937
-934
-930
-927
-923
-920
-917
-913
-909
-905
-902
-898
-894
-891
-888
-885
-882
-879
-876
-874
-869
-867
-863
-859
-855
-850
-844
-838
-831
-824
-816
-808
-800
-792
-784
-776
-768
-760
-753
-746
-739
-732
-726
-719
-711
-705
-699
-693
-687
-682
-677
-672
-670
-669
-668
-669
-671
-673
-676
-680
-684
-687
-690
-691
-691
-690
-690
-688
-687
-683
-680
-676
-672
-667
-663
-657
-651
-645
-637
-629
-619
-610
-600
-590
-580
-570
-561
-553
-546
-539
-535
-531
-527
-525
-522
-520
-519
-518
-517
-516
-515
-515
-514
-513
-513
-514
-514
-514
-515
-516
-518
-519
-522
-524
-526
-528
-531
-533
-535
-537
-538
-540
-540
-540
-540
-540
-539
-539
-540
-539
-540
-541
-542
-545
-548
-551
-555
-559
-563
-566
-570
-573
-575
-578
-579
-580
-581
-582
-582
-582
-582
-582
-582
-581
-581
-578
-578
-576
-574
-572
-570
-567
-564
-560
-556
-552
-546
-540
-532
-525
-517
-509
-501
-491
-483
-474
-465
-457
-448
-442
-436
-427
-420
-415
-408
-402
-396
-390
-383
-378
-372
-366
-360
-355
-349
-343
-338
-332
-327
-322
-316
-311
-307
-303
-300
-297
-294
-292
-291
-291
-290
-290
-288
-288
-288
-288
-287
-286
-285
-284
-283
-280
-277
-275
-274
-271
-269
-267
-264
-263
-261
-260
-259
-257
-256
-254
-253
-251
-248
-247
-244
-240
-236
-232
-227
-224
-219
-215
-210
-206
-202
-199
-195
-192
-188
-186
-183
-180
-177
-175
-173
-170
-168
-167
-165
-164
-163
-162
-163
-162
-163
-164
-165
-165
-166
-167
-168
-169
-168
-168
-168
-168
-169
-169
-169
-171
-173
-176
-178
-181
-185
-188
-191
-194
-197
-201
-203
-204
-206
-208
-210
-212
-214
-216
-220
-223
-227
-231
-235
-240
-245
-248
-253
-256
-262
-266
-271
-276
-281
-285
-291
-296
-302
-308
-314
-319
-326
-331
-337
-343
-349
-356
-362
-369
-375
-382
-388
-394
-401
-407
-411
-417
-422
-428
-432
-437
-443
-449
-455
-460
-466
-472
-478
-485
-490
-496
-502
-508
-514
-518
-524
-528
-532
-536
-540
-544
-547
-550
-553
-557
-558
-560
-563
-565
-567
-570
-573
-576
-580
-585
-590
-596
-602
-608
-615
-622
-627
-633
-639
-642
-647
-649
-652
-653
-654
-654
-652
-650
-646
-642
-635
-626
-613
-597
-576
-549
-517
-477
-431
-379
-323
-266
-210
-160
-116
-82
-55
-33
-11
24
88
200
387
669
1067
1587
2047
2047
2047
2047
2047
2047
2047
2047
2047
2047
2047
2047
2047
2047
2047
2047
2047
2047
2047
2047
2047
2047
2047
2047
2047
2047
2047
2047
2047
2047
2047
2047
2047
2047
2047
2047
2047
2047
2047
2047
2047
2047
2047
2047
2047
2047
2047
2047
2047
2047
2047
2047
2047
2047
2047
2047
2047
2047
2047
1518
972
525
179
-72
-246
-359
-434
-484
-525
-565
-606
-654
-705
-759
-813
-865
-913
-954
-989
-1017
-1039
-1055
-1066
-1073
-1077
-1079
-1079
-1078
-1074
-1069
-1064
-1059
-1052
-1044
-1035
-1026
-1018
-1008
-1000
-991
-983
-974
-967
-960
-953
-948
-942
-938
-934
-932
-929
-926
-925
-925
-923
-922
-922
-923
-923
-923
-925
-926
-927
-929
-931
-933
-936
-939
-941
-945
-948
-952
-957
-962
-967
-973
-979
-985
-991
-996
-1001
-1005
-1008
-1009
-1010
-1008
-1006
-1003
-999
-994
-989
-984
-979
-976
-975
-973
-972
-972
-973
-975
-978
-979
-981
-984
-986
-989
-989
-992
-994
-995
-996
-998
-1000
-1002
-1004
-1005
-1008
-1010
-1012
-1015
-1016
-1019
-1020
-1023
-1025
-1028
-1031
-1035
-1038
-1041
-1045
-1050
-1054
-1057
-1062
-1066
-1069
-1072
-1075
-1078
-1081
-1082
-1083
-1083
-1083
-1083
-1082
-1081
-1080
-1078
-1075
-1073
-1071
-1069
-1065
-1063
-1061
-1059
-1058
-1055
-1052
-1051
-1049
-1046
-1044
-1041
-1037
-1035
-1031
-1026
-1022
-1017
-1013
-1009
-1004
-1000
-995
-991
-988
-985
-983
-982
-980
-980
-979
-981
-981
-982
-984
-985
-986
-988
-989
-989
-990
-990
-991
-991
-991
-991
-991
-991
-991
-991
-991
-990
-990
-989
-988
-987
-985
-983
-981
-978
-975
-972
-969
-967
-963
-962
-959
-957
-956
-955
-955
-955
-955
-956
-957
-958
-960
-961
-963
-966
-967
-969
-971
-972
-974
-974
-974
-974
-972
-971
-970
-968
-966
-963
-960
-959
-956
-954
-952
-949
-948
-946
-944
-942
-940
-937
-934
-932
-929
-926
-923
-920
-918
-914
-911
-908
-906
-902
-900
-897
-894
-890
-887
-882
-877
-872
-866
-859
-852
-844
-836
-829
-820
-811
-803
-795
-788
-781
-773
-767
-759
-753
-746
-739
-732
-725
-719
-712
-706
-700
-696
-692
-689
-687
-686
-686
-687
-690
-691
-694
-696
-698
-699
-700
-699
-698
-696
-695
-691
-689
-685
-682
-678
-674
-670
-665
-660
-654
-648
-639
-630
-621
-612
-604
-595
-587
-579
-572
-566
-560
-557
-553
-551
-549
-548
-546
-545
-543
-542
-541
-539
-539
-538
-537
-535
-535
-535
-534
-535
-535
-535
-536
-537
-539
-540
-541
-543
-544
-545
-545
-546
-546
-546
-545
-544
-543
-542
-540
-540
-539
-539
-539
-540
-542
-543
-546
-549
-553
-556
-559
-562
-564
-566
-568
-568
-569
-568
-569
-568
-567
-567
-566
-564
-562
-561
-559
-557
-555
-552
-550
-547
-543
-540
-536
-532
-526
-521
-514
-507
-500
-492
-483
-474
-466
-457
-450
-441
-432
-424
-418
-412
-405
-399
-392
-387
-381
-377
-371
-367
-361
-356
-351
-347
-343
-338
-333
-329
-324
-319
-316
-311
-307
-303
-301
-298
-296
-294
-293
-291
-290
-290
-290
-289
-289
-288
-287
-285
-284
-282
-280
-277
-275
-272
-269
-266
-263
-259
-257
-255
-253
-252
-251
-250
-248
-249
-247
-246
-245
-243
-241
-239
-236
-232
-229
-224
-221
-217
-214
-211
-208
-204
-201
-199
-196
-194
-192
-190
-188
-186
-185
-184
-181
-181
-181
-180
-180
-181
-182
-182
-184
-186
-187
-188
-191
-192
-192
-194
-194
-195
-196
-196
-196
-196
-196
-199
-201
-203
-204
-208
-211
-213
-217
-220
-222
-225
-226
-228
-229
-231
-232
-233
-235
-237
-239
-242
-245
-249
-253
-256
-260
-264
-267
-270
-275
-278
-282
-285
-289
-293
-297
-301
-305
-309
-313
-317
-321
-325
-329
-334
-338
-342
-347
-351
-356
-361
-365
-370
-374
-378
-382
-386
-390
-393
-398
-401
-404
-409
-413
-418
-423
-431
-433
-439
-444
-449
-455
-460
-465
-470
-475
-479
-484
-488
-492
-495
-499
-503
-506
-509
-512
-516
-519
-522
-524
-529
-532
-537
-543
-548
-555
-562
-569
-578
-587
-595
-604
-612
-620
-628
-634
-640
-646
-651
-654
-658
-660
-662
-662
-661
-658
-653
-646
-634
-619
-599
-573
-539
-500
-454
-402
-347
-292
-239
-192
-152
-122
-99
-80
-54
-11
67
203
422
746
1191
1758
2047
2047
2047
2047
2047
2047
2047
2047
2047
2047
2047
2047
2047
2047
2047
2047
2047
2047
2047
2047
2047
2047
2047
2047
2047
2047
2047
2047
2047
2047
2047
2047
2047
2047
2047
2047
2047
2047
2047
2047
2047
2047
2047
2047
2047
2047
2047
2047
2047
2047
2047
2047
2047
2047
2047
2047
2047
2047
1779
1195
703
313
21
-184
-323
-413
-474
-520
-560
-602
-649
-699
-755
-810
-864
-915
-961
-1000
-1032
-1057
-1076
-1091
-1100
-1106
-1110
-1110
-1109
-1106
-1102
-1097
-1091
-1084
-1075
-1066
-1056
-1046
-1036
-1027
-1016
-1006
-996
-986
-978
-969
-961
-954
-947
-941
-936
-931
-926
-922
-919
-916
-912
-910
-908
-906
-904
-904
-904
-904
-904
-904
-906
-907
-910
-912
-914
-917
-921
-925
-929
-935
-940
-945
-951
-957
-963
-968
-973
-977
-979
-981
-980
-979
-976
-972
-968
-964
-959
-955
-951
-949
-946
-946
-946
-947
-949
-952
-954
-957
-961
-963
-967
-969
-972
-974
-976
-980
-982
-985
-987
-989
-993
-996
-999
-1002
-1005
-1008
-1010
-1013
-1017
-1019
-1022
-1025
-1029
-1032
-1036
-1040
-1044
-1049
-1052
-1058
-1062
-1066
-1069
-1073
-1076
-1079
-1082
-1084
-1086
-1086
-1087
-1087
-1087
-1087
-1086
-1084
-1083
-1082
-1080
-1079
-1077
-1076
-1075
-1073
-1072
-1071
-1070
-1068
-1066
-1065
-1062
-1060
-1057
-1054
-1050
-1045
-1043
-1038
-1035
-1030
-1026
-1022
-1018
-1014
-1011
-1008
-1006
-1003
-1002
-1002
-1001
-1001
-1002
-1002
-1003
-1007
-1004
-1005
-1005
-1006
-1005
-1006
-1005
-1004
-1002
-1001
-1000
-1000
-998
-997
-995
-993
-991
-989
-987
-985
-983
-979
-976
-973
-970
-967
-964
-961
-958
-955
-954
-953
-952
-952
-951
-951
-952
-953
-954
-956
-957
-958
-961
-962
-964
-965
-967
-968
-969
-969
-969
-968
-967
-966
-964
-961
-960
-958
-955
-954
-952
-950
-948
-947
-946
-945
-943
-941
-939
-938
-936
-933
-931
-929
-926
-923
-921
-917
-914
-912
-908
-904
-901
-896
-892
-888
-883
-877
-871
-864
-856
-847
-839
-829
-820
-810
-800
-790
-781
-771
-762
-753
-745
-737
-729
-720
-712
-705
-697
-690
-683
-676
-670
-666
-662
-659
-657
-656
-658
-660
-663
-667
-671
-676
-679
-683
-685
-687
-689
-690
-688
-688
-686
-685
-683
-680
-677
-674
-670
-666
-660
-654
-646
-638
-629
-620
-611
-603
-595
-588
-580
-574
-569
-564
-561
-558
-556
-554
-552
-549
-548
-547
-545
-543
-542
-539
-538
-536
-536
-535
-535
-534
-533
-533
-533
-533
-534
-534
-534
-534
-534
-534
-532
-532
-531
-530
-527
-525
-523
-521
-520
-518
-518
-517
-517
-518
-520
-523
-527
-530
-535
-539
-544
-547
-551
-554
-557
-561
-563
-565
-567
-569
-571
-573
-574
-575
-576
-577
-578
-579
-578
-579
-579
-578
-577
-575
-573
-571
-567
-563
-559
-554
-547
-540
-533
-526
-518
-509
-501
-493
-484
-477
-469
-462
-454
-445
-439
-432
-424
-417
-410
-402
-395
-388
-380
-372
-365
-357
-349
-342
-335
-326
-320
-313
-307
-300
-294
-289
-284
-279
-276
-273
-269
-266
-264
-261
-258
-256
-253
-250
-247
-243
-240
-235
-232
-227
-223
-219
-214
-210
-206
-202
-199
-197
-195
-192
-191
-190
-188
-187
-186
-185
-184
-182
-180
-177
-175
-172
-171
-169
-167
-165
-164
-163
-163
-163
-163
-163
-164
-164
-165
-167
-168
-169
-171
-172
-174
-176
-178
-181
-183
-186
-190
-194
-196
-200
-203
-206
-209
-212
-214
-216
-217
-217
-219
-221
-223
-224
-226
-228
-231
-234
-237
-240
-243
-245
-248
-249
-252
-253
-253
-254
-255
-255
-256
-258
-259
-261
-263
-266
-269
-272
-276
-278
-282
-284
-288
-291
-295
-297
-300
-304
-307
-310
-313
-317
-319
-323
-326
-330
-334
-337
-340
-344
-347
-351
-355
-359
-364
-368
-371
-376
-379
-382
-386
-390
-393
-396
-401
-406
-410
-414
-420
-425
-431
-436
-442
-447
-454
-459
-465
-471
-475
-481
-485
-491
-495
-500
-504
-507
-512
-515
-519
-522
-525
-529
-533
-536
-540
-544
-549
-555
-561
-568
-575
-583
-591
-600
-609
-616
-624
-631
-637
-643
-649
-653
-657
-660
-662
-664
-663
-663
-660
-656
-649
-639
-625
-606
-581
-551
-514
-470
-420
-366
-311
-256
-206
-164
-130
-102
-83
-61
-27
35
145
327
606
999
1516
2047
2047
2047
2047
2047
2047
2047
2047
2047
2047
2047
2047
2047
2047
2047
2047
2047
2047
2047
2047
2047
2047
2047
2047
2047
2047
2047
2047
2047
2047
2047
2047
2047
2047
2047
2047
2047
2047
2047
2047
2047
2047
2047
2047
2047
2047
2047
2047
2047
2047
2047
2047
2047
2047
2047
2047
2047
2047
2047
1459
919
478
140
-106
-273
-384
-458
-509
-553
-594
-639
-688
-743
-799
-855
-909
-957
-1000
-1035
-1064
-1086
-1103
-1115
-1122
-1127
-1128
-1129
-1128
-1123
-1118
-1113
-1105
-1097
-1088
-1079
-1069
-1058
-1048
-1036
-1027
-1016
-1006
-996
-987
-979
-971
-964
-957
-951
-945
-940
-935
-932
-928
-925
-922
-919
-917
-915
-914
-914
-914
-914
-913
-914
-915
-917
-918
-921
-923
-926
-929
-934
-939
-944
-950
-955
-961
-967
-973
-978
-982
-986
-987
-987
-987
-984
-982
-978
-973
-969
-964
-960
-957
-956
-954
-954
-955
-956
-959
-962
-965
-968
-970
-973
-977
-979
-982
-984
-986
-988
-990
-993
-995
-997
-999
-1003
-1004
-1007
-1010
-1013
-1015
-1016
-1020
-1021
-1024
-1026
-1029
-1032
-1035
-1038
-1042
-1044
-1048
-1051
-1054
-1057
-1059
-1062
-1064
-1066
-1066
-1066
-1066
-1066
-1066
-1065
-1064
-1062
-1060
-1058
-1057
-1054
-1052
-1050
-1049
-1046
-1046
-1045
-1043
-1042
-1041
-1040
-1039
-1038
-1037
-1035
-1033
-1031
-1027
-1024
-1021
-1017
-1014
-1010
-1007
-1004
-1001
-998
-996
-994
-993
-992
-992
-992
-993
-994
-995
-997
-999
-1000
-1001
-1002
-1003
-1003
-1004
-1003
-1003
-1003
-1002
-1002
-1001
-1001
-1001
-1000
-999
-999
-998
-997
-996
-994
-991
-988
-984
-980
-977
-974
-970
-966
-963
-960
-957
-955
-954
-953
-952
-952
-953
-953
-954
-955
-957
-958
-960
-961
-963
-965
-965
-966
-966
-966
-965
-964
-963
-961
-958
-955
-953
-951
-947
-945
-942
-940
-938
-936
-934
-932
-930
-927
-925
-922
-921
-918
-914
-912
-909
-907
-905
-902
-901
-898
-896
-893
-891
-889
-886
-883
-879
-874
-869
-863
-857
-850
-842
-835
-826
-819
-810
-803
-794
-786
-778
-771
-763
-756
-748
-741
-734
-727
-719
-712
-705
-700
-693
-689
-686
-683
-681
-680
-681
-683
-685
-687
-691
-693
-695
-697
-698
-698
-698
-697
-695
-693
-691
-688
-685
-682
-678
-673
-669
-662
-656
-647
-639
-630
-621
-610
-600
-590
-581
-572
-564
-556
-550
-544
-539
-535
-531
-529
-525
-522
-519
-517
-514
-512
-509
-507
-505
-503
-502
-500
-500
-499
-498
-498
-498
-499
-499
-501
-501
-501
-502
-503
-504
-505
-505
-505
-504
-503
-502
-501
-501
-500
-501
-502
-503
-506
-508
-512
-516
-522
-526
-531
-537
-542
-547
-551
-555
-558
-561
-564
-568
-571
-573
-576
-578
-579
-582
-583
-585
-586
-587
-588
-588
-589
-588
-587
-586
-584
-581
-577
-573
-568
-562
-555
-548
-539
-532
-524
-516
-507
-499
-492
-484
-476
-469
-462
-454
-446
-439
-431
-424
-416
-409
-400
-392
-384
-376
-368
-359
-350
-342
-334
-325
-318
-310
-303
-296
-290
-284
-279
-274
-270
-267
-263
-260
-258
-255
-252
-249
-246
-243
-240
-238
-234
-231
-227
-223
-220
-217
-214
-211
-209
-207
-206
-205
-204
-204
-204
-204
-204
-203
-202
-201
-200
-198
-197
-194
-192
-190
-188
-186
-185
-183
-182
-181
-181
-181
-181
-180
-181
-181
-183
-184
-185
-186
-188
-190
-191
-194
-196
-199
-202
-205
-208
-211
-214
-217
-220
-222
-224
-225
-226
-227
-226
-227
-227
-227
-227
-229
-230
-231
-233
-234
-235
-237
-239
-240
-241
-241
-241
-240
-240
-242
-238
-237
-237
-237
-237
-238
-239
-241
-242
-243
-244
-247
-248
-250
-251
-253
-257
-259
-262
-265
-267
-271
-274
-278
-282
-287
-290
-295
-299
-304
-309
-314
-319
-326
-331
-337
-343
-349
-355
-360
-367
-372
-377
-383
-389
-394
-400
-407
-414
-420
-427
-434
-441
-449
-456
-464
-471
-477
-485
-491
-498
-504
-509
-515
-520
-526
-531
-535
-540
-544
-548
-552
-556
-560
-564
-569
-573
-578
-584
-590
-597
-604
-611
-620
-628
-635
-643
-649
-655
-661
-666
-670
-673
-675
-677
-677
-677
-675
-673
-668
-661
-651
-638
-621
-599
-570
-535
-493
-445
-392
-336
-278
-224
-176
-136
-108
-82
-62
-36
10
92
233
459
793
1247
1823
2047
2047
2047
2047
2047
2047
2047
2047
2047
2047
2047
2047
2047
2047
2047
2047
2047
2047
2047
2047
2047
2047
2047
2047
2047
2047
2047
2047
2047
2047
2047
2047
2047
2047
2047
2047
2047
2047
2047
2047
2047
2047
2047
2047
2047
2047
2047
2047
2047
2047
2047
2047
2047
2047
2047
2047
2047
2047
1856
1265
765
365
64
-150
-293
-386
-448
-495
-534
-576
-621
-671
-725
-780
-834
-886
-931
-971
-1004
-1030
-1050
-1065
-1076
-1083
-1088
-1088
-1089
-1088
-1085
-1081
-1076
-1070
-1062
-1055
-1047
-1038
-1030
-1021
-1012
-1003
-994
-986
-979
-971
-964
-957
-952
-947
-942
-939
-934
-931
-929
-926
-924
-921
-920
-919
-919
-918
-918
-918
-919
-920
-922
-924
-925
-927
-930
-933
-936
-941
-945
-951
-955
-961
-968
-974
-980
-985
-989
-993
-996
-997
-996
-995
-992
-989
-984
-980
-975
-970
-967
-963
-961
-960
-960
-960
-962
-964
-966
-969
-971
-973
-976
-978
-980
-983
-985
-987
-989
-991
-993
-996
-999
-1002
-1004
-1007
-1010
-1013
-1016
-1019
-1022
-1025
-1028
-1031
-1035
-1038
-1042
-1046
-1050
-1054
-1057
-1062
-1065
-1069
-1072
-1075
-1078
-1079
-1081
-1083
-1084
-1083
-1082
-1081
-1080
-1078
-1076
-1074
-1071
-1069
-1066
-1063
-1061
-1058
-1055
-1053
-1050
-1049
-1047
-1045
-1043
-1039
-1038
-1035
-1033
-1029
-1027
-1024
-1020
-1017
-1014
-1010
-1007
-1004
-1001
-999
-996
-996
-994
-994
-994
-995
-996
-997
-1000
-1002
-1003
-1006
-1008
-1010
-1011
-1013
-1013
-1014
-1014
-1015
-1015
-1015
-1015
-1015
-1015
-1014
-1014
-1013
-1012
-1011
-1009
-1006
-1004
-1000
-996
-991
-987
-983
-978
-973
-969
-965
-962
-958
-955
-953
-951
-949
-948
-946
-945
-943
-943
-943
-942
-942
-941
-941
-940
-938
-937
-936
-934
-932
-930
-925
-922
-919
-916
-912
-909
-905
-903
-900
-898
-895
-893
-890
-889
-888
-886
-885
-883
-882
-880
-879
-877
-876
-875
-875
-875
-874
-873
-873
-873
-873
-873
-871
-870
-869
-867
-864
-861
-857
-853
-848
-842
-836
-831
-825
-819
-814
-806
-802
-797
-790
-785
-780
-773
-767
-761
-755
-748
-743
-737
-732
-726
-722
-720
-718
-717
-717
-717
-719
-720
-722
-723
-722
-722
-721
-719
-717
-713
-709
-704
-699
-694
-688
-683
-677
-670
-662
-655
-646
-636
-626
-616
-606
-595
-584
-575
-566
-559
-549
-544
-538
-534
-530
-527
-524
-522
-520
-518
-517
-516
-514
-512
-511
-509
-509
-508
-507
-507
-507
-509
-510
-510
-512
-513
-515
-517
-520
-522
-523
-525
-527
-528
-530
-531
-530
-530
-530
-530
-530
-530
-531
-533
-535
-537
-540
-544
-549
-553
-558
-562
-566
-569
-573
-575
-577
-579
-580
-581
-581
-580
-581
-581
-581
-580
-580
-579
-578
-576
-576
-574
-573
-570
-569
-565
-563
-559
-554
-549
-542
-536
-528
-520
-512
-504
-495
-486
-478
-469
-461
-453
-446
-438
-431
-424
-418
-410
-403
-397
-390
-383
-377
-370
-363
-357
-349
-343
-336
-329
-322
-316
-308
-303
-297
-292
-286
-281
-276
-272
-269
-265
-262
-260
-257
-254
-251
-249
-245
-243
-240
-237
-232
-228
-224
-220
-216
-212
-208
-205
-202
-199
-197
-196
-195
-195
-194
-194
-195
-194
-194
-194
-193
-193
-191
-189
-188
-186
-184
-183
-182
-181
-181
-180
-181
-181
-181
-181
-182
-183
-183
-185
-185
-187
-188
-190
-191
-193
-195
-198
-201
-204
-207
-210
-213
-216
-220
-222
-225
-227
-228
-230
-230
-231
-232
-233
-234
-235
-236
-238
-240
-243
-244
-247
-248
-250
-252
-252
-253
-254
-253
-253
-253
-252
-251
-253
-253
-255
-256
-258
-260
-262
-264
-266
-268
-270
-272
-275
-276
-279
-282
-284
-287
-290
-292
-296
-298
-302
-305
-309
-312
-316
-320
-324
-329
-334
-339
-343
-349
-354
-358
-363
-368
-372
-379
-382
-388
-393
-399
-404
-410
-417
-423
-430
-436
-443
-450
-457
-463
-469
-476
-481
-487
-492
-498
-502
-507
-511
-514
-519
-521
-525
-527
-530
-532
-535
-537
-540
-544
-547
-551
-556
-561
-567
-573
-581
-587
-595
-601
-608
-615
-620
-625
-629
-633
-636
-639
-640
-640
-639
-638
-635
-631
-624
-614
-601
-583
-559
-530
-494
-452
-404
-350
-294
-240
-188
-144
-108
-81
-60
-40
-12
40
135
297
550
915
1402
2008
2047
2047
2047
2047
2047
2047
2047
2047
2047
2047
2047
2047
2047
2047
2047
2047
2047
2047
2047
2047
2047
2047
2047
2047
2047
2047
2047
2047
2047
2047
2047
2047
2047
2047
2047
2047
2047
2047
2047
2047
2047
2047
2047
2047
2047
2047
2047
2047
2047
2047
2047
2047
2047
2047
2047
2047
2047
2047
1511
967
523
181
-67
-235
-347
-420
-471
-512
-553
-595
-644
-696
-752
-806
-859
-907
-949
-984
-1012
-1034
-1051
-1062
-1070
-1076
-1077
-1078
-1076
-1073
-1069
-1065
-1059
-1052
-1045
-1037
-1028
-1021
-1012
-1003
-996
-988
-983
-972
-966
-960
-955
-951
-946
-942
-940
-937
-935
-933
-931
-931
-929
-930
-929
-929
-929
-929
-930
-931
-932
-934
-934
-936
-939
-940
-943
-946
-949
-952
-956
-961
-966
-971
-975
-979
-985
-988
-991
-994
-995
-993
-991
-988
-984
-978
-972
-966
-960
-955
-950
-946
-944
-941
-941
-940
-942
-943
-944
-946
-948
-949
-951
-952
-953
-955
-956
-958
-959
-961
-963
-965
-967
-970
-972
-975
-977
-979
-982
-985
-987
-990
-993
-996
-1000
-1003
-1007
-1011
-1016
-1020
-1025
-1029
-1034
-1038
-1043
-1046
-1050
-1053
-1055
-1058
-1059
-1062
-1062
-1062
-1062
-1062
-1061
-1061
-1060
-1059
-1058
-1057
-1056
-1055
-1055
-1054
-1054
-1053
-1052
-1053
-1052
-1050
-1049
-1047
-1045
-1044
-1040
-1037
-1035
-1032
-1029
-1025
-1022
-1019
-1016
-1014
-1012
-1010
-1009
-1009
-1009
-1010
-1011
-1013
-1015
-1016
-1019
-1021
-1023
-1024
-1025
-1026
-1027
-1027
-1028
-1028
-1028
-1028
-1027
-1027
-1026
-1026
-1025
-1024
-1022
-1021
-1018
-1015
-1013
-1009
-1005
-1000
-996
-991
-987
-982
-978
-974
-969
-966
-964
-960
-959
-957
-955
-954
-953
-952
-953
-952
-953
-953
-953
-952
-952
-952
-951
-950
-947
-945
-943
-939
-937
-933
-930
-926
-923
-920
-917
-915
-913
-911
-909
-907
-905
-903
-901
-899
-896
-894
-892
-889
-887
-885
-883
-881
-879
-877
-876
-874
-873
-871
-868
-867
-864
-860
-857
-852
-847
-842
-836
-829
-823
-816
-809
-802
-795
-788
-782
-776
-769
-763
-756
-751
-743
-737
-731
-724
-717
-712
-705
-701
-697
-693
-691
-689
-689
-689
-691
-692
-694
-695
-696
-697
-697
-695
-694
-692
-688
-685
-680
-676
-671
-666
-660
-654
-648
-641
-633
-625
-616
-606
-596
-586
-575
-565
-555
-547
-539
-533
-526
-522
-518
-515
-513
-510
-509
-509
-507
-506
-506
-506
-506
-506
-504
-505
-505
-507
-507
-509
-509
-512
-514
-517
-519
-521
-523
-525
-528
-530
-531
-532
-533
-533
-533
-533
-531
-531
-531
-531
-531
-531
-532
-534
-536
-540
-544
-549
-553
-557
-562
-565
-569
-572
-575
-577
-578
-580
-581
-582
-583
-584
-584
-584
-584
-583
-583
-582
-580
-579
-577
-575
-573
-570
-567
-562
-558
-553
-547
-541
-534
-526
-518
-510
-503
-495
-486
-478
-470
-463
-458
-451
-445
-439
-433
-426
-421
-415
-410
-405
-399
-393
-388
-382
-377
-372
-366
-360
-354
-349
-342
-337
-331
-326
-322
-317
-313
-309
-306
-304
-302
-299
-297
-296
-293
-290
-288
-285
-283
-279
-275
-271
-267
-262
-257
-253
-247
-242
-238
-234
-229
-226
-222
-218
-215
-212
-210
-206
-203
-200
-196
-192
-187
-183
-178
-173
-168
-165
-160
-156
-153
-149
-146
-144
-142
-140
-139
-137
-136
-135
-135
-135
-134
-135
-134
-136
-137
-139
-140
-143
-145
-148
-151
-154
-158
-161
-163
-165
-168
-170
-172
-173
-175
-177
-179
-181
-184
-188
-192
-196
-201
-206
-211
-215
-221
-224
-229
-232
-236
-239
-242
-245
-248
-252
-256
-260
-264
-269
-274
-278
-283
-288
-292
-296
-300
-304
-309
-312
-318
-321
-326
-329
-333
-338
-342
-346
-350
-355
-358
-363
-367
-371
-375
-378
-382
-387
-391
-394
-398
-401
-404
-407
-409
-411
-414
-416
-419
-422
-425
-429
-432
-436
-440
-444
-448
-453
-457
-461
-466
-471
-475
-479
-483
-487
-490
-495
-498
-501
-504
-507
-510
-512
-516
-518
-521
-524
-527
-531
-536
-540
-546
-553
-559
-567
-575
-583
-591
-598
-606
-612
-619
-625
-630
-634
-637
-641
-643
-645
-645
-644
-642
-637
-630
-620
-606
-588
-563
-533
-496
-452
-402
-349
-295
-241
-193
-152
-120
-96
-77
-55
-20
43
157
344
628
1029
1551
2047
2047
2047
2047
2047
2047
2047
2047
2047
2047
2047
2047
2047
2047
2047
2047
2047
2047
2047
2047
2047
2047
2047
2047
2047
2047
2047
2047
2047
2047
2047
2047
2047
2047
2047
2047
2047
2047
2047
2047
2047
2047
2047
2047
2047
2047
2047
2047
2047
2047
2047
2047
2047
2047
2047
2047
2047
2047
2047
1482
946
509
173
-69
-235
-343
-415
-466
-507
-548
-592
-642
-695
-750
-806
-859
-908
-949
-984
-1013
-1035
-1051
-1063
-1072
-1076
-1079
-1080
-1078
-1077
-1073
-1068
-1062
-1055
-1048
-1041
-1032
-1023
-1015
-1006
-998
-990
-982
-975
-969
-962
-956
-952
-947
-944
-941
-939
-937
-936
-935
-935
-934
-934
-935
-936
-937
-938
-940
-942
-944
-947
-950
-952
-956
-958
-962
-966
-970
-974
-980
-985
-991
-996
-1002
-1007
-1013
-1015
-1019
-1021
-1020
-1021
-1018
-1015
-1010
-1004
-998
-992
-988
-981
-976
-973
-970
-968
-968
-968
-968
-969
-970
-972
-973
-973
-975
-974
-975
-976
-977
-978
-978
-979
-980
-982
-983
-985
-987
-988
-989
-992
-993
-996
-998
-999
-1002
-1005
-1007
-1011
-1015
-1017
-1021
-1024
-1028
-1031
-1035
-1039
-1042
-1045
-1047
-1049
-1051
-1051
-1052
-1053
-1052
-1052
-1052
-1050
-1049
-1048
-1047
-1046
-1045
-1043
-1043
-1042
-1041
-1040
-1041
-1040
-1039
-1039
-1039
-1038
-1037
-1036
-1034
-1032
-1031
-1029
-1026
-1023
-1020
-1017
-1013
-1010
-1007
-1005
-1003
-1001
-1000
-999
-999
-1000
-1000
-1001
-1003
-1003
-1005
-1005
-1006
-1006
-1008
-1007
-1007
-1006
-1006
-1006
-1005
-1006
-1005
-1005
-1004
-1003
-1003
-1002
-1001
-999
-997
-995
-991
-989
-986
-983
-980
-976
-972
-969
-967
-964
-961
-960
-958
-958
-957
-956
-957
-957
-957
-958
-958
-960
-961
-961
-963
-963
-964
-964
-964
-963
-962
-959
-957
-954
-952
-949
-947
-943
-941
-939
-937
-935
-933
-932
-931
-929
-928
-923
-921
-919
-917
-914
-911
-908
-905
-902
-899
-896
-894
-891
-889
-887
-883
-880
-877
-874
-869
-864
-859
-852
-845
-838
-830
-822
-814
-806
-798
-790
-782
-774
-767
-761
-754
-747
-741
-735
-729
-722
-716
-710
-705
-699
-695
-692
-690
-688
-688
-689
-691
-693
-697
-701
-704
-708
-711
-714
-715
-715
-716
-716
-715
-713
-710
-708
-705
-702
-697
-693
-687
-682
-674
-667
-658
-648
-639
-629
-619
-609
-600
-591
-583
-576
-569
-565
-560
-555
-552
-548
-545
-542
-539
-535
-533
-529
-526
-523
-520
-519
-515
-514
-512
-510
-510
-509
-509
-509
-509
-508
-509
-509
-509
-510
-509
-508
-509
-508
-506
-505
-504
-501
-500
-499
-498
-498
-499
-499
-502
-505
-507
-510
-514
-517
-521
-525
-528
-530
-533
-534
-536
-538
-538
-540
-541
-542
-543
-544
-546
-546
-547
-547
-548
-549
-548
-548
-547
-546
-545
-543
-541
-537
-533
-528
-522
-516
-509
-502
-495
-487
-480
-473
-466
-459
-453
-447
-441
-435
-430
-424
-419
-413
-408
-402
-398
-393
-387
-382
-377
-372
-367
-362
-356
-351
-346
-341
-337
-332
-329
-325
-321
-318
-316
-314
-312
-311
-309
-307
-306
-303
-301
-298
-295
-292
-289
-285
-280
-276
-271
-266
-262
-257
-253
-249
-246
-242
-239
-236
-234
-231
-228
-226
-222
-219
-215
-211
-205
-200
-195
-189
-185
-180
-174
-170
-166
-162
-159
-156
-152
-150
-147
-146
-144
-143
-141
-141
-141
-141
-141
-142
-143
-145
-147
-151
-153
-157
-161
-164
-167
-171
-174
-177
-180
-182
-184
-186
-189
-191
-194
-196
-199
-203
-207
-212
-216
-220
-224
-229
-233
-235
-239
-241
-243
-245
-248
-250
-253
-255
-259
-262
-267
-271
-276
-280
-284
-289
-292
-296
-301
-304
-309
-312
-316
-319
-323
-326
-330
-333
-336
-338
-342
-345
-347
-350
-353
-355
-359
-361
-363
-367
-369
-372
-374
-376
-378
-380
-382
-383
-386
-388
-390
-393
-396
-399
-403
-406
-411
-415
-420
-424
-428
-434
-438
-443
-447
-452
-457
-461
-466
-470
-474
-478
-483
-487
-491
-495
-499
-503
-509
-514
-519
-525
-532
-539
-547
-555
-565
-574
-584
-594
-603
-613
-623
-631
-638
-645
-651
-657
-662
-665
-667
-670
-670
-669
-667
-662
-654
-642
-627
-605
-578
-544
-503
-455
-403
-348
-293
-241
-196
-159
-131
-109
-90
-62
-12
78
232
475
827
1302
1897
2047
2047
2047
2047
2047
2047
2047
2047
2047
2047
2047
2047
2047
2047
2047
2047
2047
2047
2047
2047
2047
2047
2047
2047
2047
2047
2047
2047
2047
2047
2047
2047
2047
2047
2047
2047
2047
2047
2047
2047
2047
2047
2047
2047
2047
2047
2047
2047
2047
2047
2047
2047
2047
2047
2047
2047
2047
2047
1663
1098
627
258
-16
-207
-334
-416
-472
-515
-554
-595
-640
-691
-745
-800
-852
-901
-944
-982
-1011
-1035
-1053
-1065
-1073
-1078
-1081
-1081
-1079
-1076
-1071
-1065
-1059
-1053
-1044
-1035
-1026
-1016
-1006
-996
-987
-978
-968
-960
-951
-944
-938
-932
-926
-921
-917
-913
-910
-908
-906
-903
-902
-901
-900
-901
-901
-901
-903
-904
-907
-909
-912
-915
-919
-922
-927
-931
-935
-941
-947
-953
-960
-966
-973
-981
-987
-993
-998
-1002
-1005
-1006
-1006
-1005
-1002
-998
-994
-989
-985
-980
-977
-974
-971
-971
-971
-971
-973
-974
-977
-979
-981
-983
-985
-987
-988
-991
-991
-993
-995
-997
-999
-1001
-1003
-1005
-1008
-1010
-1012
-1014
-1016
-1018
-1020
-1023
-1025
-1028
-1030
-1033
-1036
-1039
-1043
-1046
-1050
-1054
-1057
-1060
-1063
-1066
-1069
-1071
-1071
-1073
-1073
-1073
-1073
-1072
-1071
-1069
-1067
-1065
-1063
-1062
-1059
-1057
-1055
-1053
-1052
-1049
-1048
-1047
-1045
-1043
-1042
-1040
-1038
-1036
-1034
-1031
-1029
-1026
-1023
-1019
-1017
-1014
-1011
-1008
-1006
-1003
-1002
-1001
-1000
-1000
-1001
-1001
-1003
-1005
-1008
-1010
-1012
-1014
-1017
-1019
-1020
-1022
-1023
-1023
-1024
-1024
-1024
-1025
-1025
-1025
-1025
-1024
-1024
-1024
-1022
-1021
-1020
-1018
-1016
-1013
-1010
-1008
-1003
-1000
-997
-994
-991
-987
-984
-983
-981
-979
-978
-976
-976
-975
-975
-975
-975
-974
-975
-974
-974
-973
-973
-971
-969
-967
-965
-962
-959
-955
-950
-945
-941
-936
-933
-928
-924
-920
-917
-912
-909
-906
-903
-899
-895
-891
-888
-884
-881
-878
-875
-871
-868
-865
-863
-861
-859
-856
-853
-849
-845
-843
-839
-835
-829
-825
-818
-812
-805
-799
-792
-786
-778
-772
-765
-758
-753
-747
-742
-735
-729
-724
-720
-715
-709
-705
-700
-696
-692
-690
-688
-686
-687
-688
-690
-693
-697
-702
-707
-711
-715
-719
-722
-723
-726
-725
-725
-724
-723
-720
-718
-715
-711
-708
-703
-698
-692
-684
-677
-668
-659
-650
-639
-631
-621
-613
-604
-598
-591
-585
-580
-576
-572
-569
-566
-563
-560
-556
-553
-550
-547
-544
-541
-538
-535
-533
-530
-528
-527
-525
-524
-522
-522
-521
-519
-520
-519
-518
-517
-516
-515
-513
-513
-511
-510
-508
-507
-506
-506
-506
-507
-509
-512
-516
-521
-525
-531
-535
-541
-545
-550
-554
-558
-560
-563
-565
-568
-569
-571
-572
-573
-574
-573
-574
-574
-573
-573
-572
-571
-570
-568
-566
-563
-561
-557
-554
-549
-543
-537
-531
-525
-517
-510
-502
-495
-487
-480
-473
-467
-462
-455
-449
-443
-436
-430
-424
-418
-411
-404
-398
-391
-384
-377
-370
-363
-356
-348
-341
-333
-327
-320
-313
-307
-301
-295
-292
-287
-283
-280
-276
-274
-271
-268
-265
-263
-259
-256
-253
-249
-245
-241
-237
-231
-227
-222
-219
-215
-211
-207
-204
-202
-199
-197
-195
-193
-193
-191
-190
-187
-185
-182
-180
-177
-174
-170
-168
-165
-162
-160
-157
-156
-154
-153
-152
-152
-152
-151
-151
-151
-151
-152
-153
-154
-155
-157
-158
-160
-163
-166
-170
-173
-177
-181
-186
-188
-192
-195
-199
-200
-203
-206
-208
-210
-213
-217
-221
-225
-229
-232
-237
-241
-245
-250
-253
-256
-258
-259
-261
-263
-264
-266
-266
-269
-271
-273
-276
-279
-281
-285
-287
-290
-293
-296
-298
-301
-304
-306
-309
-312
-315
-319
-323
-326
-330
-334
-338
-341
-345
-349
-353
-357
-361
-366
-370
-374
-379
-383
-387
-391
-394
-398
-402
-405
-409
-413
-416
-422
-426
-431
-435
-440
-446
-452
-457
-463
-467
-473
-478
-483
-487
-492
-496
-500
-503
-507
-511
-514
-517
-520
-523
-527
-530
-532
-536
-539
-543
-547
-553
-558
-564
-571
-577
-585
-593
-602
-608
-615
-621
-627
-632
-636
-640
-643
-645
-647
-647
-646
-645
-640
-635
-628
-617
-603
-584
-559
-528
-490
-445
-396
-342
-285
-230
-180
-136
-101
-75
-54
-32
0
59
167
344
616
1003
1511
2047
2047
2047
2047
2047
2047
2047
2047
2047
2047
2047
2047
2047
2047
2047
2047
2047
2047
2047
2047
2047
2047
2047
2047
2047
2047
2047
2047
2047
2047
2047
2047
2047
2047
2047
2047
2047
2047
2047
2047
2047
2047
2047
2047
2047
2047
2047
2047
2047
2047
2047
2047
2047
2047
2047
2047
2047
2047
2047
1489
945
498
152
-98
-270
-383
-457
-509
-550
-589
-632
-679
-731
-786
-840
-891
-939
-980
-1016
-1042
-1063
-1079
-1089
-1096
-1099
-1100
-1099
-1097
-1093
-1087
-1080
-1073
-1065
-1055
-1046
-1036
-1025
-1015
-1004
-995
-985
-975
-966
-958
-950
-943
-937
-932
-926
-921
-918
-914
-912
-909
-907
-905
-904
-903
-903
-903
-903
-904
-906
-907
-909
-913
-915
-918
-922
-926
-930
-935
-941
-947
-953
-960
-967
-975
-981
-988
-994
-999
-1004
-1007
-1008
-1008
-1007
-1004
-1001
-998
-993
-989
-986
-982
-980
-980
-979
-980
-981
-983
-986
-988
-990
-993
-995
-997
-999
-1000
-1002
-1003
-1004
-1006
-1007
-1008
-1010
-1011
-1012
-1014
-1015
-1016
-1017
-1018
-1018
-1020
-1021
-1021
-1022
-1024
-1026
-1027
-1030
-1032
-1034
-1037
-1038
-1041
-1043
-1045
-1046
-1047
-1048
-1048
-1048
-1048
-1046
-1045
-1043
-1041
-1039
-1037
-1034
-1032
-1028
-1027
-1024
-1022
-1021
-1019
-1017
-1016
-1014
-1014
-1012
-1011
-1009
-1009
-1007
-1005
-1004
-1001
-999
-997
-995
-994
-991
-990
-988
-987
-986
-985
-985
-986
-987
-989
-991
-994
-998
-1001
-1004
-1008
-1012
-1016
-1019
-1022
-1025
-1027
-1029
-1032
-1033
-1035
-1036
-1037
-1038
-1039
-1040
-1040
-1040
-1039
-1039
-1037
-1036
-1033
-1030
-1027
-1023
-1019
-1015
-1011
-1007
-1003
-999
-996
-993
-991
-989
-987
-985
-984
-983
-982
-981
-981
-980
-980
-979
-979
-978
-976
-975
-974
-972
-969
-966
-962
-958
-955
-951
-947
-942
-937
-934
-931
-928
-925
-922
-919
-917
-913
-911
-909
-905
-903
-899
-896
-894
-891
-888
-886
-884
-881
-878
-877
-875
-871
-869
-867
-865
-862
-858
-854
-849
-843
-837
-831
-826
-820
-813
-803
-796
-789
-782
-776
-769
-762
-755
-749
-742
-736
-729
-724
-718
-712
-708
-702
-698
-694
-693
-691
-690
-692
-692
-695
-698
-700
-703
-704
-706
-706
-707
-706
-704
-702
-700
-696
-693
-689
-686
-681
-677
-671
-664
-657
-650
-640
-631
-621
-611
-601
-592
-583
-574
-566
-559
-553
-549
-545
-541
-539
-536
-534
-532
-530
-528
-526
-525
-523
-521
-520
-519
-518
-517
-516
-516
-515
-516
-517
-517
-518
-519
-520
-520
-521
-521
-521
-522
-521
-520
-518
-517
-515
-513
-512
-511
-510
-510
-511
-512
-514
-516
-520
-523
-528
-533
-537
-542
-545
-550
-553
-556
-559
-562
-564
-567
-569
-571
-574
-575
-577
-577
-579
-580
-580
-581
-580
-580
-579
-577
-575
-573
-569
-565
-560
-554
-548
-541
-533
-524
-516
-508
-499
-492
-484
-475
-469
-461
-454
-448
