31.250000
-9.500000
14.000000
34.750000
62.000000
47.000000
-13.750000
-4.750000
28.500000
54.500000
34.250000
-13.000000
-11.250000
5.500000
31.250000
0.750000
-6.500000
-19.250000
-1.000000
11.500000
-7.250000
-15.250000
13.500000
-5.750000
-142.250000
-77.750000
163.000000
165.500000
-50.750000
-203.000000
-34.750000
124.250000
226.500000
12.250000
-47.250000
-84.500000
147.500000
188.500000
64.250000
-164.000000
-206.750000
191.250000
378.000000
162.750000
-244.250000
-210.750000
90.000000
380.000000
161.250000
-172.000000
-292.500000
-7.000000
287.500000
210.250000
-87.250000
-264.500000
-82.500000
185.500000
168.000000
-40.250000
-233.250000
-90.250000
155.500000
194.000000
-21.250000
-231.250000
-123.750000
106.750000
249.250000
56.750000
-168.500000
-168.500000
43.000000
216.250000
122.250000
-68.750000
-167.000000
22.750000
158.000000
141.750000
-46.250000
-130.750000
7.250000
160.750000
137.750000
-38.500000
-140.500000
-28.250000
138.000000
169.750000
-8.250000
-117.750000
-102.500000
75.000000
143.500000
69.750000
-101.750000
-94.500000
13.500000
114.250000
50.750000
-25.500000
-91.000000
2.750000
92.500000
76.000000
-1.750000
-76.500000
7.750000
73.000000
119.750000
8.750000
-48.500000
-14.250000
75.250000
128.250000
17.000000
-32.500000
-46.000000
68.250000
100.500000
34.000000
-42.000000
-64.000000
34.750000
53.750000
39.500000
-48.250000
-50.750000
-9.000000
43.250000
29.750000
-52.500000
-44.750000
-27.250000
64.500000
13.250000
-12.000000
-48.750000
-10.750000
36.250000
32.500000
24.250000
-44.000000
12.500000
21.750000
59.750000
15.000000
-10.750000
17.750000
36.000000
63.500000
21.250000
3.750000
-8.250000
40.250000
62.500000
36.000000
-11.750000
-13.500000
28.250000
44.000000
29.500000
-14.500000
-15.500000
7.250000
23.000000
17.500000
-10.500000
-10.000000
13.500000
11.000000
3.250000
-28.000000
18.500000
6.250000
1.500000
-28.500000
12.000000
49.250000
65.000000
15.500000
-60.250000
-7.250000
37.500000
102.750000
58.750000
11.500000
8.250000
-0.750000
59.250000
10.500000
35.750000
4.250000
50.250000
89.250000
50.500000
11.500000
-79.500000
4.250000
87.750000
130.250000
20.500000
-68.500000
-53.000000
16.750000
104.000000
64.750000
-11.500000
-59.500000
-8.000000
43.500000
42.000000
10.500000
-32.000000
1.750000
24.250000
17.250000
-13.500000
-29.000000
33.750000
18.000000
31.750000
-29.750000
-23.000000
3.750000
34.500000
48.500000
-7.000000
-13.000000
-27.250000
35.750000
44.250000
48.000000
-1.750000
-35.500000
-2.000000
51.500000
67.500000
9.750000
-15.000000
-8.000000
38.250000
57.250000
6.500000
-19.750000
-31.000000
30.250000
61.500000
36.000000
-38.500000
-41.000000
19.250000
36.250000
51.250000
-18.750000
-43.250000
-16.750000
51.250000
32.750000
2.750000
-30.750000
-5.500000
10.000000
50.500000
25.250000
-13.000000
-22.250000
33.500000
41.250000
25.500000
5.500000
2.750000
28.000000
44.250000
48.750000
3.250000
4.000000
9.500000
46.750000
35.000000
29.250000
3.250000
-0.250000
19.750000
23.750000
18.250000
13.500000
-5.250000
13.500000
3.000000
14.750000
11.750000
3.000000
1.250000
22.500000
4.500000
2.250000
6.250000
17.250000
22.000000
5.000000
-8.750000
8.000000
34.500000
24.750000
24.000000
-7.250000
16.000000
11.250000
38.250000
28.000000
19.250000
12.250000
19.750000
37.250000
25.500000
21.500000
3.000000
29.500000
41.250000
14.250000
10.750000
0.000000
26.000000
33.750000
30.500000
15.250000
-13.750000
40.500000
12.750000
26.250000
-11.500000
6.000000
30.250000
-5.750000
46.750000
7.250000
20.500000
19.250000
12.500000
-3.750000
-27.750000
21.750000
71.500000
64.750000
7.000000
1.750000
-21.750000
29.750000
35.000000
37.750000
18.250000
30.750000
29.750000
34.000000
-9.000000
0.500000
29.500000
55.250000
52.500000
-14.250000
-22.500000
-6.000000
38.750000
55.000000
9.500000
-13.500000
-28.000000
17.250000
26.750000
14.750000
-5.000000
-25.000000
8.750000
18.000000
2.250000
-14.250000
5.000000
17.250000
14.750000
14.250000
-7.500000
-18.000000
10.500000
29.250000
19.750000
-8.250000
-18.000000
-4.250000
26.250000
31.750000
-11.250000
-23.000000
-1.750000
29.250000
21.000000
-9.500000
-22.500000
1.000000
21.250000
15.000000
-17.250000
-37.000000
0.500000
39.500000
32.750000
-7.750000
-38.250000
4.000000
10.750000
49.750000
-1.500000
-4.500000
-14.500000
22.750000
47.000000
7.000000
-14.250000
6.500000
42.500000
44.750000
10.000000
-33.750000
7.000000
40.500000
48.000000
12.250000
-2.750000
-15.000000
33.750000
46.000000
34.750000
-0.750000
-15.500000
24.000000
38.250000
36.750000
-9.250000
5.250000
12.750000
47.750000
39.750000
5.000000
-2.750000
12.750000
54.250000
41.750000
18.000000
-7.000000
7.750000
41.250000
42.250000
20.500000
-1.000000
15.250000
34.000000
32.750000
9.500000
-5.250000
18.500000
21.250000
21.500000
20.500000
-5.750000
8.000000
-3.500000
23.000000
20.250000
23.500000
2.500000
2.250000
9.500000
13.750000
26.500000
8.500000
11.750000
23.250000
15.750000
-7.000000
25.500000
33.750000
43.750000
3.000000
-59.750000
13.000000
40.500000
76.750000
7.000000
-75.500000
-10.250000
0.500000
81.250000
-22.000000
-4.750000
-62.500000
91.500000
31.000000
-24.500000
-56.750000
-129.250000
100.250000
26.250000
96.250000
-133.000000
-78.250000
-9.250000
87.250000
67.500000
-80.250000
-45.250000
-50.500000
98.000000
37.250000
-14.750000
-58.250000
-4.250000
97.250000
41.750000
11.500000
-79.750000
37.750000
77.750000
86.000000
-5.500000
-49.250000
9.250000
74.500000
84.000000
6.250000
-36.500000
12.750000
66.000000
69.500000
-3.500000
-15.250000
6.500000
53.000000
64.250000
3.750000
-27.500000
-2.250000
53.750000
61.750000
23.750000
-13.750000
3.750000
37.750000
65.500000
14.000000
0.250000
0.500000
56.000000
72.000000
23.250000
0.250000
-26.750000
55.750000
65.750000
46.000000
-8.750000
-2.500000
26.500000
59.500000
41.750000
-15.250000
-5.500000
18.250000
65.250000
29.250000
-11.500000
-16.500000
14.000000
83.250000
27.750000
3.500000
-44.000000
11.500000
61.000000
53.500000
-4.250000
-51.750000
6.250000
46.000000
57.750000
11.500000
-32.250000
-2.750000
33.250000
25.500000
25.250000
-5.250000
1.250000
2.000000
20.250000
20.000000
7.750000
4.000000
-1.250000
15.000000
21.750000
4.250000
-6.750000
-10.750000
12.500000
35.500000
5.250000
-6.500000
-14.250000
30.000000
16.250000
23.750000
3.250000
-11.500000
-7.750000
36.250000
42.000000
12.250000
1.000000
6.000000
31.000000
40.000000
21.250000
9.250000
-6.500000
63.250000
-27.250000
1.500000
172.500000
364.750000
111.750000
-355.750000
-363.500000
78.250000
390.000000
171.000000
-140.000000
-258.500000
-98.000000
149.500000
151.500000
-83.250000
-180.250000
160.750000
479.750000
235.750000
-307.750000
-498.500000
-44.000000
388.750000
369.500000
-110.250000
-369.000000
-156.250000
229.000000
273.250000
-21.250000
-224.000000
-139.500000
159.500000
207.250000
35.000000
-206.750000
-127.500000
78.250000
208.500000
106.000000
-170.500000
-140.000000
-1.500000
169.750000
142.250000
-57.250000
-145.500000
-76.500000
96.250000
170.250000
22.000000
-118.750000
-118.750000
48.000000
148.750000
44.500000
-89.000000
-124.000000
27.000000
108.500000
83.000000
-75.750000
-92.500000
-11.500000
128.250000
71.250000
-42.250000
-118.750000
-5.750000
116.750000
103.000000
-8.750000
-113.750000
-23.500000
84.000000
105.500000
5.500000
-80.750000
-16.250000
50.500000
107.250000
14.000000
-18.750000
-37.750000
57.000000
89.000000
46.250000
-1.000000
-32.750000
50.750000
71.500000
74.500000
-3.250000
-15.000000
18.500000
64.750000
68.000000
-13.000000
-6.750000
-9.250000
57.000000
44.500000
0.750000
-39.250000
-31.500000
33.000000
57.250000
1.250000
-62.000000
-46.250000
22.000000
46.750000
15.250000
-46.000000
-34.750000
11.500000
32.750000
24.750000
-30.000000
2.750000
6.000000
54.750000
37.000000
4.250000
-13.750000
10.000000
60.000000
52.750000
20.250000
6.000000
3.000000
54.500000
60.500000
30.750000
-1.250000
-1.500000
38.750000
52.500000
25.750000
-7.000000
-23.000000
15.750000
38.000000
18.750000
-22.000000
-24.000000
-1.000000
12.500000
15.500000
-7.250000
23.750000
-123.250000
-158.250000
126.250000
224.500000
-0.250000
-214.750000
-114.500000
133.000000
182.750000
61.500000
-92.750000
-118.000000
143.500000
232.500000
65.250000
-130.250000
-311.000000
83.000000
436.250000
249.500000
-200.750000
-334.000000
32.250000
376.000000
260.250000
-163.250000
-335.500000
-35.250000
301.750000
276.000000
-129.500000
-300.000000
-107.250000
231.250000
256.250000
-61.500000
-274.750000
-154.500000
188.250000
246.250000
19.750000
-247.750000
-168.500000
119.750000
248.000000
80.000000
-185.250000
-171.250000
62.750000
237.500000
111.750000
-120.000000
-167.750000
31.250000
203.250000
150.000000
-64.750000
-165.750000
-0.750000
167.750000
171.000000
-35.250000
-134.750000
-57.500000
129.000000
168.500000
8.750000
-115.750000
-104.000000
96.750000
141.500000
45.250000
-92.500000
-94.250000
46.750000
110.250000
65.750000
-58.500000
-74.500000
12.250000
96.500000
107.250000
-24.250000
-44.750000
-20.000000
99.750000
108.750000
32.250000
-29.000000
-24.000000
92.500000
105.250000
54.000000
-33.750000
-20.500000
60.750000
96.250000
52.000000
-43.500000
-40.000000
5.500000
83.500000
38.250000
-40.500000
-63.500000
-21.250000
51.250000
10.000000
-16.000000
-71.500000
-28.500000
20.500000
23.250000
-25.750000
-51.250000
-28.000000
26.500000
31.750000
-3.750000
-45.250000
-23.500000
24.750000
60.500000
11.750000
-32.750000
-21.750000
20.250000
82.250000
29.500000
-20.750000
-25.000000
19.500000
57.000000
34.250000
-6.500000
-40.000000
-0.750000
37.750000
45.750000
-22.000000
-40.250000
-21.500000
24.500000
33.000000
-27.500000
-39.750000
-36.000000
28.750000
24.500000
-12.500000
-28.250000
-46.500000
27.750000
-5.000000
-1.000000
18.000000
18.000000
57.000000
-41.500000
-2.750000
10.750000
62.750000
92.750000
28.750000
3.750000
-39.750000
55.250000
74.250000
80.500000
-35.000000
-19.000000
130.750000
102.500000
95.250000
-109.500000
-19.250000
44.000000
187.750000
116.500000
-35.000000
-71.250000
-11.000000
142.750000
123.250000
42.250000
-40.750000
-9.750000
72.750000
90.750000
45.750000
-13.750000
7.750000
50.500000
84.000000
19.750000
-10.000000
-14.000000
42.000000
81.000000
40.000000
-18.750000
-27.250000
12.500000
49.250000
56.500000
3.750000
-30.250000
-12.000000
26.750000
52.250000
16.000000
-31.500000
-34.500000
16.750000
47.250000
18.250000
-32.250000
-32.250000
17.500000
24.250000
20.750000
-23.000000
-26.250000
-19.750000
0.500000
11.750000
18.750000
1.750000
-25.750000
-30.500000
5.500000
44.000000
28.250000
-30.250000
-21.750000
5.500000
58.250000
21.250000
-25.500000
-6.750000
28.500000
44.500000
9.250000
-6.250000
24.750000
-3.500000
4.750000
33.500000
6.250000
-9.000000
27.500000
9.500000
26.500000
9.000000
-9.000000
13.250000
15.500000
34.000000
10.750000
8.750000
1.500000
21.750000
24.000000
20.250000
27.000000
-1.750000
11.250000
25.000000
23.250000
18.250000
20.750000
23.250000
21.750000
25.500000
20.250000
24.000000
16.000000
38.500000
16.000000
17.750000
19.250000
29.000000
29.750000
22.500000
17.750000
10.000000
22.750000
18.500000
38.750000
8.750000
8.000000
6.250000
28.000000
30.250000
20.500000
2.750000
3.500000
14.000000
33.750000
11.500000
3.250000
-11.750000
44.750000
30.250000
-17.500000
2.750000
27.000000
10.500000
30.750000
-3.000000
25.500000
-12.500000
23.250000
43.500000
20.500000
8.250000
-23.750000
0.250000
5.750000
7.250000
21.750000
53.250000
8.750000
-2.500000
8.500000
-3.750000
40.750000
0.000000
36.250000
7.000000
26.750000
18.250000
1.250000
14.500000
1.250000
73.250000
13.000000
21.500000
-21.750000
-7.750000
40.750000
31.250000
31.500000
-18.250000
-8.500000
-1.250000
30.250000
9.750000
-7.500000
-1.500000
5.500000
20.500000
-14.000000
-13.000000
-19.250000
28.750000
39.500000
10.750000
-15.750000
-30.750000
37.250000
23.000000
32.500000
-3.750000
-2.500000
5.750000
16.250000
17.250000
3.750000
17.750000
11.250000
22.500000
-6.250000
16.500000
6.250000
21.250000
13.500000
5.500000
6.750000
-7.000000
-1.250000
0.500000
7.000000
16.750000
13.500000
1.250000
-16.500000
-12.750000
3.250000
20.750000
11.500000
5.250000
-17.250000
-3.250000
5.750000
14.250000
0.500000
2.500000
0.000000
23.250000
21.750000
-5.250000
-5.500000
14.000000
23.250000
17.750000
19.500000
14.750000
21.750000
24.250000
17.500000
7.750000
17.250000
36.000000
32.500000
22.000000
1.750000
18.750000
15.250000
36.250000
21.250000
20.500000
14.000000
35.000000
32.500000
11.000000
13.000000
4.000000
36.500000
17.000000
44.000000
9.500000
11.250000
19.750000
30.250000
33.250000
7.250000
17.750000
17.250000
46.500000
34.250000
15.750000
0.000000
26.250000
36.500000
48.500000
30.500000
8.250000
25.500000
28.500000
40.500000
16.250000
31.500000
20.750000
23.750000
12.750000
61.250000
49.250000
-4.500000
9.500000
-37.000000
26.750000
28.500000
44.750000
17.500000
-61.250000
4.000000
-12.250000
29.250000
-13.500000
-2.250000
18.750000
116.000000
20.750000
-79.750000
-64.750000
-69.500000
109.000000
56.250000
32.750000
-77.250000
-59.000000
24.250000
43.000000
41.250000
-57.500000
-12.750000
2.750000
56.000000
-19.500000
-36.750000
-6.500000
29.250000
76.750000
-20.250000
-30.250000
-53.750000
56.750000
85.500000
42.000000
-37.750000
-59.250000
18.500000
59.750000
78.250000
-7.500000
-41.750000
-9.250000
52.000000
62.750000
-6.500000
-18.500000
-15.000000
62.000000
48.250000
-3.500000
-28.000000
-11.500000
46.250000
51.250000
9.250000
-17.250000
6.250000
35.500000
38.750000
19.000000
-15.500000
8.500000
17.250000
41.750000
20.500000
17.500000
-12.000000
7.750000
37.500000
30.250000
3.750000
-6.250000
22.000000
31.750000
32.250000
10.500000
-6.250000
8.750000
39.000000
30.000000
20.750000
10.000000
7.250000
42.750000
25.000000
46.500000
27.250000
16.000000
45.000000
16.500000
41.250000
27.250000
2.250000
31.500000
53.750000
48.750000
-9.750000
17.500000
30.250000
31.250000
36.000000
21.250000
33.500000
-17.750000
10.750000
50.750000
36.000000
8.250000
-23.500000
28.500000
30.000000
16.000000
5.250000
24.750000
-3.500000
6.250000
20.500000
60.750000
-1.500000
-21.250000
7.500000
36.000000
68.500000
18.750000
-4.250000
0.250000
31.250000
42.250000
23.500000
17.500000
5.500000
22.000000
32.250000
33.000000
15.250000
-4.250000
10.250000
8.750000
-24.250000
7.000000
171.250000
333.000000
48.500000
-378.500000
-374.250000
98.250000
352.250000
149.250000
-198.000000
-304.250000
-57.250000
162.000000
154.750000
-182.000000
-156.250000
172.750000
491.000000
120.000000
-377.000000
-424.250000
28.500000
414.000000
249.500000
-172.000000
-360.000000
-70.000000
230.500000
190.000000
-94.500000
-233.750000
-23.250000
188.000000
140.750000
-121.500000
-200.250000
-25.250000
207.250000
166.500000
-86.750000
-196.750000
-64.000000
165.750000
195.750000
-16.750000
-177.250000
-71.250000
136.750000
173.500000
8.500000
-123.250000
-45.750000
97.500000
152.250000
6.750000
-101.750000
-42.250000
95.000000
141.500000
3.750000
-88.500000
-49.500000
91.750000
140.250000
29.500000
-77.000000
-75.500000
88.500000
127.500000
49.250000
-63.000000
-68.000000
62.000000
101.750000
69.500000
-41.000000
-53.250000
45.500000
86.750000
59.000000
-19.750000
-31.250000
35.500000
85.250000
65.500000
-24.000000
-34.750000
34.500000
74.000000
70.500000
-17.750000
-25.750000
11.250000
62.250000
59.250000
-17.000000
-22.750000
4.750000
61.250000
28.250000
-16.500000
-29.250000
-5.250000
52.250000
28.500000
-15.750000
-41.750000
-3.500000
29.750000
32.250000
-12.500000
-29.250000
-4.250000
30.000000
22.500000
-8.750000
-20.750000
13.750000
32.750000
16.000000
-4.500000
-8.250000
29.250000
38.750000
39.250000
-5.250000
-14.000000
7.750000
41.500000
46.250000
12.250000
-11.750000
6.500000
29.500000
28.000000
-7.750000
-5.250000
18.500000
21.000000
-3.750000
-9.250000
-19.250000
11.250000
9.500000
9.750000
-12.000000
-25.500000
-6.500000
12.250000
43.250000
47.500000
-108.000000
-224.250000
107.000000
289.000000
34.500000
-197.750000
-180.000000
149.500000
214.750000
99.250000
-115.250000
-168.750000
148.000000
246.250000
133.500000
-139.250000
-331.500000
-57.250000
464.250000
306.250000
-128.750000
-390.500000
-72.250000
352.500000
290.250000
-78.000000
-368.500000
-111.250000
241.750000
316.750000
-21.500000
-313.250000
-168.250000
160.750000
321.000000
31.250000
-220.500000
-211.750000
102.250000
308.750000
112.750000
-144.500000
-228.500000
54.500000
247.000000
203.250000
-83.000000
-175.000000
-24.250000
195.750000
204.750000
-29.000000
-130.000000
-66.250000
163.500000
192.000000
13.000000
-126.500000
-108.750000
110.000000
177.500000
87.750000
-110.500000
-119.750000
21.250000
142.000000
99.500000
-47.250000
-99.750000
-50.750000
99.250000
105.000000
-6.000000
-110.500000
-57.750000
78.750000
97.750000
29.500000
-92.500000
-57.750000
77.250000
111.500000
65.000000
-67.750000
-35.000000
49.000000
132.250000
71.250000
-42.500000
-40.250000
31.500000
151.000000
44.750000
-21.000000
-72.750000
27.500000
98.000000
43.000000
-29.750000
-95.500000
2.250000
43.750000
34.750000
-31.750000
-104.250000
-20.500000
1.250000
43.750000
-49.500000
-84.250000
-40.250000
16.250000
45.750000
-35.000000
-64.250000
-42.500000
35.250000
38.000000
11.500000
-46.250000
-35.500000
30.500000
62.250000
24.250000
-25.250000
-23.000000
47.500000
58.500000
41.750000
-21.250000
-16.750000
35.500000
63.000000
44.250000
-27.500000
-18.750000
25.250000
56.000000
37.500000
-30.000000
-19.750000
-3.500000
55.750000
16.000000
-5.000000
-33.250000
1.750000
34.000000
20.250000
-7.250000
-20.500000
-2.250000
44.000000
6.750000
-17.750000
34.500000
45.000000
49.000000
-43.000000
8.250000
25.500000
95.500000
50.250000
3.500000
17.500000
22.000000
81.250000
41.250000
17.750000
10.000000
91.500000
83.500000
61.250000
-3.750000
-24.000000
55.500000
88.000000
105.500000
19.000000
-7.500000
-23.750000
69.000000
95.750000
52.250000
8.000000
-36.500000
43.750000
61.750000
62.250000
1.750000
0.000000
15.250000
40.500000
35.500000
0.750000
-6.500000
1.750000
31.500000
16.250000
7.500000
-23.750000
-23.250000
14.000000
31.750000
21.750000
-37.250000
-44.250000
-2.500000
37.500000
32.250000
-16.500000
-40.750000
-24.250000
30.250000
36.750000
12.500000
-34.750000
4.750000
11.500000
21.000000
6.500000
4.750000
-8.750000
-14.000000
41.000000
31.250000
16.500000
-38.750000
-4.750000
33.250000
30.000000
17.750000
1.750000
-14.250000
12.500000
42.250000
22.000000
12.750000
-13.250000
17.500000
33.000000
38.750000
6.250000
-4.250000
9.500000
18.250000
45.250000
-6.250000
11.250000
-5.500000
37.000000
30.500000
16.000000
2.000000
-13.250000
39.500000
21.750000
46.250000
-0.500000
-3.000000
24.250000
24.000000
51.750000
2.750000
19.750000
13.500000
20.250000
29.250000
21.750000
27.500000
10.750000
24.750000
16.250000
28.000000
16.000000
14.000000
19.750000
19.500000
22.500000
5.750000
11.750000
18.000000
19.500000
23.500000
-7.000000
10.250000
4.750000
36.250000
15.250000
-9.750000
3.250000
8.000000
40.000000
12.250000
15.250000
-6.000000
9.750000
3.250000
35.750000
3.250000
28.750000
17.000000
24.250000
12.750000
-5.000000
67.750000
14.750000
15.250000
-1.250000
17.250000
72.750000
-3.500000
28.250000
-21.000000
40.750000
55.750000
17.250000
-23.500000
-50.250000
31.250000
103.500000
49.000000
-52.500000
-55.500000
10.250000
63.250000
45.250000
-0.750000
-36.250000
-1.500000
12.500000
44.250000
-14.000000
1.250000
-3.750000
28.750000
20.000000
-25.750000
-17.750000
-10.000000
63.000000
16.750000
-0.500000
-45.250000
-6.750000
37.250000
29.750000
18.250000
-43.750000
5.000000
-3.250000
44.000000
1.000000
-5.500000
6.500000
11.750000
33.500000
-5.750000
-13.500000
-18.500000
8.000000
29.250000
-2.750000
-24.000000
-26.750000
-2.500000
30.000000
-2.000000
-10.500000
-30.500000
11.500000
11.000000
25.250000
-8.750000
-6.750000
-12.000000
23.000000
19.000000
5.500000
6.250000
-6.250000
26.000000
19.500000
35.250000
0.000000
-1.500000
-1.250000
10.250000
30.250000
28.750000
11.250000
-14.750000
10.750000
15.500000
25.500000
4.750000
-8.250000
10.000000
8.750000
31.500000
15.500000
-9.250000
-2.000000
12.500000
12.000000
41.250000
12.500000
1.000000
15.500000
29.250000
22.500000
20.500000
27.250000
13.750000
28.250000
43.750000
36.750000
2.250000
-6.750000
53.750000
55.250000
44.500000
-0.500000
18.500000
18.750000
54.250000
35.750000
32.250000
7.750000
41.250000
29.250000
47.000000
15.750000
26.750000
31.000000
30.250000
34.750000
19.500000
21.250000
18.000000
26.250000
44.500000
44.000000
26.750000
11.250000
10.000000
48.750000
36.250000
42.500000
15.500000
25.750000
29.750000
7.000000
18.500000
101.000000
63.250000
-18.750000
-16.750000
-36.250000
42.750000
24.000000
58.250000
4.000000
-35.250000
-2.250000
-29.750000
7.000000
-23.250000
-0.750000
84.000000
153.000000
-27.250000
-139.750000
-115.750000
26.000000
104.750000
67.500000
-45.000000
-88.500000
-36.500000
41.750000
27.500000
-10.750000
-33.500000
2.000000
27.000000
20.500000
-56.250000
-38.750000
2.000000
84.000000
49.750000
-25.000000
-73.750000
-70.250000
83.750000
95.500000
53.250000
-74.000000
-74.000000
6.750000
85.500000
85.500000
-39.500000
-54.500000
-26.750000
85.750000
49.500000
-17.750000
-53.500000
-8.000000
81.750000
41.000000
-5.000000
-46.500000
-1.750000
53.250000
76.500000
2.000000
-35.500000
-16.250000
48.750000
74.500000
40.000000
0.000000
-21.750000
19.250000
62.500000
42.250000
22.500000
-1.750000
-8.000000
36.250000
57.000000
42.500000
-5.500000
-8.500000
12.750000
62.000000
38.000000
29.000000
-4.500000
0.250000
15.750000
64.250000
42.500000
19.250000
-15.250000
20.250000
74.250000
45.750000
38.000000
-13.250000
39.250000
23.500000
62.500000
33.500000
24.750000
-5.750000
12.500000
74.500000
40.000000
31.750000
-25.000000
10.250000
40.500000
45.750000
38.250000
-18.500000
6.500000
24.500000
18.500000
24.750000
-18.000000
9.500000
2.250000
18.500000
7.500000
-21.500000
4.000000
1.750000
12.250000
-4.750000
-21.500000
-6.750000
-13.250000
8.000000
14.250000
-4.000000
-2.500000
-14.250000
-14.500000
4.750000
23.250000
16.000000
-10.000000
-16.750000
-14.250000
25.750000
9.000000
25.250000
-15.250000
-59.500000
-4.750000
152.500000
297.500000
61.500000
-329.500000
-352.000000
88.250000
300.000000
98.500000
-151.250000
-183.250000
-16.500000
117.750000
31.250000
-145.000000
-71.750000
253.250000
429.250000
91.500000
-336.500000
-328.250000
76.500000
351.750000
178.500000
-131.750000
-216.250000
-13.000000
161.000000
63.250000
-86.250000
-108.000000
99.750000
157.250000
20.500000
-169.000000
-127.500000
74.500000
221.000000
92.500000
-102.000000
-175.250000
23.250000
190.750000
119.500000
-39.500000
-122.250000
39.500000
133.000000
118.750000
-43.250000
-69.500000
43.250000
132.500000
97.750000
-42.000000
-49.500000
21.750000
105.250000
71.250000
-34.000000
-32.500000
20.500000
105.500000
46.000000
-26.750000
-43.000000
16.000000
87.000000
32.750000
6.750000
-33.750000
5.750000
50.500000
40.250000
19.500000
-24.000000
15.250000
33.000000
58.750000
-0.250000
-20.750000
11.000000
29.000000
75.500000
7.750000
7.250000
-28.250000
23.000000
53.500000
33.250000
13.500000
-28.250000
32.250000
24.750000
26.250000
-11.000000
-18.750000
45.500000
31.750000
44.750000
-38.750000
-2.500000
9.750000
48.000000
26.750000
-25.250000
-10.250000
-2.750000
42.750000
28.500000
-21.500000
-29.500000
7.750000
34.000000
23.500000
-18.250000
-31.750000
-1.500000
31.750000
31.500000
-11.000000
-11.500000
-19.000000
23.500000
17.250000
21.500000
-23.750000
-3.250000
17.750000
36.750000
-3.000000
5.250000
7.750000
11.000000
18.500000
-4.250000
18.500000
10.500000
23.000000
-2.750000
1.750000
-3.250000
15.750000
-1.750000
9.250000
-1.750000
4.750000
-6.000000
1.000000
7.500000
62.250000
-39.750000
-199.000000
83.000000
218.250000
-27.000000
-127.750000
-108.500000
152.750000
117.250000
38.750000
-107.500000
-76.250000
161.750000
152.250000
109.250000
-182.000000
-160.250000
-122.000000
419.500000
265.000000
-112.750000
-238.750000
-141.750000
347.250000
171.000000
27.500000
-288.750000
-52.500000
207.000000
208.000000
5.500000
-269.750000
-55.750000
146.250000
278.000000
-14.000000
-202.500000
-146.500000
117.750000
283.250000
63.250000
-145.250000
-178.000000
68.000000
215.250000
117.500000
-74.750000
-147.500000
22.000000
162.000000
120.250000
-55.500000
-137.750000
6.500000
158.750000
140.750000
-77.750000
-141.750000
-34.750000
131.000000
155.750000
-27.500000
-151.000000
-78.500000
90.000000
153.500000
-9.250000
-124.000000
-103.500000
74.250000
122.500000
28.000000
-120.500000
-100.250000
50.500000
112.750000
44.500000
-107.500000
-67.250000
34.500000
135.750000
47.250000
-49.500000
-79.000000
46.000000
103.250000
74.500000
-30.000000
-44.250000
41.750000
97.250000
75.750000
-27.750000
-46.000000
23.750000
81.250000
75.500000
-24.750000
-48.750000
-18.500000
65.000000
60.000000
2.250000
-67.750000
-38.250000
35.250000
56.500000
16.500000
-55.750000
-49.500000
3.500000
58.750000
30.000000
-33.500000
-43.000000
-5.500000
61.750000
47.000000
-4.250000
-48.000000
-0.500000
53.250000
57.750000
11.250000
-27.250000
4.500000
65.000000
56.000000
18.500000
-13.000000
11.250000
43.750000
44.500000
32.250000
-15.750000
12.250000
22.000000
40.250000
22.000000
-1.000000
2.000000
3.250000
27.000000
5.750000
7.750000
-3.750000
0.750000
14.500000
18.750000
9.000000
-10.750000
-12.500000
-4.750000
41.250000
-3.250000
21.500000
7.500000
4.750000
4.750000
5.000000
54.000000
33.250000
46.000000
-20.250000
13.500000
25.000000
80.250000
60.000000
5.250000
-20.000000
56.500000
83.250000
87.000000
7.000000
-17.750000
26.000000
70.000000
85.500000
41.250000
0.500000
3.000000
46.750000
75.250000
55.750000
13.250000
-1.250000
26.500000
49.250000
58.750000
9.500000
6.000000
14.000000
30.250000
42.750000
6.250000
0.250000
-5.750000
43.250000
33.250000
10.500000
-27.750000
1.250000
11.500000
31.250000
28.750000
-17.000000
-8.000000
-16.000000
29.750000
21.000000
4.000000
-27.750000
-21.000000
12.000000
30.250000
13.000000
-22.250000
-15.500000
-1.750000
22.000000
3.500000
-0.750000
-26.250000
-18.750000
24.250000
0.000000
1.000000
-8.500000
-12.250000
-1.750000
20.500000
34.250000
-46.500000
-25.750000
9.250000
23.750000
6.250000
-26.750000
12.250000
-11.750000
9.750000
23.500000
9.000000
-0.750000
-5.500000
26.250000
-10.750000
16.000000
17.250000
21.250000
19.500000
-8.750000
30.500000
7.500000
23.000000
11.250000
18.250000
38.000000
-13.000000
21.250000
-3.000000
39.750000
22.250000
20.250000
5.750000
6.000000
10.500000
20.000000
31.250000
15.500000
18.000000
-5.250000
33.500000
28.500000
27.000000
25.500000
7.000000
24.250000
26.750000
24.000000
12.750000
36.250000
29.750000
13.750000
-6.250000
38.250000
42.500000
28.250000
-4.000000
25.000000
37.750000
24.250000
17.500000
25.250000
30.000000
4.000000
34.500000
23.500000
8.000000
30.750000
11.500000
35.500000
4.500000
10.750000
11.500000
1.500000
57.500000
9.250000
-26.500000
-29.000000
33.250000
45.750000
6.500000
2.500000
-48.500000
9.500000
26.500000
21.250000
-32.250000
-78.250000
-8.250000
81.750000
49.250000
-39.500000
-73.500000
-29.000000
63.000000
47.000000
0.750000
-57.750000
-24.750000
45.250000
63.250000
26.250000
-44.250000
-21.000000
34.750000
72.500000
24.500000
-27.750000
-14.750000
33.500000
77.750000
23.500000
-24.500000
-38.000000
29.750000
77.750000
29.750000
-18.250000
-44.750000
-4.250000
46.750000
31.750000
-11.250000
-26.500000
-4.000000
34.500000
35.750000
1.000000
-17.750000
-23.500000
30.250000
38.750000
30.250000
-10.750000
-16.250000
29.000000
36.500000
39.750000
-14.500000
4.750000
30.250000
50.500000
41.500000
6.250000
10.250000
-4.500000
41.500000
28.500000
12.000000
-21.500000
-6.500000
30.000000
24.500000
52.500000
-54.500000
-41.750000
-1.500000
68.000000
12.750000
-41.500000
-20.500000
-8.750000
95.000000
-7.000000
-9.750000
-89.500000
19.500000
52.000000
57.750000
0.250000
-67.250000
-0.250000
18.500000
58.750000
11.750000
0.750000
14.000000
28.000000
52.750000
19.000000
19.500000
-10.000000
42.750000
58.000000
55.250000
37.750000
-21.000000
18.000000
34.500000
78.250000
18.000000
33.250000
-4.750000
36.000000
43.250000
31.750000
13.750000
-14.500000
35.000000
29.000000
36.500000
-12.750000
46.250000
-26.500000
44.000000
25.250000
12.250000
30.750000
-24.500000
48.750000
-8.500000
58.250000
6.250000
26.250000
13.000000
23.750000
44.000000
21.250000
30.500000
-8.500000
30.750000
30.750000
-3.000000
63.250000
106.750000
3.750000
-63.000000
-60.500000
18.750000
56.500000
22.750000
-16.500000
-7.500000
-36.250000
-16.500000
-29.750000
-30.750000
-6.750000
29.500000
149.500000
103.000000
-90.000000
-150.500000
-86.750000
78.750000
76.000000
30.500000
-70.750000
-44.500000
2.000000
34.250000
25.000000
-54.750000
-40.000000
24.500000
74.000000
10.750000
-51.750000
-31.500000
29.250000
61.750000
18.750000
-21.500000
-3.250000
20.000000
42.000000
29.750000
43.750000
-24.250000
2.250000
18.500000
70.750000
64.500000
-7.500000
-8.750000
3.500000
55.500000
24.500000
36.750000
15.000000
6.000000
28.250000
2.500000
46.750000
-0.750000
27.250000
26.250000
10.750000
24.500000
25.250000
44.500000
-4.250000
-13.250000
29.500000
73.750000
22.750000
-7.000000
-14.500000
61.250000
21.750000
49.500000
-18.750000
-5.000000
29.500000
28.000000
33.750000
-1.000000
-0.250000
13.250000
35.500000
17.500000
3.500000
-7.250000
3.750000
33.500000
0.500000
21.500000
-16.750000
18.000000
13.500000
33.250000
5.750000
-13.250000
18.500000
1.750000
25.750000
12.250000
1.750000
3.250000
3.750000
11.000000
18.000000
24.750000
-14.750000
43.750000
-15.500000
19.000000
14.750000
13.000000
52.500000
-33.000000
32.250000
-25.750000
62.500000
12.500000
9.750000
-5.500000
2.250000
52.500000
4.000000
21.250000
-12.250000
19.500000
31.000000
19.000000
13.750000
-10.250000
11.750000
31.250000
30.000000
5.250000
-17.250000
0.250000
33.500000
26.500000
13.000000
-20.750000
4.750000
15.750000
43.500000
9.750000
-15.500000
-44.000000
18.000000
175.500000
227.250000
-9.750000
-298.750000
-183.250000
171.000000
220.000000
3.500000
-119.250000
-40.000000
62.000000
105.250000
-46.500000
-146.750000
18.750000
251.500000
369.250000
-23.250000
-290.750000
-226.500000
102.250000
296.750000
73.250000
-130.500000
-135.750000
39.000000
116.750000
-15.250000
-116.250000
-75.500000
114.250000
179.250000
-29.500000
-173.500000
-171.000000
115.750000
185.250000
111.500000
-140.250000
-169.000000
15.750000
145.500000
111.500000
-74.000000
-78.750000
4.500000
111.750000
59.250000
-39.500000
-39.250000
2.500000
122.750000
50.750000
-5.250000
-70.500000
17.250000
76.000000
81.250000
7.750000
-63.250000
40.500000
20.000000
113.500000
-30.000000
-25.500000
-6.000000
61.750000
87.750000
-25.750000
5.250000
-33.250000
64.250000
62.250000
12.000000
-20.000000
1.250000
45.250000
62.750000
3.000000
-20.000000
6.250000
67.250000
58.750000
17.250000
-30.500000
-6.000000
41.500000
53.000000
33.750000
-7.000000
4.250000
6.000000
36.750000
2.500000
14.500000
-10.000000
39.250000
4.000000
28.500000
-18.750000
1.750000
15.500000
24.000000
39.750000
-21.750000
3.750000
-23.500000
51.750000
-5.000000
19.500000
-15.250000
9.500000
22.000000
-7.000000
8.250000
-20.250000
4.500000
8.500000
19.250000
12.500000
-16.500000
-22.750000
-4.750000
46.000000
16.250000
13.250000
-37.000000
11.750000
8.750000
30.750000
6.750000
4.000000
10.000000
3.500000
15.250000
-11.250000
16.500000
13.250000
16.500000
-10.000000
-10.500000
-3.750000
4.750000
27.500000
9.000000
11.500000
-36.250000
1.000000
30.000000
69.250000
-109.000000
-74.250000
202.000000
1.000000
-55.250000
-94.250000
45.250000
124.750000
14.500000
78.750000
-213.250000
220.500000
-6.750000
213.750000
-156.500000
-89.250000
-40.000000
40.000000
448.000000
-194.500000
51.000000
-229.500000
198.000000
127.750000
-30.750000
-22.750000
-130.750000
243.000000
14.500000
60.500000
-196.500000
-7.500000
132.250000
128.000000
27.750000
-183.250000
-2.000000
47.500000
181.250000
-14.000000
-84.750000
-60.750000
53.750000
118.250000
9.000000
-48.000000
-64.750000
51.250000
89.500000
23.500000
-68.250000
-50.250000
56.000000
97.250000
21.000000
-70.250000
-52.000000
39.500000
88.250000
35.000000
-47.000000
-38.000000
21.500000
80.250000
26.500000
-17.000000
-38.250000
30.000000
73.750000
36.000000
-29.000000
-33.500000
22.000000
64.000000
47.250000
-28.500000
-26.250000
14.500000
61.500000
42.500000
-0.500000
-16.500000
7.500000
33.750000
30.750000
14.250000
-14.500000
4.750000
21.500000
28.250000
17.750000
-22.000000
16.750000
16.750000
22.250000
4.250000
-10.250000
13.750000
14.500000
39.500000
-10.000000
-2.500000
1.000000
40.250000
25.250000
-5.250000
-8.000000
-10.250000
41.000000
29.750000
16.000000
-4.250000
0.250000
16.000000
23.750000
28.000000
17.250000
-8.250000
28.000000
-8.000000
46.000000
-2.750000
25.250000
8.250000
13.500000
14.500000
5.250000
26.000000
3.250000
24.250000
-2.500000
25.750000
10.000000
19.500000
9.000000
5.250000
10.000000
1.500000
35.750000
15.250000
17.250000
-11.250000
18.500000
25.250000
15.750000
23.000000
9.750000
21.500000
13.000000
15.500000
9.250000
27.750000
10.500000
52.750000
19.000000
-7.250000
-1.000000
17.750000
65.250000
47.250000
25.500000
-50.750000
10.250000
31.250000
94.500000
47.250000
-15.250000
-66.500000
66.500000
74.000000
87.500000
-33.250000
-19.750000
12.750000
87.750000
70.000000
-4.000000
-11.750000
-3.500000
79.250000
77.750000
21.000000
1.000000
-8.500000
56.750000
56.000000
35.500000
-0.500000
0.000000
61.000000
30.000000
38.500000
-19.750000
7.750000
29.250000
38.250000
44.000000
-7.250000
1.750000
16.500000
19.500000
27.750000
11.500000
12.000000
-20.250000
15.000000
22.750000
21.750000
-14.750000
-1.250000
-8.500000
-12.500000
-1.750000
-6.500000
15.250000
-17.500000
-12.500000
-16.750000
9.250000
1.500000
-37.500000
-8.000000
3.250000
18.250000
-16.750000
-3.750000
4.500000
12.000000
-20.500000
14.250000
0.750000
17.750000
-30.750000
19.750000
32.500000
9.750000
-31.750000
0.250000
34.250000
9.000000
6.250000
-30.750000
17.250000
12.000000
7.500000
15.250000
-10.250000
16.250000
-2.250000
15.250000
10.000000
-2.250000
25.500000
5.000000
-2.500000
-14.250000
-9.500000
40.750000
1.000000
22.500000
-15.500000
25.750000
-1.000000
21.250000
-4.500000
-4.000000
18.250000
18.500000
31.500000
13.750000
15.000000
14.500000
19.750000
29.500000
31.250000
22.750000
1.500000
39.250000
35.750000
42.500000
31.750000
3.500000
18.250000
11.750000
42.250000
15.750000
26.750000
21.000000
28.000000
21.750000
22.250000
12.000000
12.000000
26.000000
39.000000
11.750000
-9.000000
0.000000
22.500000
37.000000
26.500000
9.250000
-31.500000
26.500000
50.500000
-4.250000
-25.000000
-17.000000
63.500000
31.750000
19.500000
-29.250000
-26.250000
26.500000
37.750000
11.750000
-45.250000
-38.000000
26.000000
94.500000
-18.250000
-30.750000
-54.000000
40.750000
48.250000
4.000000
-45.000000
-24.000000
27.750000
40.500000
14.500000
-39.250000
-15.000000
24.000000
39.250000
8.250000
-34.500000
-5.500000
30.750000
47.750000
21.500000
-12.750000
-26.000000
9.250000
51.500000
38.000000
7.250000
-4.250000
9.500000
32.500000
18.000000
13.000000
8.250000
23.000000
50.250000
43.750000
-1.000000
15.750000
9.000000
29.750000
58.750000
40.500000
9.000000
-7.750000
8.500000
40.000000
23.250000
6.250000
0.250000
6.500000
44.250000
39.750000
26.750000
-27.500000
-15.500000
20.000000
47.000000
28.750000
10.250000
-24.000000
9.750000
28.500000
15.750000
5.000000
0.250000
3.250000
16.000000
12.000000
-2.750000
-3.000000
-1.250000
13.250000
16.250000
6.750000
13.250000
-4.750000
4.000000
13.000000
28.250000
4.000000
3.250000
3.500000
14.000000
20.000000
22.000000
8.750000
4.000000
0.500000
21.250000
30.250000
16.750000
8.250000
0.250000
8.500000
37.250000
14.250000
19.500000
-7.500000
10.500000
28.250000
18.500000
19.750000
3.500000
17.500000
3.250000
23.750000
14.750000
19.500000
-1.000000
-2.250000
25.750000
23.750000
34.500000
1.250000
16.750000
10.500000
35.250000
36.500000
13.000000
15.000000
22.750000
57.500000
49.000000
44.250000
25.250000
30.250000
45.000000
50.250000
53.000000
34.250000
34.750000
12.750000
40.500000
98.500000
191.500000
28.250000
-107.250000
-98.500000
11.750000
140.500000
42.250000
-5.750000
-81.250000
-3.500000
-15.500000
-19.000000
-88.000000
-77.000000
49.500000
288.500000
203.250000
-162.500000
-302.000000
-162.750000
123.250000
174.500000
19.750000
-129.500000
-97.000000
40.750000
40.750000
-5.750000
-87.000000
-54.250000
83.250000
85.500000
-13.500000
-120.750000
-55.750000
69.750000
137.250000
21.500000
-90.250000
-94.000000
-0.500000
149.750000
53.250000
-7.750000
-116.750000
-23.750000
46.750000
66.750000
41.750000
-72.750000
-24.250000
-16.250000
38.750000
-2.500000
-19.750000
-28.000000
14.250000
24.750000
18.250000
-12.750000
-54.750000
8.500000
53.750000
46.250000
15.250000
-25.250000
-17.750000
57.500000
47.750000
55.000000
-0.750000
-4.750000
48.500000
56.500000
67.250000
5.750000
2.500000
29.750000
61.250000
80.750000
-1.750000
-11.750000
9.750000
75.500000
79.250000
20.000000
-20.250000
-2.250000
58.500000
78.750000
23.250000
-5.750000
-17.500000
53.000000
69.250000
50.000000
-7.750000
-10.000000
39.000000
57.000000
52.000000
-12.000000
-8.750000
21.750000
47.500000
45.000000
-3.750000
-11.250000
-6.250000
64.750000
30.500000
2.500000
-15.500000
-1.750000
50.250000
24.750000
4.750000
-35.500000
15.750000
37.750000
46.500000
-11.000000
-21.000000
-7.750000
27.750000
46.750000
6.250000
-17.250000
-26.750000
40.500000
23.000000
30.500000
-23.750000
-3.250000
27.250000
38.750000
20.750000
-30.250000
-0.750000
30.750000
52.500000
10.000000
-25.250000
-3.250000
21.250000
46.250000
2.500000
-6.000000
-32.750000
-31.000000
92.000000
160.500000
66.500000
-200.750000
-167.500000
54.250000
151.500000
65.000000
-55.000000
-38.000000
-6.250000
68.000000
6.750000
-70.500000
-20.000000
79.750000
300.500000
104.250000
-167.250000
-162.500000
-56.000000
218.500000
100.000000
79.250000
-97.750000
-53.500000
-10.250000
17.750000
32.250000
-5.500000
74.750000
41.000000
-32.750000
-100.250000
-72.000000
68.750000
85.750000
70.000000
-69.500000
-92.250000
-46.750000
60.000000
61.750000
27.250000
-17.500000
-31.750000
26.000000
9.750000
49.500000
-1.250000
29.250000
33.000000
34.500000
14.250000
-4.000000
23.500000
29.250000
55.250000
23.500000
23.500000
-19.000000
32.500000
29.750000
38.250000
1.250000
5.250000
27.250000
38.250000
23.000000
-29.750000
7.750000
10.750000
46.000000
18.500000
4.250000
-4.000000
8.500000
31.000000
8.750000
16.750000
3.000000
39.750000
14.000000
45.500000
7.000000
9.750000
40.750000
43.750000
57.250000
1.000000
29.000000
16.500000
49.500000
14.500000
11.750000
4.750000
9.500000
43.250000
8.750000
7.000000
-27.250000
9.250000
13.750000
10.750000
4.750000
-33.250000
7.250000
-7.750000
23.250000
-8.750000
-8.250000
-22.500000
4.000000
7.750000
8.000000
-5.500000
-17.250000
4.000000
-4.750000
15.500000
-18.500000
-0.500000
15.500000
14.750000
20.000000
-14.250000
-6.750000
12.750000
32.250000
8.000000
6.000000
1.500000
9.500000
-3.750000
6.500000
-2.750000
-7.000000
28.000000
-12.000000
-5.750000
-33.750000
9.250000
-2.000000
-10.250000
-12.500000
-20.250000
17.000000
-11.500000
-2.250000
23.750000
-16.500000
-164.500000
42.000000
163.500000
-6.500000
-53.500000
-113.750000
103.250000
69.250000
44.000000
-3.750000
-31.000000
139.500000
76.250000
60.750000
-65.500000
-47.000000
-84.000000
248.500000
143.000000
22.750000
-67.750000
-8.500000
120.750000
42.750000
24.000000
-46.000000
72.750000
88.500000
56.250000
-53.250000
-63.000000
38.000000
99.500000
78.750000
-25.500000
-66.000000
-18.250000
79.250000
70.750000
22.750000
-40.750000
-9.500000
25.750000
58.000000
26.500000
-4.250000
12.750000
23.750000
52.000000
-8.250000
2.500000
28.000000
51.250000
41.500000
-13.750000
-19.500000
13.250000
60.250000
37.750000
-15.750000
-27.000000
6.750000
59.250000
25.750000
-6.750000
-26.250000
4.500000
36.500000
16.750000
5.750000
-28.250000
25.250000
22.750000
15.250000
2.000000
-9.500000
40.000000
25.750000
31.250000
-11.750000
-5.500000
43.500000
31.000000
33.000000
-14.750000
18.000000
15.000000
35.500000
16.500000
4.250000
9.000000
21.750000
35.000000
5.250000
-2.000000
-4.500000
27.750000
23.750000
20.250000
-2.500000
-20.500000
16.500000
23.500000
34.500000
4.250000
5.750000
-2.500000
7.500000
39.250000
26.500000
25.000000
-15.250000
15.000000
25.750000
33.250000
35.500000
-8.000000
3.500000
9.500000
44.500000
26.000000
-1.750000
4.000000
20.000000
26.250000
9.000000
20.250000
-3.750000
32.500000
7.750000
5.500000
-0.250000
5.500000
22.500000
6.250000
13.750000
-1.500000
14.750000
4.250000
11.750000
20.750000
0.250000
22.250000
1.750000
16.000000
4.000000
13.250000
15.750000
2.750000
18.000000
0.250000
8.000000
25.000000
4.250000
21.500000
18.250000
4.750000
-11.250000
3.750000
24.250000
48.250000
8.500000
-16.750000
11.250000
11.250000
60.500000
29.500000
10.750000
-46.750000
49.750000
59.000000
71.000000
16.250000
-35.750000
6.750000
63.500000
89.750000
18.500000
29.750000
12.250000
30.000000
43.750000
69.250000
53.000000
15.500000
-3.000000
49.500000
63.500000
43.000000
2.000000
3.750000
35.500000
45.500000
7.250000
-3.250000
47.250000
8.000000
-5.250000
5.500000
19.500000
-11.750000
17.250000
12.500000
7.000000
-18.750000
-3.000000
2.250000
10.500000
-8.000000
9.000000
-24.750000
13.500000
-6.250000
-12.500000
9.000000
3.250000
6.000000
-12.000000
-22.750000
-12.750000
24.250000
3.750000
17.750000
-31.750000
-33.000000
9.000000
21.500000
1.500000
-26.500000
-12.750000
5.750000
9.000000
2.000000
-15.500000
0.250000
-9.500000
8.250000
-4.500000
-7.500000
-6.500000
2.250000
15.000000
-2.250000
-8.000000
-39.500000
14.500000
13.750000
10.000000
-2.500000
6.750000
8.250000
14.500000
3.000000
2.750000
21.250000
28.000000
11.500000
13.250000
0.000000
31.750000
25.500000
30.500000
8.750000
20.500000
5.000000
28.500000
26.500000
30.000000
28.500000
25.250000
51.250000
2.500000
26.250000
12.750000
37.500000
11.750000
21.250000
36.000000
27.250000
25.750000
16.000000
8.000000
25.000000
15.750000
38.250000
13.000000
23.500000
18.000000
30.750000
18.500000
14.000000
11.000000
26.500000
43.750000
28.750000
21.000000
-9.000000
29.000000
27.500000
50.500000
31.000000
25.750000
18.500000
-14.750000
51.250000
64.250000
-7.500000
-22.000000
-8.500000
84.750000
47.750000
22.250000
-41.250000
-16.250000
40.750000
75.250000
14.500000
-69.500000
-59.250000
37.000000
129.250000
21.750000
-61.250000
-98.500000
28.750000
80.750000
60.000000
-50.000000
-75.500000
3.750000
87.250000
78.250000
-46.000000
-67.000000
-19.500000
64.250000
86.250000
0.500000
-20.750000
-35.000000
36.750000
52.250000
24.500000
1.500000
-36.750000
41.750000
31.500000
38.750000
-19.500000
-18.750000
14.000000
48.500000
40.250000
-1.750000
-16.750000
9.250000
38.750000
52.000000
-2.000000
-31.500000
27.000000
19.250000
34.000000
-8.250000
-21.750000
-15.250000
14.500000
40.500000
-2.500000
-1.750000
-32.250000
32.750000
6.500000
8.500000
-26.500000
-10.500000
17.250000
17.000000
5.500000
-6.750000
-12.000000
6.000000
12.500000
2.500000
-27.500000
-3.000000
9.000000
6.000000
4.250000
-26.750000
2.250000
-23.500000
34.000000
-6.500000
11.500000
6.250000
1.250000
22.250000
7.500000
21.500000
17.750000
10.750000
-2.750000
35.000000
34.500000
18.000000
0.000000
17.500000
37.500000
28.750000
33.750000
12.500000
17.500000
17.000000
58.000000
29.750000
35.750000
0.000000
27.500000
46.750000
44.000000
35.250000
17.000000
39.250000
28.500000
44.250000
30.250000
31.250000
16.000000
29.250000
57.750000
38.500000
44.500000
8.000000
46.250000
31.750000
56.750000
34.250000
-1.000000
40.750000
39.000000
45.750000
49.000000
27.500000
8.750000
40.000000
45.750000
41.250000
20.250000
3.750000
5.250000
2.500000
93.250000
247.750000
102.000000
-169.250000
-228.250000
28.000000
157.250000
113.750000
-83.250000
-159.000000
-72.000000
37.000000
65.750000
-118.500000
-167.750000
40.500000
411.000000
222.750000
-219.000000
-512.000000
-165.000000
190.750000
303.750000
-11.750000
-295.750000
-181.250000
62.250000
174.250000
-34.500000
-173.500000
-142.250000
121.250000
173.750000
23.000000
-186.250000
-170.250000
84.750000
201.250000
127.750000
-110.750000
-202.250000
-39.000000
171.750000
199.250000
3.750000
-145.000000
-101.750000
82.750000
179.250000
61.750000
-91.500000
-110.250000
52.000000
149.000000
66.500000
-66.750000
-106.750000
18.500000
134.000000
101.000000
-17.250000
-107.250000
-10.750000
90.000000
140.250000
19.000000
-60.500000
-51.750000
81.500000
114.750000
78.750000
-38.250000
-38.750000
41.750000
122.500000
102.250000
5.750000
-38.750000
9.500000
118.000000
93.500000
35.500000
-39.250000
1.250000
98.000000
115.500000
32.750000
-30.250000
-17.250000
65.500000
106.250000
42.750000
-30.250000
-37.500000
50.250000
88.250000
44.000000
-22.000000
-30.000000
34.750000
47.500000
34.750000
-25.250000
-24.500000
7.000000
44.000000
23.500000
-16.250000
-32.750000
-9.750000
24.500000
34.250000
8.250000
-34.250000
-6.000000
3.750000
33.750000
10.750000
-7.500000
-15.500000
2.500000
28.750000
30.000000
4.500000
-22.750000
9.750000
19.500000
35.000000
12.250000
-15.500000
2.500000
12.500000
46.000000
13.000000
2.750000
-16.000000
21.000000
38.000000
7.250000
13.000000
-9.500000
19.250000
11.000000
23.750000
4.500000
-6.000000
10.750000
10.250000
25.500000
-16.750000
-49.000000
54.000000
143.250000
84.500000
-146.500000
-129.250000
-27.250000
99.000000
105.250000
67.000000
-11.750000
-93.500000
17.250000
33.250000
70.000000
0.500000
61.250000
158.750000
-2.500000
-22.250000
-101.750000
27.250000
76.750000
106.250000
77.750000
-52.000000
-57.250000
-86.000000
53.500000
37.250000
61.000000
8.250000
-9.000000
-42.000000
-49.750000
-3.500000
-21.500000
74.500000
54.750000
19.000000
-68.750000
-84.250000
8.250000
69.250000
132.250000
-3.250000
-35.250000
-80.250000
53.750000
68.500000
67.750000
-14.250000
-29.000000
37.750000
28.500000
59.750000
-40.250000
4.000000
11.000000
77.250000
54.750000
-28.000000
-14.000000
-9.500000
74.500000
37.750000
11.500000
-14.000000
13.250000
33.750000
26.750000
21.500000
-15.500000
20.250000
37.000000
39.000000
24.750000
-4.000000
5.250000
4.750000
65.000000
12.500000
27.750000
7.250000
32.000000
28.750000
19.750000
27.500000
12.750000
38.000000
35.750000
37.750000
5.250000
-3.250000
4.500000
30.250000
32.000000
10.250000
-13.000000
-25.750000
0.000000
25.250000
11.250000
-19.000000
-29.750000
-9.500000
26.000000
11.500000
-12.000000
-33.000000
-15.250000
15.000000
19.750000
6.250000
-21.500000
-17.500000
14.000000
24.500000
0.750000
-24.500000
-13.750000
25.000000
38.000000
15.500000
-20.500000
-13.250000
31.500000
29.500000
16.000000
-34.500000
-23.750000
38.000000
51.500000
3.250000
-49.750000
-20.500000
34.500000
55.500000
-4.250000
-43.000000
-29.250000
37.500000
40.250000
0.250000
-51.000000
-24.750000
25.250000
45.500000
8.250000
-27.250000
12.250000
-105.500000
-72.000000
147.250000
100.250000
-13.000000
-63.750000
-21.500000
111.250000
-4.250000
48.750000
-33.750000
102.250000
131.000000
54.250000
-27.000000
-109.750000
-85.500000
128.750000
228.000000
75.000000
-72.750000
-66.250000
48.500000
118.000000
18.750000
-32.000000
2.750000
97.500000
74.500000
-37.750000
-78.250000
-29.750000
119.750000
119.750000
22.750000
-102.000000
-42.500000
57.500000
129.500000
53.750000
-29.000000
-26.750000
22.500000
70.000000
54.250000
13.500000
0.750000
18.500000
44.750000
24.750000
7.250000
-1.500000
35.000000
35.250000
28.500000
2.250000
-26.250000
12.750000
32.250000
35.250000
6.000000
-33.750000
-4.000000
12.250000
33.250000
5.250000
3.500000
4.750000
4.250000
24.000000
13.750000
5.250000
2.500000
26.500000
18.250000
16.750000
12.000000
20.750000
16.000000
17.250000
37.250000
21.250000
41.250000
13.500000
18.750000
16.250000
47.250000
54.250000
10.750000
2.500000
20.500000
50.750000
46.500000
13.250000
-5.750000
4.500000
41.500000
39.750000
22.500000
-18.000000
1.000000
19.000000
36.250000
19.250000
-17.000000
-5.250000
9.000000
29.500000
5.250000
-6.250000
-19.250000
14.000000
26.250000
21.500000
2.000000
-22.000000
21.750000
20.000000
42.000000
-1.750000
-6.250000
9.250000
28.250000
51.250000
6.750000
3.000000
-4.250000
31.500000
41.500000
28.750000
-2.500000
-7.500000
25.500000
27.750000
42.500000
-2.500000
6.250000
-10.250000
24.500000
32.000000
8.000000
9.250000
-18.250000
28.250000
8.250000
26.000000
-2.250000
-22.500000
21.000000
18.750000
3.000000
-10.250000
-21.750000
21.500000
11.750000
-10.250000
10.500000
-16.500000
21.000000
-13.500000
41.000000
10.500000
26.000000
-18.750000
-9.000000
41.000000
57.500000
40.000000
-15.750000
-21.500000
54.500000
62.500000
82.000000
6.000000
-10.500000
14.500000
54.000000
70.250000
32.000000
21.250000
3.250000
51.000000
53.500000
36.250000
19.500000
14.250000
20.500000
36.000000
41.000000
2.000000
15.500000
15.250000
28.750000
6.000000
3.000000
-16.500000
16.250000
29.250000
2.000000
6.500000
-35.500000
18.500000
-4.250000
25.000000
10.000000
1.000000
-26.500000
0.750000
15.500000
-6.250000
28.750000
-2.750000
8.750000
-29.500000
24.000000
6.000000
-5.500000
0.500000
-17.000000
34.000000
-17.000000
17.000000
-15.500000
-7.000000
2.500000
19.750000
12.000000
-27.000000
-11.500000
6.000000
15.000000
6.250000
-12.750000
-8.750000
-4.250000
4.500000
17.500000
1.750000
-7.000000
-20.750000
2.000000
17.500000
15.750000
-13.000000
-24.500000
1.750000
23.250000
18.500000
-4.250000
-14.250000
0.500000
5.250000
22.500000
-15.500000
-8.000000
11.000000
36.750000
44.500000
-2.500000
9.250000
-12.000000
47.250000
49.000000
34.250000
20.000000
-7.500000
37.750000
32.500000
44.750000
8.000000
37.000000
38.750000
53.750000
41.750000
11.250000
18.750000
19.500000
63.000000
36.250000
22.250000
24.750000
22.750000
43.750000
15.750000
50.000000
4.250000
44.000000
23.250000
36.500000
33.000000
16.500000
38.000000
9.250000
65.000000
24.250000
48.750000
9.750000
17.250000
29.000000
39.000000
45.500000
28.000000
25.250000
28.000000
16.500000
41.000000
26.250000
34.000000
-26.500000
8.250000
63.000000
25.500000
30.750000
-29.750000
-1.750000
-25.500000
68.750000
27.250000
-19.250000
-60.750000
-27.000000
92.250000
42.500000
-15.500000
-71.750000
-14.750000
50.750000
54.000000
-16.250000
-55.250000
-14.000000
27.000000
61.500000
4.500000
-45.250000
-33.500000
-0.250000
40.250000
9.750000
-23.750000
-50.250000
4.750000
15.250000
20.250000
-33.250000
-41.500000
-11.750000
29.750000
48.000000
-24.750000
-33.500000
-44.500000
39.500000
38.750000
32.750000
-20.000000
-11.250000
28.750000
23.000000
50.250000
15.000000
0.750000
-1.500000
42.750000
43.250000
18.750000
-10.500000
3.250000
27.500000
26.500000
47.750000
5.250000
22.750000
-32.250000
28.500000
26.250000
49.500000
-41.250000
-14.500000
21.500000
52.500000
13.250000
-25.250000
7.750000
36.750000
26.500000
12.500000
-6.250000
16.500000
11.000000
53.000000
33.750000
4.750000
6.500000
-14.000000
31.500000
15.750000
45.500000
10.500000
3.000000
12.000000
4.500000
40.500000
26.750000
29.500000
13.000000
5.750000
31.250000
19.500000
23.250000
5.750000
34.750000
33.000000
29.250000
13.500000
13.000000
13.250000
18.250000
38.750000
9.250000
22.000000
-20.750000
-4.250000
1.750000
34.250000
17.000000
-15.750000
-17.000000
-17.750000
21.250000
-4.500000
9.000000
-19.000000
-1.750000
19.750000
19.250000
9.500000
-10.750000
26.500000
15.500000
42.000000
1.750000
17.000000
34.000000
45.250000
40.000000
18.250000
31.750000
34.500000
18.000000
28.500000
14.000000
-1.500000
-30.000000
89.750000
287.000000
104.750000
-196.500000
-279.250000
68.250000
214.500000
106.000000
-39.250000
-194.000000
28.500000
20.000000
66.500000
-203.750000
-105.000000
50.500000
501.750000
258.250000
-147.000000
-512.000000
-197.750000
283.500000
372.750000
70.500000
-368.250000
-140.750000
91.250000
281.500000
-14.750000
-187.750000
-140.250000
129.500000
275.250000
0.500000
-190.000000
-207.750000
103.250000
276.000000
126.500000
-134.500000
-241.250000
3.500000
178.750000
217.750000
-44.500000
-154.000000
-84.750000
111.500000
173.500000
-0.750000
-99.750000
-100.750000
101.500000
138.500000
60.250000
-105.000000
-95.250000
64.500000
143.000000
112.500000
-73.250000
-83.000000
-13.500000
136.000000
137.750000
-2.500000
-70.250000
-37.000000
107.750000
99.250000
46.250000
-70.250000
-12.250000
48.750000
116.250000
56.000000
-26.750000
-39.500000
20.250000
110.250000
70.500000
-3.250000
-49.000000
7.000000
91.250000
80.000000
21.250000
-44.000000
1.000000
52.000000
66.000000
33.750000
-28.250000
1.000000
28.000000
74.250000
20.500000
0.750000
-24.500000
32.000000
69.500000
35.500000
-14.500000
-39.500000
20.000000
51.500000
49.000000
-21.000000
-30.250000
-1.250000
39.250000
53.250000
3.750000
-26.500000
-11.500000
29.250000
53.500000
14.000000
-25.500000
-10.500000
27.500000
44.750000
16.250000
-25.500000
-11.750000
17.750000
35.750000
23.000000
-9.750000
-28.750000
0.250000
32.750000
29.250000
-9.250000
-40.750000
8.500000
27.000000
41.250000
-10.000000
-41.750000
7.750000
10.500000
39.750000
-0.750000
-14.750000
-5.250000
3.500000
24.250000
13.000000
10.250000
-6.000000
-39.250000
23.500000
90.250000
80.000000
-49.250000
-61.500000
-38.750000
75.750000
104.250000
106.000000
-30.000000
-76.000000
36.500000
35.000000
112.750000
-40.500000
-0.250000
71.750000
7.250000
84.750000
-94.750000
10.250000
-15.000000
148.000000
51.250000
-59.000000
-106.250000
-72.000000
109.000000
87.000000
58.000000
-58.000000
-75.250000
-20.250000
-17.000000
51.250000
-4.250000
47.750000
-5.000000
-23.750000
-75.000000
-18.750000
50.000000
55.750000
43.500000
-13.250000
-2.750000
-18.750000
30.000000
31.750000
31.500000
41.250000
32.500000
16.500000
-18.250000
21.500000
18.750000
37.750000
15.000000
36.250000
21.750000
15.500000
-15.750000
-31.000000
19.000000
52.500000
58.500000
2.250000
-45.500000
-39.750000
21.000000
56.250000
38.750000
-12.500000
-17.250000
11.250000
64.250000
27.250000
-33.500000
-51.500000
34.250000
113.750000
81.500000
7.250000
-62.750000
13.000000
101.250000
85.500000
11.750000
-46.500000
60.250000
100.000000
87.750000
-37.750000
-67.500000
17.000000
116.750000
102.750000
-45.250000
-80.750000
-18.500000
102.000000
75.000000
-20.750000
-76.500000
-23.000000
62.000000
60.250000
-12.750000
-72.000000
-30.500000
54.250000
54.000000
-12.500000
-68.000000
-43.000000
40.250000
70.750000
2.500000
-68.250000
-46.000000
37.250000
79.500000
19.250000
-51.750000
-58.250000
36.250000
82.000000
33.000000
-35.000000
-63.000000
33.000000
62.750000
42.750000
-36.250000
-51.250000
23.250000
56.250000
29.500000
-35.750000
-45.500000
-1.500000
57.000000
35.750000
-32.750000
-46.000000
-0.250000
55.750000
30.000000
-15.500000
-16.500000
-70.500000
-43.250000
89.250000
100.000000
-6.250000
-42.500000
-36.250000
87.250000
24.250000
32.750000
-6.000000
27.250000
108.750000
23.500000
16.500000
-42.000000
-21.000000
45.000000
168.750000
33.500000
-16.750000
-35.000000
61.750000
92.250000
25.000000
-2.250000
-9.750000
92.500000
67.000000
16.250000
-29.000000
-0.750000
99.250000
84.250000
23.500000
-42.250000
-1.500000
67.000000
100.500000
50.000000
-17.250000
-27.250000
23.500000
74.250000
54.750000
25.750000
-25.250000
18.250000
40.750000
29.500000
10.000000
-9.750000
24.500000
28.750000
19.500000
-16.000000
-5.000000
3.250000
20.500000
11.500000
-8.750000
-7.500000
-1.250000
18.250000
8.000000
6.750000
-9.750000
-3.500000
13.000000
-1.250000
22.500000
2.750000
6.750000
-3.000000
12.500000
28.500000
2.500000
19.250000
-11.500000
32.500000
20.000000
20.250000
8.750000
-2.750000
33.000000
31.000000
33.250000
2.500000
6.250000
19.250000
43.250000
35.750000
3.500000
-4.500000
7.500000
34.250000
25.250000
10.750000
-17.750000
11.750000
21.750000
23.250000
15.000000
-27.500000
6.250000
10.750000
34.250000
5.250000
-6.250000
5.500000
6.500000
47.000000
-9.500000
11.750000
0.500000
24.750000
37.250000
8.750000
19.000000
3.500000
25.000000
15.750000
42.500000
16.750000
17.250000
8.250000
24.500000
32.500000
13.250000
12.250000
19.000000
21.750000
-10.500000
29.750000
25.750000
7.500000
2.000000
2.500000
19.250000
14.000000
18.500000
-9.750000
0.000000
2.250000
18.250000
17.250000
-12.750000
-7.250000
-1.250000
18.500000
-16.500000
13.000000
28.250000
-15.500000
24.750000
-11.250000
-8.750000
6.750000
13.500000
45.500000
33.500000
-8.750000
-12.000000
-2.500000
48.250000
48.250000
21.500000
-4.500000
3.000000
61.250000
52.000000
38.500000
-11.250000
22.750000
34.500000
58.500000
36.000000
13.250000
30.500000
32.250000
50.750000
16.000000
29.000000
21.000000
42.250000
37.250000
18.500000
32.000000
1.750000
35.250000
14.250000
22.500000
5.000000
6.750000
33.750000
0.000000
6.750000
-20.750000
6.250000
16.000000
21.000000
10.000000
-32.000000
-10.750000
-3.250000
28.250000
7.250000
-9.500000
-7.500000
3.500000
7.000000
2.500000
-3.000000
-10.500000
27.000000
-5.250000
26.250000
-31.250000
6.000000
4.500000
18.500000
17.500000
-15.000000
1.000000
2.000000
27.500000
13.500000
-9.250000
-8.750000
21.250000
17.000000
21.750000
-6.250000
-12.000000
12.250000
18.250000
18.500000
-5.500000
2.500000
9.500000
23.250000
7.000000
-24.250000
-1.750000
-5.750000
56.500000
5.500000
-7.500000
-32.250000
16.250000
44.000000
8.500000
8.500000
-15.000000
29.000000
31.250000
25.750000
9.750000
-4.500000
35.500000
35.000000
50.000000
20.000000
10.250000
2.000000
28.500000
48.250000
57.750000
36.000000
14.500000
28.000000
23.500000
68.750000
21.750000
26.500000
17.250000
37.750000
46.750000
25.750000
18.500000
11.750000
22.000000
31.250000
48.250000
2.500000
4.750000
6.000000
46.000000
29.000000
5.750000
2.500000
-0.750000
40.000000
24.000000
15.000000
-19.750000
17.250000
15.750000
34.750000
21.250000
2.250000
4.000000
23.000000
40.750000
39.250000
-13.750000
-33.500000
-34.500000
75.750000
55.250000
45.250000
-46.500000
-49.500000
-4.750000
56.500000
70.500000
-26.250000
-47.500000
-90.250000
108.750000
24.750000
45.000000
-116.750000
-33.750000
4.750000
83.000000
17.000000
-51.750000
-78.250000
22.000000
74.500000
40.750000
-39.250000
-72.500000
-2.250000
72.750000
50.000000
-16.250000
-57.750000
-2.500000
41.250000
60.750000
-10.750000
-18.250000
-4.500000
51.500000
61.250000
4.750000
-11.000000
-23.250000
52.250000
61.250000
48.750000
-2.750000
0.250000
11.500000
86.000000
49.250000
22.250000
-15.000000
32.250000
41.250000
44.750000
19.750000
-24.500000
3.000000
28.250000
54.500000
13.000000
-13.750000
5.000000
12.500000
32.250000
7.250000
-12.750000
-15.250000
-3.000000
45.750000
-0.750000
6.000000
-43.000000
25.750000
1.000000
22.000000
-5.000000
-26.000000
22.500000
12.750000
62.750000
-20.750000
-8.250000
-22.500000
24.750000
10.500000
1.250000
13.000000
-6.500000
20.500000
-1.500000
14.750000
-17.750000
-2.250000
17.250000
33.250000
7.750000
-20.500000
-2.500000
7.250000
37.750000
11.750000
-5.000000
-5.000000
9.250000
31.000000
22.000000
3.750000
-18.000000
7.500000
28.250000
26.000000
4.750000
-0.500000
12.750000
30.250000
37.500000
12.000000
5.000000
17.000000
29.500000
33.250000
29.500000
39.000000
27.500000
38.750000
30.000000
50.500000
31.250000
32.250000
15.000000
23.750000
42.250000
49.500000
31.750000
1.000000
41.250000
23.250000
57.000000
15.500000
14.000000
-20.750000
-42.750000
154.500000
321.250000
106.750000
-254.250000
-308.250000
82.500000
284.250000
115.500000
-69.000000
-238.250000
25.250000
41.250000
99.250000
-187.750000
-140.000000
114.000000
511.750000
264.500000
-204.250000
-512.000000
-113.750000
323.500000
423.250000
-19.000000
-400.250000
-151.750000
149.250000
319.500000
-70.500000
-223.000000
-164.250000
187.000000
257.750000
-28.250000
-252.000000
-219.250000
175.500000
267.500000
74.500000
-236.750000
-227.250000
49.500000
236.500000
150.750000
-136.750000
-202.750000
-34.000000
204.000000
148.500000
-41.750000
-159.750000
-41.000000
143.250000
161.250000
-10.500000
-123.500000
-56.500000
114.750000
166.750000
26.500000
-88.500000
-81.250000
68.000000
134.500000
80.250000
-48.000000
-77.250000
17.250000
116.250000
85.000000
-16.500000
-63.500000
1.500000
81.250000
93.250000
10.500000
-36.250000
-14.000000
61.500000
77.000000
28.250000
-15.000000
-12.500000
53.250000
66.750000
61.000000
-17.250000
-6.500000
29.250000
69.750000
63.250000
0.250000
-11.000000
24.250000
59.750000
49.750000
30.500000
8.500000
10.000000
40.250000
42.750000
20.500000
-11.250000
1.000000
57.750000
55.000000
25.750000
-30.000000
-2.500000
33.250000
44.000000
18.250000
-6.000000
-21.250000
23.250000
25.750000
22.750000
-20.750000
-13.750000
-0.250000
13.750000
24.250000
-12.750000
-5.500000
-24.750000
2.500000
29.500000
8.750000
-0.750000
-17.500000
-4.500000
20.500000
13.750000
20.750000
-9.250000
11.750000
12.000000
33.250000
1.500000
-3.000000
-7.000000
38.000000
20.500000
14.500000
-16.250000
1.250000
-1.000000
7.500000
1.500000
13.750000
12.250000
-25.750000
-60.250000
-33.250000
46.000000
48.750000
26.750000
-55.750000
-38.000000
44.750000
79.750000
44.750000
-25.500000
-23.750000
67.500000
62.000000
81.000000
-116.750000
-49.750000
23.750000
125.750000
149.750000
-93.250000
-24.000000
-61.000000
167.000000
26.000000
-33.250000
-104.250000
-29.500000
118.750000
61.000000
14.750000
-109.250000
-55.750000
20.500000
52.500000
40.250000
-50.250000
-21.750000
-19.750000
45.000000
19.000000
-11.750000
-32.750000
-18.750000
70.750000
59.250000
18.500000
-74.250000
-29.750000
56.500000
105.750000
53.000000
-64.750000
-46.750000
25.750000
125.250000
64.750000
-52.750000
-50.750000
42.250000
139.250000
76.750000
-52.750000
-109.500000
32.250000
157.750000
118.000000
-34.000000
-122.500000
-27.500000
118.000000
133.500000
4.750000
-87.000000
-55.250000
74.000000
127.250000
23.000000
-98.500000
-68.500000
75.250000
170.000000
55.500000
-79.750000
-98.250000
60.750000
159.250000
70.500000
-45.750000
-83.000000
63.500000
139.250000
73.250000
-61.500000
-74.000000
55.500000
145.250000
86.250000
-56.000000
-86.500000
-5.500000
111.000000
80.750000
-17.000000
-94.750000
-28.250000
61.500000
68.500000
-11.000000
-87.250000
-40.000000
45.250000
57.250000
-11.250000
-74.500000
-27.750000
26.500000
55.500000
-20.750000
-47.750000
-35.500000
30.250000
49.250000
15.750000
-27.500000
-36.500000
7.750000
57.750000
50.000000
-16.500000
-27.750000
3.500000
58.000000
38.750000
-0.250000
-18.000000
-5.250000
31.000000
33.500000
7.000000
-16.000000
-21.000000
32.500000
26.750000
-8.500000
-42.750000
-9.500000
27.750000
38.250000
-27.250000
-21.250000
-31.500000
-42.500000
49.750000
73.000000
8.250000
-35.500000
-56.250000
42.750000
68.000000
45.000000
5.750000
11.250000
45.000000
67.000000
58.250000
15.000000
-35.500000
17.750000
154.250000
118.250000
9.500000
-61.500000
-3.250000
92.750000
130.000000
71.500000
-33.750000
-28.500000
19.500000
86.500000
49.250000
1.000000
12.750000
26.500000
61.750000
23.250000
-4.500000
-27.750000
6.250000
77.250000
59.250000
28.000000
-28.500000
-14.750000
24.000000
100.250000
61.000000
22.750000
-21.250000
0.000000
58.750000
59.250000
55.000000
-12.000000
7.500000
17.250000
37.750000
43.500000
-0.750000
-4.000000
2.250000
18.250000
13.000000
6.750000
-22.000000
7.000000
4.500000
22.500000
-31.750000
-11.500000
-13.750000
14.500000
8.750000
-20.750000
-22.000000
-11.750000
21.500000
14.000000
11.250000
-27.000000
-7.000000
27.750000
41.250000
-2.750000
-16.000000
14.000000
28.250000
30.750000
1.500000
5.250000
-9.500000
43.750000
20.250000
21.750000
-2.250000
-18.250000
17.000000
-6.000000
26.250000
-2.750000
-13.000000
3.250000
-16.250000
27.250000
-19.250000
5.750000
0.500000
2.750000
20.000000
-16.000000
8.000000
-14.500000
12.000000
19.250000
5.750000
2.250000
0.750000
5.250000
25.750000
23.000000
10.500000
13.750000
3.250000
28.750000
33.750000
37.000000
10.750000
-2.250000
19.750000
40.250000
45.000000
24.500000
13.250000
17.750000
32.250000
40.500000
20.000000
17.000000
8.250000
32.000000
33.000000
25.500000
4.500000
7.750000
22.750000
38.750000
26.750000
-6.750000
4.500000
11.250000
30.250000
14.000000
-8.000000
16.750000
14.500000
37.750000
-8.750000
-23.000000
-27.250000
22.500000
73.250000
42.000000
-7.250000
-30.750000
-6.500000
44.000000
43.000000
9.250000
-14.000000
26.250000
35.000000
56.000000
12.500000
-2.250000
14.250000
25.000000
35.250000
18.750000
31.250000
8.500000
35.000000
21.500000
21.000000
17.750000
10.250000
37.750000
10.250000
33.250000
0.250000
14.250000
8.000000
17.750000
21.250000
-0.500000
17.000000
3.250000
27.250000
-3.000000
7.250000
-13.000000
25.750000
14.500000
10.750000
-3.500000
8.000000
7.250000
9.500000
20.750000
10.750000
9.250000
11.000000
4.500000
3.750000
15.250000
23.750000
20.750000
21.750000
13.000000
5.250000
9.500000
10.500000
33.750000
20.000000
17.250000
-1.250000
8.000000
24.250000
19.000000
13.250000
-2.250000
4.000000
18.250000
25.500000
-2.000000
-3.500000
-4.250000
7.250000
14.750000
-3.000000
13.750000
-20.500000
1.500000
-0.250000
8.000000
17.500000
-20.500000
3.500000
1.500000
13.750000
4.250000
-22.250000
13.750000
14.250000
29.750000
-0.750000
9.500000
-0.250000
33.250000
28.750000
29.250000
4.250000
2.000000
41.500000
33.500000
24.750000
15.250000
-3.250000
26.750000
26.250000
27.500000
12.500000
24.750000
16.000000
16.000000
12.000000
6.250000
7.250000
22.750000
14.500000
6.500000
10.500000
15.750000
3.750000
0.750000
17.000000
7.250000
12.250000
27.750000
26.750000
26.000000
20.250000
20.000000
40.250000
33.500000
48.000000
31.500000
42.500000
29.000000
33.000000
52.000000
43.750000
58.250000
20.750000
47.750000
-13.000000
43.500000
42.500000
52.500000
1.750000
-26.500000
29.500000
45.750000
62.250000
-49.000000
-1.000000
-22.250000
51.000000
37.000000
-40.000000
-47.750000
-59.500000
89.250000
46.250000
2.500000
-103.000000
-74.500000
63.500000
71.750000
42.500000
-117.750000
-47.750000
7.750000
96.500000
35.250000
-55.500000
-45.000000
-25.750000
79.750000
15.500000
-8.500000
-44.500000
7.250000
51.500000
6.000000
-23.750000
-50.000000
29.750000
35.250000
23.750000
-44.250000
-44.750000
-2.000000
38.250000
29.250000
-31.250000
-20.750000
-18.000000
36.750000
12.750000
3.750000
-7.750000
-8.750000
22.250000
19.000000
-0.750000
-11.500000
-4.500000
31.500000
29.500000
5.250000
-6.000000
14.500000
18.250000
17.250000
21.500000
9.000000
-9.250000
1.250000
30.000000
25.000000
12.250000
-8.750000
13.500000
19.250000
19.500000
22.000000
8.000000
22.000000
30.000000
33.500000
10.000000
0.000000
14.750000
32.750000
26.000000
8.000000
3.500000
10.250000
28.750000
43.250000
9.000000
12.000000
1.750000
23.750000
26.000000
47.250000
15.000000
14.000000
14.500000
42.000000
50.000000
28.750000
28.250000
17.750000
45.000000
41.750000
46.000000
31.250000
10.250000
31.500000
38.500000
55.750000
32.250000
20.750000
13.500000
27.750000
40.250000
24.250000
7.250000
5.000000
23.500000
35.750000
19.250000
14.000000
1.250000
26.750000
27.000000
17.750000
11.750000
-6.000000
19.500000
10.000000
41.500000
21.500000
6.000000
10.750000
13.500000
4.500000
37.250000
5.750000
21.250000
-37.500000
-58.250000
110.000000
335.000000
319.750000
-222.500000
-495.000000
-197.000000
372.250000
354.750000
-72.750000
-357.750000
-230.500000
161.250000
211.250000
-2.750000
-357.750000
-46.250000
509.000000
498.750000
-34.250000
-512.000000
-318.500000
237.000000
511.750000
109.250000
-416.000000
-331.000000
76.000000
415.250000
92.750000
-228.000000
-318.250000
83.250000
311.250000
141.000000
-186.500000
-293.500000
35.000000
219.500000
213.000000
-102.500000
-227.250000
-74.250000
158.750000
198.500000
9.500000
-137.500000
-90.250000
104.500000
137.750000
56.000000
-62.750000
-50.000000
46.250000
115.250000
45.500000
-44.500000
-30.500000
42.250000
78.500000
57.250000
-18.000000
-39.250000
6.500000
50.250000
72.000000
16.000000
-38.750000
1.750000
23.000000
60.500000
45.500000
-26.000000
-17.250000
28.000000
66.000000
35.000000
-0.500000
2.250000
19.500000
49.500000
46.750000
26.250000
7.000000
11.250000
59.000000
57.750000
39.500000
8.750000
23.500000
33.750000
33.000000
73.250000
11.500000
21.500000
19.500000
12.250000
68.500000
-1.000000
46.750000
-16.000000
24.500000
19.750000
2.250000
20.000000
-28.000000
15.250000
-7.000000
19.000000
-15.500000
-6.250000
-33.750000
-10.750000
18.500000
-21.500000
4.500000
-46.000000
3.250000
0.000000
13.250000
-7.750000
-15.750000
6.250000
-9.750000
33.750000
-15.000000
-2.000000
-17.750000
11.000000
24.000000
36.000000
-6.750000
-0.250000
-14.000000
27.000000
29.750000
10.750000
-5.500000
0.250000
14.750000
14.250000
2.750000
-11.750000
-9.250000
2.750000
15.750000
-13.500000
-11.250000
-9.500000
9.500000
-0.250000
4.250000
-54.250000
-124.500000
16.000000
117.750000
105.500000
-82.750000
-166.750000
27.000000
95.000000
208.750000
-59.500000
-59.250000
-58.000000
153.000000
144.250000
45.750000
-233.500000
-44.250000
141.750000
331.750000
8.750000
-180.500000
-116.500000
132.250000
291.750000
56.750000
-154.500000
-214.250000
92.500000
227.000000
154.000000
-88.750000
-187.750000
-34.000000
155.000000
146.000000
-42.250000
-146.000000
-25.750000
134.000000
144.250000
-42.750000
-164.000000
-76.250000
135.500000
221.750000
42.500000
-162.750000
-153.000000
55.500000
221.750000
131.250000
-75.500000
-156.750000
-4.750000
166.500000
147.000000
-45.750000
-117.750000
-21.250000
171.750000
140.250000
-13.750000
-153.250000
-58.000000
122.500000
195.000000
20.500000
-123.750000
-100.750000
77.750000
164.500000
39.250000
-72.250000
-105.500000
65.250000
105.750000
73.500000
-85.000000
-88.250000
33.250000
120.750000
92.250000
-65.750000
-90.750000
-0.250000
130.500000
102.750000
-16.250000
-89.750000
-2.750000
111.250000
112.250000
9.500000
-77.000000
-19.250000
73.750000
105.250000
-6.000000
-62.500000
-44.000000
67.250000
71.000000
1.500000
-72.500000
-56.250000
49.250000
54.000000
4.500000
-81.000000
-41.000000
29.750000
59.500000
8.000000
-61.500000
-48.500000
30.000000
53.000000
25.500000
-28.000000
-40.500000
8.500000
48.750000
43.750000
-6.500000
-20.750000
-10.750000
53.250000
35.750000
23.500000
-30.000000
6.000000
18.500000
31.750000
11.000000
-4.250000
-21.750000
9.000000
23.250000
20.000000
-25.000000
-41.750000
-1.750000
23.500000
20.000000
-20.500000
-40.500000
5.000000
19.750000
15.250000
-18.000000
-77.750000
5.000000
75.250000
81.000000
1.250000
-51.250000
-16.750000
49.500000
93.750000
31.500000
10.500000
17.750000
81.500000
44.500000
28.000000
-37.500000
4.750000
73.000000
137.500000
78.250000
2.250000
-34.750000
-0.250000
88.000000
66.500000
59.500000
7.750000
-7.500000
11.250000
55.000000
53.500000
44.750000
-18.750000
66.250000
27.500000
72.000000
-46.500000
15.250000
29.250000
65.250000
76.750000
-38.750000
2.500000
-31.000000
99.000000
35.250000
18.500000
-33.250000
-2.000000
51.250000
21.250000
8.500000
-30.000000
25.000000
18.750000
31.500000
-25.750000
-0.500000
10.250000
24.000000
14.500000
-14.000000
1.000000
-0.750000
54.250000
-17.500000
10.250000
-27.500000
21.000000
18.250000
2.750000
-18.750000
-23.000000
26.500000
1.000000
8.250000
-34.500000
7.750000
27.000000
5.500000
-16.250000
-34.000000
9.500000
35.500000
19.500000
-25.750000
-30.250000
12.000000
29.750000
27.250000
-15.750000
-13.000000
2.500000
49.250000
25.750000
-4.750000
-34.000000
17.750000
48.750000
40.750000
1.750000
-30.750000
10.250000
42.000000
66.000000
10.250000
-8.250000
-11.750000
52.000000
51.250000
20.250000
5.250000
0.750000
48.500000
35.750000
25.250000
-17.250000
5.500000
42.250000
52.500000
28.250000
-25.000000
2.000000
26.250000
50.500000
26.250000
-12.750000
5.250000
16.500000
46.750000
9.500000
0.250000
3.750000
22.750000
31.000000
4.000000
17.750000
4.250000
12.750000
32.000000
7.000000
30.750000
2.500000
18.250000
-2.500000
22.000000
24.000000
25.750000
9.500000
6.250000
9.750000
-9.000000
40.250000
14.750000
13.750000
-8.500000
5.000000
22.750000
27.500000
33.250000
-17.750000
-2.750000
17.750000
34.750000
9.250000
-22.500000
-7.000000
45.750000
39.000000
27.750000
11.750000
-9.250000
17.000000
17.500000
28.000000
21.250000
16.000000
10.750000
23.000000
20.750000
32.000000
18.750000
15.250000
23.000000
33.000000
22.750000
17.500000
5.000000
21.250000
33.500000
23.000000
6.750000
2.000000
23.500000
30.250000
17.500000
1.500000
-5.250000
18.250000
24.000000
27.000000
-3.250000
-5.000000
11.250000
35.750000
33.000000
-1.750000
-9.750000
16.000000
25.250000
13.500000
15.500000
-6.250000
-1.000000
7.000000
13.500000
9.250000
-17.750000
0.750000
13.750000
10.250000
-11.250000
-21.750000
-8.250000
-0.750000
22.000000
-22.000000
-18.000000
-26.500000
-2.750000
11.750000
0.000000
-13.250000
-17.750000
6.250000
-8.250000
6.500000
-12.250000
-4.000000
9.500000
11.500000
22.750000
7.000000
-9.500000
-1.500000
2.000000
23.000000
16.500000
22.500000
5.500000
4.500000
18.000000
22.500000
14.750000
9.500000
20.250000
33.750000
33.000000
19.250000
8.250000
21.000000
24.500000
41.250000
12.000000
13.750000
20.250000
20.750000
29.500000
28.500000
11.000000
24.000000
28.250000
36.250000
30.250000
19.500000
1.750000
27.000000
54.750000
31.000000
18.500000
15.000000
36.250000
35.250000
69.250000
-5.250000
40.250000
16.500000
79.250000
38.000000
32.500000
21.750000
19.750000
52.500000
42.000000
38.250000
15.250000
6.750000
31.500000
42.750000
37.000000
3.750000
10.000000
19.750000
15.250000
7.500000
29.750000
31.750000
6.250000
-49.500000
-34.250000
38.000000
44.250000
38.250000
-80.500000
-38.000000
-36.750000
61.000000
2.000000
-24.750000
-75.250000
-2.250000
76.250000
-34.750000
7.000000
-181.250000
72.000000
31.000000
118.500000
-74.500000
-129.000000
-27.750000
41.000000
131.750000
-57.500000
-45.500000
-106.000000
42.250000
55.250000
6.000000
-39.000000
-67.000000
51.500000
22.500000
27.000000
-60.750000
-15.500000
41.500000
64.500000
23.000000
-65.500000
-15.000000
31.250000
97.500000
18.500000
-34.250000
-38.000000
33.750000
82.750000
35.250000
-13.750000
-30.500000
47.750000
48.750000
36.000000
-25.000000
-14.500000
31.750000
57.500000
41.500000
-15.000000
5.500000
14.750000
71.000000
31.250000
8.250000
-14.000000
24.750000
54.750000
38.250000
20.250000
-18.250000
32.250000
48.500000
53.000000
-5.750000
-17.250000
28.000000
45.500000
58.000000
-13.250000
-18.500000
5.000000
45.250000
37.750000
-7.500000
-20.000000
14.000000
41.000000
35.500000
12.500000
-16.250000
19.250000
14.250000
39.500000
1.750000
21.000000
18.750000
31.500000
23.250000
3.250000
15.500000
27.000000
52.750000
28.250000
17.000000
-7.250000
20.500000
41.000000
38.500000
16.750000
-6.750000
10.750000
16.500000
43.000000
0.250000
1.250000
-3.250000
12.000000
28.250000
-2.250000
10.250000
-15.000000
24.250000
14.750000
16.750000
11.500000
5.750000
25.500000
15.250000
23.250000
3.250000
5.250000
34.000000
38.000000
39.750000
16.750000
23.250000
6.500000
41.750000
29.500000
37.750000
-30.750000
-46.750000
135.250000
349.750000
263.750000
-266.250000
-455.500000
-112.000000
350.750000
279.250000
-81.750000
-289.500000
-177.750000
103.000000
141.250000
-28.500000
-252.250000
57.250000
444.000000
375.750000
-125.500000
-512.000000
-206.250000
224.750000
462.500000
47.500000
-328.000000
-265.500000
100.250000
307.250000
65.750000
-179.500000
-212.250000
99.250000
249.250000
116.250000
-176.000000
-206.250000
51.500000
247.750000
190.750000
-116.000000
-203.500000
-63.750000
211.500000
223.250000
7.250000
-169.750000
-105.750000
121.250000
180.000000
84.750000
-116.500000
-88.500000
27.250000
148.000000
86.500000
-61.000000
-92.250000
-23.500000
109.250000
102.750000
-9.250000
-124.250000
-50.000000
77.500000
119.000000
13.250000
-91.750000
-49.000000
25.750000
91.250000
56.750000
-42.500000
-45.000000
-12.000000
69.750000
55.500000
22.750000
-25.000000
-5.500000
39.750000
62.000000
61.750000
-19.000000
-2.500000
24.500000
77.250000
54.500000
9.000000
-5.250000
11.750000
64.500000
51.250000
15.250000
-35.000000
30.750000
56.500000
46.750000
4.250000
-40.000000
5.000000
25.000000
42.000000
-20.000000
-41.500000
-11.250000
-1.250000
12.750000
-54.750000
-30.250000
-11.500000
5.750000
-16.750000
-61.500000
-36.000000
-21.250000
25.000000
-4.500000
-17.250000
-35.500000
-5.250000
22.750000
18.500000
22.500000
-14.250000
21.750000
26.250000
39.750000
19.250000
12.500000
42.500000
40.750000
59.000000
9.000000
13.750000
14.750000
49.250000
57.000000
20.500000
7.250000
-15.250000
24.000000
18.000000
11.000000
-3.250000
-22.000000
-3.250000
-4.000000
-6.000000
-25.750000
12.000000
-4.000000
-162.250000
-88.500000
136.250000
169.000000
-58.750000
-195.750000
-53.250000
110.000000
205.750000
-17.250000
-35.750000
-92.750000
153.000000
188.750000
65.250000
-170.250000
-221.250000
165.250000
387.000000
193.500000
-229.500000
-223.000000
73.000000
378.750000
174.750000
-165.750000
-281.750000
19.250000
289.000000
202.250000
-109.000000
-260.250000
-61.000000
203.750000
182.000000
-72.500000
-231.250000
-93.250000
162.000000
191.250000
-38.500000
-221.250000
-121.750000
126.250000
220.000000
29.250000
-189.250000
-151.000000
73.500000
224.500000
98.500000
-111.500000
-136.250000
15.250000
189.750000
125.250000
-46.750000
-114.250000
5.750000
170.250000
126.000000
-24.500000
-115.500000
-13.750000
150.500000
151.750000
3.000000
-136.250000
-77.500000
107.000000
173.500000
53.250000
-122.500000
-116.500000
51.000000
142.750000
85.250000
-92.000000
-101.500000
22.000000
126.750000
101.000000
-45.250000
-92.000000
-1.750000
134.750000
114.250000
-17.000000
-91.500000
-16.750000
137.750000
131.250000
-4.250000
-93.000000
-29.500000
110.750000
127.750000
32.000000
-79.750000
-67.000000
48.000000
91.500000
37.000000
-64.000000
-61.500000
12.750000
63.750000
32.750000
-60.750000
-83.000000
-21.000000
75.750000
39.500000
-20.250000
-87.000000
-6.750000
37.750000
60.000000
-15.000000
-51.250000
-12.250000
45.500000
64.750000
6.500000
-41.750000
-22.750000
61.500000
66.250000
40.500000
-35.500000
-30.250000
27.000000
68.250000
61.250000
-32.500000
-36.500000
6.500000
69.250000
39.500000
-35.250000
-35.500000
-1.750000
52.500000
13.000000
-29.250000
-20.000000
-3.250000
36.500000
7.000000
-18.500000
-23.750000
1.500000
24.500000
-17.500000
10.250000
26.500000
67.000000
16.500000
-44.000000
-5.000000
23.250000
103.750000
71.750000
27.750000
-8.250000
-12.500000
59.500000
23.000000
71.000000
-20.500000
61.500000
60.000000
60.750000
10.000000
-63.250000
37.250000
52.250000
128.000000
0.500000
-43.000000
-46.250000
28.500000
120.000000
45.250000
13.250000
-81.250000
4.000000
33.750000
70.750000
28.250000
-29.500000
-2.250000
3.000000
47.000000
-15.750000
10.000000
-10.750000
40.000000
22.250000
-16.500000
-15.000000
-21.000000
47.500000
18.750000
24.750000
-29.000000
-20.000000
10.250000
47.750000
41.000000
-13.500000
-19.000000
-10.500000
44.250000
49.250000
19.000000
-12.500000
-9.250000
43.250000
19.750000
8.500000
-23.000000
6.250000
21.000000
26.250000
20.250000
-21.500000
-18.750000
2.250000
38.250000
12.000000
-14.250000
-29.000000
9.000000
20.250000
1.250000
1.000000
-22.500000
-2.750000
11.500000
54.000000
3.000000
-24.250000
-15.000000
41.750000
43.000000
14.750000
-7.250000
-9.500000
57.000000
47.500000
30.500000
-4.750000
17.000000
38.500000
42.000000
36.000000
11.000000
2.750000
41.250000
49.500000
29.250000
3.750000
-0.500000
23.500000
22.500000
23.500000
19.750000
0.750000
9.750000
24.750000
16.500000
19.000000
-4.750000
9.750000
23.000000
26.500000
10.000000
-3.000000
12.750000
27.750000
43.000000
16.500000
-1.500000
9.500000
31.500000
35.250000
32.750000
8.000000
13.000000
30.250000
36.750000
33.500000
15.250000
10.750000
8.500000
36.000000
37.250000
20.250000
9.250000
-4.000000
28.500000
34.750000
21.250000
-19.000000
29.000000
2.500000
22.500000
-14.750000
-8.000000
3.500000
13.250000
52.000000
7.250000
-2.250000
-19.750000
8.000000
8.000000
-7.000000
7.000000
37.250000
44.250000
1.000000
5.000000
-26.500000
30.750000
16.000000
37.500000
12.750000
23.500000
16.000000
8.500000
14.750000
-0.250000
39.000000
37.000000
18.500000
-8.500000
-3.750000
20.000000
29.500000
24.750000
4.750000
-9.500000
7.000000
-2.750000
27.750000
1.000000
15.750000
-2.000000
-17.750000
6.250000
13.250000
29.250000
1.750000
14.250000
-16.750000
10.000000
7.750000
13.750000
18.750000
8.000000
10.250000
-3.750000
7.000000
0.500000
14.750000
11.250000
1.500000
9.250000
-1.250000
15.000000
2.000000
17.250000
-6.750000
2.000000
2.000000
5.250000
-1.750000
0.500000
10.000000
15.500000
17.750000
0.250000
4.500000
-2.500000
8.250000
15.000000
12.500000
7.250000
23.500000
-2.250000
0.250000
17.500000
24.250000
39.000000
-7.000000
11.750000
-7.750000
16.000000
30.500000
25.250000
14.750000
-10.500000
17.750000
22.750000
21.250000
-0.750000
4.250000
25.500000
29.500000
7.250000
-10.000000
7.750000
20.500000
24.750000
-1.750000
2.250000
14.000000
37.000000
1.500000
15.250000
1.250000
35.500000
24.500000
11.500000
2.250000
2.750000
35.250000
20.750000
30.750000
3.500000
16.500000
21.250000
26.250000
-0.500000
13.250000
8.000000
32.750000
29.250000
13.250000
-2.500000
-2.750000
8.750000
37.250000
34.250000
13.000000
-13.500000
10.500000
21.500000
33.500000
23.750000
2.000000
1.750000
-1.500000
26.250000
52.750000
32.500000
-0.500000
-20.500000
-26.500000
41.000000
41.250000
54.750000
-12.000000
-47.250000
13.000000
5.250000
64.750000
-18.250000
2.250000
-25.250000
103.750000
8.500000
-24.750000
-57.750000
-67.250000
111.750000
24.750000
69.750000
-128.500000
-24.250000
-2.250000
78.250000
29.500000
-63.750000
-20.250000
-27.750000
79.000000
-0.500000
1.000000
-36.000000
27.250000
65.500000
20.250000
-5.500000
-43.750000
59.500000
74.500000
45.000000
-23.500000
-34.250000
39.000000
87.750000
57.750000
-10.000000
-19.500000
11.250000
81.500000
39.750000
2.250000
-13.750000
17.250000
55.250000
27.750000
-4.750000
-11.250000
20.000000
27.750000
31.500000
6.250000
2.750000
12.000000
30.500000
22.000000
10.750000
-0.250000
17.000000
36.750000
41.750000
11.000000
-8.000000
7.750000
46.250000
33.750000
12.500000
-5.250000
11.750000
28.250000
39.500000
5.500000
9.000000
20.500000
6.500000
20.250000
-5.250000
14.500000
32.750000
21.250000
2.750000
13.500000
14.000000
27.250000
17.250000
-9.250000
21.500000
-4.750000
37.000000
11.500000
4.500000
17.500000
14.750000
26.750000
14.000000
21.500000
-4.750000
19.750000
14.250000
33.000000
9.250000
-6.750000
15.000000
17.500000
45.000000
-2.250000
4.250000
-1.500000
12.250000
24.000000
25.750000
5.500000
-10.000000
22.000000
28.500000
17.000000
-11.500000
15.000000
38.500000
18.500000
8.250000
-6.750000
27.250000
20.500000
33.500000
15.500000
26.500000
16.250000
12.000000
22.750000
28.000000
40.500000
2.750000
-51.500000
61.750000
314.750000
293.250000
-164.000000
-438.750000
-158.000000
325.500000
328.000000
-27.750000
-278.250000
-193.750000
62.750000
212.500000
26.500000
-227.500000
-67.500000
367.750000
479.750000
-1.000000
-512.000000
-340.750000
170.000000
511.750000
155.750000
-300.000000
-357.500000
24.000000
338.000000
153.250000
-149.000000
-300.000000
20.250000
243.500000
161.500000
-116.000000
-256.000000
-13.000000
171.750000
188.500000
-32.750000
-230.500000
-66.000000
113.000000
164.500000
61.750000
-164.250000
-103.250000
57.500000
94.000000
145.500000
-114.000000
-84.250000
-12.000000
47.250000
120.750000
-25.250000
-64.250000
-91.250000
56.250000
175.750000
-87.250000
0.000000
-134.750000
108.500000
83.500000
31.750000
-52.250000
-95.750000
85.750000
63.750000
80.250000
-69.750000
-36.500000
20.750000
96.250000
52.750000
-26.250000
-25.000000
19.500000
84.250000
52.500000
7.250000
-18.250000
16.000000
78.500000
57.500000
21.250000
-20.750000
39.500000
52.250000
81.500000
9.750000
-20.750000
8.250000
55.500000
81.000000
15.500000
-13.500000
-16.000000
33.250000
48.000000
9.000000
-3.500000
-8.500000
23.750000
1.500000
7.000000
-33.500000
-3.500000
14.500000
25.250000
-10.750000
-37.750000
-14.750000
1.250000
32.000000
-11.250000
8.500000
-9.000000
-0.500000
18.500000
8.250000
20.000000
0.750000
15.000000
17.500000
30.500000
15.250000
14.750000
13.750000
24.000000
44.500000
18.750000
12.000000
1.000000
29.500000
22.500000
22.000000
6.500000
14.000000
20.750000
9.250000
-3.500000
-18.750000
9.500000
34.000000
13.500000
-29.250000
-36.750000
57.750000
-7.000000
-185.500000
-62.000000
225.500000
122.250000
-125.500000
-174.250000
-23.750000
169.750000
153.500000
-18.000000
-127.500000
-9.750000
184.250000
152.500000
27.250000
-302.750000
-115.250000
