-422
-415
-407
-399
-391
-383
-375
-368
-359
-351
-343
-335
-327
-319
-311
-303
-297
-290
-285
-279
-276
-272
-269
-265
-262
-259
-256
-251
-246
-243
-236
-231
-226
-219
-214
-207
-201
-195
-190
-185
-181
-178
-175
-172
-170
-168
-167
-164
-163
-161
-158
-156
-153
-151
-148
-146
-144
-143
-142
-142
-141
-141
-142
-143
-145
-147
-148
-150
-153
-154
-158
-161
-164
-168
-173
-176
-182
-186
-191
-196
-201
-205
-209
-212
-214
-217
-219
-222
-223
-226
-228
-231
-236
-240
-243
-247
-251
-254
-258
-259
-261
-262
-262
-263
-265
-266
-268
-270
-273
-277
-280
-283
-286
-289
-292
-295
-298
-301
-305
-308
-311
-314
-318
-321
-326
-329
-332
-336
-341
-344
-349
-353
-357
-363
-367
-372
-378
-383
-386
-390
-394
-398
-403
-409
-412
-419
-425
-431
-437
-443
-450
-457
-463
-469
-475
-482
-488
-494
-499
-504
-509
-515
-519
-523
-527
-532
-536
-540
-544
-548
-554
-559
-565
-571
-579
-587
-595
-604
-614
-622
-632
-640
-647
-654
-660
-665
-669
-672
-673
-674
-674
-671
-667
-659
-647
-630
-607
-577
-539
-491
-436
-375
-313
-253
-199
-156
-122
-99
-74
-37
34
171
405
770
1286
1951
2047
2047
2047
2047
2047
2047
2047
2047
2047
2047
2047
2047
2047
2047
2047
2047
2047
2047
2047
2047
2047
2047
2047
2047
2047
2047
2047
2047
2047
2047
2047
2047
2047
2047
2047
2047
2047
2047
2047
2047
2047
2047
2047
2047
2047
2047
2047
2047
2047
2047
2047
2047
1463
871
406
66
-164
-311
-403
-463
-511
-558
-609
-665
-727
-789
-849
-903
-952
-991
-1022
-1044
-1062
-1072
-1080
-1084
-1085
-1084
-1081
-1078
-1072
-1066
-1058
-1050
-1042
-1031
-1022
-1013
-1003
-994
-985
-977
-970
-964
-958
-952
-947
-944
-941
-938
-936
-935
-934
-933
-932
-933
-932
-933
-934
-936
-937
-938
-939
-942
-944
-946
-949
-953
-957
-962
-967
-971
-976
-980
-983
-985
-987
-986
-984
-981
-975
-968
-960
-956
-945
-939
-933
-929
-926
-925
-924
-925
-926
-929
-931
-934
-936
-939
-942
-944
-946
-950
-953
-956
-960
-963
-967
-971
-976
-979
-983
-987
-991
-995
-999
-1004
-1009
-1014
-1019
-1025
-1031
-1036
-1042
-1047
-1056
-1057
-1062
-1065
-1070
-1073
-1075
-1076
-1077
-1078
-1077
-1077
-1077
-1075
-1074
-1072
-1071
-1069
-1068
-1067
-1065
-1064
-1063
-1061
-1061
-1059
-1057
-1057
-1051
-1048
-1045
-1041
-1037
-1033
-1028
-1022
-1017
-1012
-1008
-1004
-1000
-997
-996
-995
-994
-994
-995
-995
-996
-997
-998
-999
-1000
-999
-999
-998
-998
-998
-997
-995
-995
-994
-994
-993
-991
-989
-987
-984
-982
-978
-974
-971
-966
-963
-960
-957
-955
-953
-951
-952
-951
-952
-953
-954
-956
-958
-960
-962
-963
-966
-967
-969
-969
-969
-968
-967
-965
-962
-960
-958
-955
-952
-950
-947
-945
-943
-942
-940
-938
-937
-934
-932
-929
-926
-923
-921
-918
-915
-911
-909
-906
-902
-898
-895
-891
-887
-881
-876
-869
-862
-853
-845
-836
-826
-816
-808
-798
-788
-780
-772
-764
-756
-748
-741
-733
-726
-718
-712
-706
-701
-696
-693
-691
-690
-691
-694
-696
-700
-704
-708
-711
-713
-715
-715
-714
-712
-710
-706
-702
-698
-693
-687
-682
-675
-666
-658
-648
-637
-626
-615
-604
-594
-584
-575
-567
-561
-554
-549
-546
-542
-541
-537
-535
-532
-529
-527
-525
-523
-521
-519
-517
-516
-516
-516
-516
-517
-517
-517
-518
-518
-520
-519
-520
-519
-519
-518
-517
-516
-514
-512
-512
-512
-513
-515
-517
-521
-525
-530
-535
-540
-545
-549
-553
-557
-560
-562
-565
-567
-568
-570
-571
-573
-573
-574
-574
-574
-573
-572
-571
-569
-566
-563
-559
-555
-549
-542
-534
-526
-517
-507
-497
-488
-478
-468
-458
-449
-441
-432
-423
-416
-407
-399
-391
-382
-375
-367
-360
-352
-345
-337
-329
-321
-314
-306
-299
-293
-286
-280
-275
-271
-268
-265
-261
-259
-257
-255
-253
-251
-248
-246
-243
-240
-237
-234
-230
-226
-223
-220
-218
-216
-214
-213
-212
-211
-210
-209
-208
-208
-207
-206
-203
-201
-198
-196
-193
-190
-188
-186
-184
-183
-182
-180
-179
-179
-179
-177
-178
-177
-177
-178
-181
-179
-181
-183
-185
-188
-191
-194
-198
-202
-204
-208
-210
-212
-213
-214
-215
-216
-218
-219
-222
-224
-227
-229
-233
-235
-238
-241
-243
-244
-245
-245
-246
-246
-246
-247
-249
-250
-252
-256
-258
-261
-265
-267
-270
-273
-276
-278
-282
-286
-289
-293
-297
-301
-304
-309
-313
-318
-322
-328
-334
-339
-345
-351
-356
-363
-368
-375
-380
-385
-392
-397
-402
-407
-415
-420
-427
-434
-441
-448
-456
-463
-470
-476
-483
-489
-496
-501
-507
-512
-517
-520
-525
-529
-533
-536
-539
-541
-545
-548
-551
-555
-561
-565
-571
-579
-586
-595
-603
-612
-619
-628
-635
-641
-647
-652
-655
-658
-660
-661
-659
-657
-652
-645
-634
-618
-596
-568
-531
-485
-432
-372
-309
-247
-191
-144
-108
-83
-60
-29
31
149
355
686
1166
1798
2047
2047
2047
2047
2047
2047
2047
2047
2047
2047
2047
2047
2047
2047
2047
2047
2047
2047
2047
2047
2047
2047
2047
2047
2047
2047
2047
2047
2047
2047
2047
2047
2047
2047
2047
2047
2047
2047
2047
2047
2047
2047
2047
2047
2047
2047
2047
2047
2047
2047
2047
2047
1474
874
400
53
-182
-331
-424
-483
-529
-572
-620
-674
-733
-793
-851
-904
-949
-987
-1015
-1037
-1051
-1060
-1065
-1067
-1067
-1064
-1059
-1054
-1046
-1037
-1028
-1018
-1008
-997
-986
-974
-964
-954
-945
-935
-927
-920
-913
-908
-903
-899
-896
-893
-892
-890
-890
-890
-890
-890
-892
-894
-896
-899
-903
-906
-910
-914
-919
-924
-930
-935
-942
-950
-958
-965
-972
-980
-986
-991
-995
-997
-998
-995
-992
-988
-982
-976
-969
-962
-958
-953
-950
-948
-948
-949
-948
-950
-951
-952
-953
-954
-955
-956
-956
-958
-959
-961
-962
-965
-967
-969
-971
-973
-975
-978
-980
-983
-986
-988
-991
-995
-999
-1003
-1007
-1012
-1017
-1021
-1025
-1029
-1032
-1035
-1038
-1040
-1041
-1042
-1043
-1043
-1042
-1041
-1041
-1039
-1038
-1037
-1035
-1034
-1034
-1033
-1032
-1032
-1032
-1032
-1032
-1031
-1030
-1030
-1029
-1028
-1025
-1023
-1020
-1018
-1014
-1012
-1009
-1006
-1003
-1002
-1001
-1000
-1001
-1001
-1003
-1005
-1007
-1010
-1013
-1015
-1018
-1019
-1021
-1022
-1024
-1024
-1025
-1026
-1026
-1026
-1026
-1026
-1026
-1026
-1024
-1023
-1022
-1020
-1017
-1014
-1011
-1007
-1003
-1000
-997
-994
-991
-990
-988
-987
-987
-987
-987
-987
-988
-989
-990
-991
-992
-993
-993
-993
-992
-990
-989
-986
-983
-979
-975
-970
-966
-962
-957
-953
-949
-945
-942
-938
-935
-932
-926
-924
-920
-916
-912
-908
-904
-900
-896
-893
-889
-886
-882
-879
-875
-870
-866
-861
-854
-847
-839
-831
-823
-814
-805
-795
-786
-777
-768
-761
-753
-745
-737
-731
-723
-716
-710
-703
-697
-692
-688
-686
-684
-684
-685
-688
-691
-695
-700
-705
-708
-712
-714
-716
-716
-716
-714
-712
-709
-705
-702
-697
-691
-686
-678
-669
-660
-650
-638
-626
-614
-604
-594
-584
-576
-568
-562
-557
-553
-549
-546
-543
-540
-537
-534
-532
-529
-526
-523
-521
-518
-517
-516
-515
-513
-513
-512
-512
-512
-511
-512
-511
-510
-509
-509
-507
-504
-502
-500
-498
-497
-496
-496
-496
-499
-502
-506
-510
-515
-520
-524
-530
-535
-537
-541
-543
-546
-548
-550
-552
-554
-556
-557
-559
-560
-562
-562
-563
-563
-562
-562
-561
-558
-555
-552
-546
-540
-533
-526
-518
-509
-501
-493
-485
-477
-469
-462
-455
-448
-441
-435
-428
-421
-414
-408
-400
-394
-387
-379
-372
-366
-358
-350
-343
-336
-329
-323
-317
-312
-308
-303
-300
-297
-294
-291
-288
-285
-283
-280
-276
-273
-269
-264
-259
-254
-249
-244
-239
-234
-230
-226
-223
-220
-217
-215
-213
-210
-209
-207
-204
-201
-197
-193
-190
-187
-183
-178
-175
-171
-168
-166
-164
-162
-161
-160
-159
-159
-159
-159
-159
-161
-162
-163
-165
-167
-169
-173
-176
-180
-183
-186
-189
-191
-193
-196
-197
-198
-201
-203
-205
-208
-211
-215
-219
-223
-227
-231
-234
-238
-240
-242
-244
-245
-246
-248
-249
-251
-254
-257
-260
-263
-266
-269
-272
-275
-277
-279
-283
-286
-288
-291
-295
-298
-301
-304
-308
-312
-315
-320
-323
-327
-331
-336
-340
-346
-350
-355
-359
-364
-367
-372
-376
-380
-384
-390
-395
-401
-407
-414
-421
-428
-435
-442
-449
-456
-464
-469
-476
-483
-489
-494
-501
-506
-511
-516
-521
-526
-530
-535
-540
-546
-551
-558
-565
-572
-581
-590
-599
-610
-619
-629
-638
-646
-653
-660
-665
-670
-673
-676
-677
-678
-677
-673
-667
-657
-643
-622
-595
-559
-515
-463
-404
-342
-281
-225
-178
-143
-117
-95
-64
-5
109
312
638
1112
1740
2047
2047
2047
2047
2047
2047
2047
2047
2047
2047
2047
2047
2047
2047
2047
2047
2047
2047
2047
2047
2047
2047
2047
2047
2047
2047
2047
2047
2047
2047
2047
2047
2047
2047
2047
2047
2047
2047
2047
2047
2047
2047
2047
2047
2047
2047
2047
2047
2047
2047
2047
2047
1549
941
456
98
-146
-303
-400
-462
-509
-553
-601
-655
-713
-774
-833
-887
-935
-975
-1005
-1029
-1045
-1056
-1063
-1067
-1069
-1067
-1064
-1059
-1054
-1047
-1039
-1029
-1019
-1009
-999
-987
-977
-967
-957
-948
-939
-932
-924
-918
-912
-907
-903
-900
-897
-895
-893
-891
-890
-890
-890
-891
-892
-894
-895
-898
-901
-904
-908
-912
-916
-922
-927
-933
-941
-947
-954
-962
-968
-973
-977
-980
-981
-980
-977
-973
-970
-961
-956
-950
-944
-941
-938
-937
-937
-938
-939
-941
-942
-943
-945
-947
-949
-950
-951
-953
-955
-957
-958
-961
-964
-966
-969
-971
-974
-978
-981
-984
-987
-991
-996
-1001
-1006
-1011
-1016
-1021
-1027
-1032
-1038
-1043
-1047
-1052
-1056
-1059
-1061
-1063
-1064
-1065
-1066
-1066
-1065
-1066
-1065
-1064
-1063
-1063
-1063
-1062
-1061
-1061
-1061
-1062
-1061
-1061
-1060
-1059
-1056
-1054
-1052
-1049
-1046
-1042
-1039
-1037
-1033
-1030
-1029
-1026
-1024
-1024
-1024
-1024
-1026
-1027
-1029
-1031
-1033
-1035
-1037
-1037
-1038
-1038
-1038
-1038
-1037
-1036
-1036
-1034
-1034
-1032
-1031
-1028
-1027
-1025
-1021
-1018
-1014
-1010
-1005
-1001
-995
-991
-985
-982
-979
-976
-973
-971
-970
-968
-968
-968
-968
-969
-969
-971
-971
-971
-972
-973
-972
-972
-970
-969
-966
-963
-960
-957
-953
-950
-948
-946
-944
-941
-938
-937
-935
-933
-931
-928
-925
-924
-921
-918
-916
-914
-911
-908
-906
-903
-902
-899
-895
-892
-887
-882
-876
-870
-862
-854
-845
-837
-826
-817
-807
-798
-789
-780
-772
-763
-755
-746
-738
-730
-722
-714
-706
-699
-693
-687
-683
-681
-679
-679
-679
-682
-683
-687
-689
-690
-690
-690
-689
-687
-684
-680
-677
-672
-668
-663
-657
-651
-644
-636
-627
-618
-607
-596
-586
-576
-567
-559
-552
-547
-542
-538
-535
-533
-532
-531
-530
-529
-528
-528
-528
-526
-527
-527
-527
-527
-529
-530
-532
-533
-535
-536
-538
-539
-540
-542
-543
-543
-543
-542
-541
-539
-539
-537
-536
-534
-535
-537
-539
-541
-546
-549
-553
-557
-561
-566
-569
-571
-573
-575
-576
-578
-578
-579
-580
-580
-580
-580
-579
-579
-578
-577
-574
-573
-571
-568
-564
-560
-555
-548
-542
-534
-524
-515
-507
-498
-489
-480
-472
-464
-456
-448
-441
-435
-427
-421
-414
-406
-399
-393
-386
-379
-371
-364
-357
-350
-343
-336
-330
-322
-316
-310
-306
-302
-297
-294
-291
-288
-285
-283
-281
-277
-274
-271
-267
-263
-259
-255
-250
-244
-240
-236
-231
-229
-225
-222
-220
-218
-216
-216
-214
-212
-210
-208
-205
-202
-199
-195
-192
-188
-184
-181
-179
-176
-174
-173
-172
-171
-170
-169
-169
-168
-168
-167
-167
-167
-167
-168
-170
-171
-173
-175
-177
-179
-181
-183
-184
-185
-185
-184
-184
-184
-184
-185
-186
-187
-189
-191
-194
-196
-199
-201
-204
-206
-207
-208
-209
-210
-211
-213
-215
-218
-221
-224
-229
-233
-237
-241
-245
-249
-252
-257
-262
-266
-271
-275
-280
-286
-291
-296
-301
-307
-312
-318
-324
-330
-337
-343
-350
-356
-364
-371
-377
-383
-390
-396
-403
-410
-417
-424
-432
-439
-447
-456
-464
-474
-481
-489
-497
-505
-512
-520
-526
-532
-538
-544
-549
-554
-559
-563
-567
-571
-575
-579
-585
-589
-594
-600
-607
-614
-622
-630
-638
-647
-655
-663
-669
-675
-679
-684
-686
-688
-689
-688
-685
-682
-676
-667
-653
-636
-612
-582
-542
-495
-439
-378
-313
-250
-193
-146
-110
-84
-60
-26
39
163
382
728
1224
1873
2047
2047
2047
2047
2047
2047
2047
2047
2047
2047
2047
2047
2047
2047
2047
2047
2047
2047
2047
2047
2047
2047
2047
2047
2047
2047
2047
2047
2047
2047
2047
2047
2047
2047
2047
2047
2047
2047
2047
2047
2047
2047
2047
2047
2047
2047
2047
2047
2047
2047
2047
2047
1517
909
427
71
-173
-329
-426
-488
-535
-578
-626
-678
-736
-794
-853
-906
-951
-989
-1018
-1040
-1054
-1064
-1069
-1071
-1069
-1066
-1061
-1054
-1047
-1039
-1029
-1018
-1007
-996
-984
-972
-961
-950
-939
-929
-920
-911
-904
-898
-891
-885
-881
-877
-874
-873
-870
-868
-868
-868
-868
-869
-870
-872
-875
-878
-881
-884
-889
-893
-899
-905
-912
-920
-928
-936
-945
-954
-962
-970
-975
-979
-983
-984
-983
-982
-980
-976
-973
-970
-969
-969
-969
-970
-973
-977
-981
-986
-990
-995
-998
-1002
-1006
-1009
-1012
-1015
-1018
-1020
-1024
-1025
-1028
-1030
-1033
-1035
-1037
-1039
-1041
-1042
-1044
-1046
-1048
-1050
-1052
-1055
-1057
-1060
-1062
-1066
-1067
-1069
-1070
-1072
-1072
-1073
-1072
-1071
-1069
-1068
-1066
-1063
-1061
-1058
-1055
-1052
-1049
-1047
-1045
-1043
-1041
-1040
-1038
-1037
-1035
-1033
-1031
-1030
-1027
-1025
-1022
-1019
-1015
-1012
-1008
-1005
-1002
-999
-997
-996
-995
-995
-997
-999
-1001
-1005
-1008
-1012
-1017
-1020
-1023
-1026
-1029
-1031
-1034
-1035
-1036
-1037
-1039
-1039
-1039
-1039
-1039
-1038
-1037
-1036
-1034
-1031
-1028
-1025
-1021
-1016
-1011
-1007
-1003
-999
-996
-993
-991
-988
-987
-985
-985
-985
-984
-984
-983
-983
-984
-984
-984
-984
-983
-980
-978
-976
-972
-968
-964
-959
-954
-950
-946
-942
-938
-935
-931
-928
-924
-920
-916
-913
-909
-905
-901
-896
-893
-888
-885
-882
-878
-876
-872
-869
-866
-862
-858
-853
-848
-842
-835
-827
-819
-811
-802
-793
-784
-776
-767
-759
-752
-743
-737
-729
-721
-715
-707
-700
-693
-687
-682
-678
-675
-674
-673
-675
-677
-679
-684
-687
-691
-693
-696
-697
-698
-697
-695
-693
-691
-688
-685
-681
-677
-672
-666
-660
-651
-643
-633
-624
-614
-606
-598
-591
-584
-579
-575
-572
-570
-568
-566
-566
-565
-564
-563
-562
-561
-560
-560
-559
-559
-558
-558
-558
-559
-559
-560
-561
-561
-562
-563
-563
-562
-562
-560
-559
-557
-554
-551
-548
-545
-543
-542
-541
-542
-543
-544
-545
-549
-550
-553
-555
-556
-556
-556
-557
-557
-557
-556
-555
-555
-555
-555
-555
-554
-553
-552
-551
-551
-549
-548
-545
-542
-539
-534
-529
-523
-516
-508
-501
-493
-486
-478
-470
-463
-456
-450
-443
-437
-431
-425
-419
-413
-407
-402
-394
-388
-382
-376
-370
-364
-356
-350
-343
-336
-330
-325
-319
-314
-310
-306
-303
-300
-297
-294
-291
-288
-285
-281
-278
-273
-269
-264
-259
-254
-248
-242
-236
-230
-225
-221
-217
-213
-209
-206
-203
-200
-196
-193
-189
-186
-180
-176
-171
-166
-161
-158
-153
-151
-148
-144
-143
-141
-140
-139
-138
-138
-137
-137
-139
-139
-139
-140
-143
-145
-150
-153
-157
-161
-165
-169
-172
-176
-178
-179
-181
-182
-184
-187
-189
-191
-195
-198
-202
-207
-212
-216
-219
-223
-226
-228
-231
-233
-235
-237
-240
-242
-246
-250
-255
-259
-264
-269
-274
-279
-283
-288
-293
-298
-303
-309
-314
-318
-324
-330
-336
-341
-346
-351
-357
-363
-367
-374
-379
-386
-391
-396
-402
-407
-412
-417
-422
-427
-432
-437
-443
-449
-455
-462
-470
-477
-484
-491
-498
-504
-510
-516
-523
-527
-532
-538
-542
-546
-550
-553
-555
-559
-562
-565
-568
-571
-575
-580
-585
-590
-597
-605
-613
-621
-629
-637
-645
-651
-657
-662
-667
-669
-672
-673
-672
-672
-669
-663
-656
-644
-627
-605
-575
-538
-492
-438
-377
-313
-251
-195
-149
-113
-86
-63
-30
31
150
358
690
1169
1801
2047
2047
2047
2047
2047
2047
2047
2047
2047
2047
2047
2047
2047
2047
2047
2047
2047
2047
2047
2047
2047
2047
2047
2047
2047
2047
2047
2047
2047
2047
2047
2047
2047
2047
2047
2047
2047
2047
2047
2047
2047
2047
2047
2047
2047
2047
2047
2047
2047
2047
2047
2047
1589
974
482
117
-136
-295
-394
-458
-506
-550
-598
-652
-711
-772
-832
-886
-935
-974
-1005
-1029
-1046
-1057
-1064
-1067
-1068
-1065
-1063
-1058
-1052
-1045
-1036
-1027
-1017
-1007
-997
-987
-977
-967
-957
-949
-941
-934
-928
-923
-918
-914
-911
-908
-907
-905
-905
-904
-903
-904
-905
-906
-908
-911
-913
-916
-919
-922
-927
-931
-936
-940
-947
-953
-960
-968
-975
-982
-988
-992
-996
-998
-999
-997
-994
-989
-984
-979
-973
-968
-965
-962
-960
-960
-960
-963
-965
-968
-971
-973
-976
-979
-981
-983
-986
-989
-991
-994
-997
-1001
-1003
-1006
-1009
-1012
-1015
-1018
-1020
-1022
-1026
-1029
-1032
-1035
-1038
-1043
-1046
-1050
-1054
-1058
-1060
-1064
-1066
-1068
-1070
-1072
-1071
-1071
-1071
-1070
-1068
-1066
-1063
-1061
-1059
-1056
-1054
-1052
-1050
-1049
-1047
-1046
-1044
-1043
-1042
-1041
-1039
-1038
-1036
-1034
-1031
-1028
-1025
-1022
-1019
-1016
-1012
-1009
-1006
-1003
-1002
-1000
-999
-998
-1000
-1001
-1003
-1005
-1006
-1009
-1011
-1012
-1014
-1014
-1016
-1016
-1016
-1017
-1017
-1018
-1017
-1017
-1016
-1016
-1015
-1014
-1012
-1010
-1007
-1003
-1000
-996
-992
-988
-984
-981
-978
-975
-973
-971
-970
-969
-968
-968
-967
-967
-968
-968
-969
-968
-968
-967
-966
-965
-963
-960
-957
-953
-949
-945
-942
-938
-935
-932
-929
-927
-924
-923
-921
-918
-916
-914
-912
-910
-907
-905
-902
-900
-899
-897
-895
-893
-892
-890
-888
-886
-883
-879
-874
-869
-862
-857
-849
-842
-834
-825
-817
-810
-802
-795
-787
-780
-773
-766
-759
-752
-744
-738
-731
-725
-720
-715
-713
-711
-710
-712
-714
-717
-719
-723
-725
-726
-727
-726
-724
-722
-718
-714
-709
-705
-699
-692
-686
-679
-669
-660
-649
-638
-626
-614
-602
-592
-581
-570
-563
-556
-550
-545
-541
-538
-535
-532
-531
-529
-526
-524
-522
-521
-520
-520
-519
-519
-519
-520
-522
-524
-525
-528
-530
-532
-534
-536
-538
-539
-540
-540
-540
-540
-541
-540
-540
-541
-542
-545
-549
-553
-558
-563
-568
-573
-578
-581
-584
-587
-589
-590
-591
-592
-591
-591
-591
-589
-588
-587
-585
-582
-581
-576
-573
-570
-566
-561
-556
-550
-542
-534
-524
-515
-505
-495
-484
-473
-463
-453
-443
-434
-425
-417
-408
-400
-393
-386
-378
-370
-363
-356
-349
-343
-335
-328
-322
-314
-308
-301
-295
-288
-283
-278
-273
-269
-266
-264
-262
-260
-258
-256
-255
-253
-251
-249
-246
-243
-240
-236
-232
-228
-224
-220
-217
-214
-211
-209
-208
-206
-205
-205
-204
-203
-202
-200
-198
-195
-193
-190
-187
-184
-183
-180
-178
-177
-176
-175
-174
-175
-175
-174
-174
-174
-176
-177
-178
-179
-181
-183
-185
-188
-192
-194
-197
-201
-204
-206
-208
-210
-210
-211
-213
-213
-214
-215
-217
-220
-222
-225
-227
-230
-233
-235
-237
-239
-240
-240
-240
-240
-241
-243
-245
-247
-250
-252
-256
-260
-263
-266
-269
-272
-276
-279
-282
-286
-289
-294
-298
-302
-306
-310
-315
-320
-326
-331
-337
-343
-349
-355
-362
-368
-375
-382
-388
-394
-400
-406
-412
-418
-424
-432
-439
-447
-455
-463
-471
-479
-487
-495
-503
-511
-517
-523
-530
-537
-543
-548
-554
-558
-563
-567
-571
-575
-580
-583
-588
-593
-598
-603
-609
-615
-623
-631
-639
-647
-654
-661
-667
-673
-677
-681
-682
-684
-684
-684
-682
-678
-672
-663
-650
-632
-609
-579
-541
-493
-437
-375
-311
-247
-189
-140
-102
-74
-50
-16
46
165
373
705
1184
1817
2047
2047
2047
2047
2047
2047
2047
2047
2047
2047
2047
2047
2047
2047
2047
2047
2047
2047
2047
2047
2047
2047
2047
2047
2047
2047
2047
2047
2047
2047
2047
2047
2047
2047
2047
2047
2047
2047
2047
2047
2047
2047
2047
2047
2047
2047
2047
2047
2047
2047
2047
2047
1494
886
403
46
-195
-350
-446
-507
-554
-598
-644
-698
-756
-815
-874
-927
-973
-1011
-1040
-1062
-1076
-1087
-1092
-1093
-1092
-1089
-1085
-1079
-1071
-1062
-1053
-1042
-1031
-1019
-1008
-996
-984
-973
-962
-952
-943
-934
-927
-919
-912
-908
-903
-899
-895
-893
-891
-888
-888
-886
-887
-887
-888
-889
-891
-892
-895
-898
-902
-905
-910
-915
-920
-927
-933
-941
-948
-955
-961
-966
-970
-973
-974
-973
-971
-967
-962
-958
-954
-949
-947
-944
-944
-945
-947
-950
-953
-957
-961
-965
-969
-973
-976
-980
-983
-986
-991
-994
-998
-1001
-1005
-1008
-1013
-1016
-1020
-1023
-1027
-1030
-1033
-1038
-1042
-1046
-1051
-1055
-1059
-1064
-1069
-1073
-1077
-1080
-1084
-1085
-1088
-1088
-1089
-1088
-1087
-1086
-1082
-1080
-1076
-1073
-1068
-1065
-1060
-1056
-1052
-1048
-1044
-1041
-1037
-1034
-1031
-1027
-1024
-1020
-1016
-1011
-1007
-1001
-996
-991
-986
-980
-976
-973
-969
-967
-965
-963
-964
-964
-966
-969
-972
-975
-978
-981
-984
-986
-989
-990
-992
-994
-995
-997
-1001
-999
-1000
-1001
-1002
-1002
-1003
-1003
-1003
-1002
-1000
-999
-997
-994
-993
-990
-989
-988
-986
-986
-987
-987
-988
-990
-992
-993
-996
-998
-1000
-1002
-1004
-1005
-1007
-1008
-1008
-1007
-1005
-1003
-1000
-997
-993
-989
-984
-980
-976
-972
-968
-965
-961
-957
-953
-950
-947
-942
-938
-934
-930
-926
-921
-917
-914
-909
-906
-901
-898
-894
-890
-886
-880
-875
-868
-862
-854
-845
-836
-827
-817
-808
-799
-791
-782
-773
-766
-757
-750
-743
-736
-727
-720
-713
-707
-701
-695
-691
-688
-687
-687
-689
-691
-695
-698
-700
-704
-706
-707
-708
-708
-706
-703
-700
-697
-693
-689
-684
-679
-674
-666
-658
-648
-638
-628
-617
-607
-596
-586
-577
-570
-564
-558
-552
-549
-546
-543
-541
-539
-537
-534
-533
-531
-530
-529
-528
-527
-527
-528
-529
-530
-531
-532
-533
-536
-537
-539
-540
-541
-541
-541
-541
-541
-539
-538
-537
-536
-535
-536
-538
-539
-542
-545
-549
-553
-557
-560
-563
-566
-568
-569
-571
-571
-571
-570
-571
-571
-570
-570
-568
-568
-566
-565
-562
-560
-555
-552
-549
-543
-538
-531
-523
-515
-506
-496
-486
-476
-466
-457
-447
-439
-431
-423
-415
-407
-401
-394
-387
-381
-374
-368
-362
-355
-350
-344
-337
-331
-325
-319
-314
-309
-303
-299
-295
-292
-289
-288
-286
-285
-283
-283
-282
-282
-281
-278
-277
-275
-273
-271
-267
-264
-260
-256
-253
-250
-247
-244
-242
-240
-239
-238
-236
-235
-232
-231
-228
-225
-222
-218
-214
-209
-205
-201
-197
-194
-190
-187
-184
-182
-180
-178
-176
-174
-173
-172
-171
-170
-170
-170
-171
-172
-174
-176
-178
-180
-183
-185
-187
-188
-190
-191
-191
-192
-194
-194
-196
-199
-201
-203
-207
-210
-214
-218
-220
-223
-225
-226
-227
-229
-230
-232
-234
-235
-238
-242
-246
-250
-254
-258
-261
-265
-269
-273
-277
-280
-285
-289
-294
-299
-303
-308
-312
-317
-322
-326
-331
-337
-342
-347
-353
-359
-365
-371
-377
-382
-387
-393
-398
-403
-409
-416
-423
-429
-436
-444
-451
-459
-467
-474
-481
-489
-495
-502
-508
-513
-519
-524
-529
-534
-538
-542
-546
-549
-551
-556
-560
-563
-568
-573
-578
-585
-593
-600
-608
-617
-626
-634
-641
-648
-655
-660
-665
-668
-670
-672
-673
-672
-669
-664
-655
-644
-627
-604
-574
-536
-489
-435
-374
-311
-249
-194
-148
-114
-88
-66
-32
35
162
385
734
1236
1889
2047
2047
2047
2047
2047
2047
2047
2047
2047
2047
2047
2047
2047
2047
2047
2047
2047
2047
2047
2047
2047
2047
2047
2047
2047
2047
2047
2047
2047
2047
2047
2047
2047
2047
2047
2047
2047
2047
2047
2047
2047
2047
2047
2047
2047
2047
2047
2047
2047
2047
2047
2033
1345
767
317
-6
-225
-362
-446
-503
-547
-592
-640
-696
-755
-815
-872
-923
-968
-1003
-1030
-1050
-1063
-1071
-1075
-1076
-1074
-1071
-1066
-1059
-1051
-1042
-1032
-1022
-1011
-999
-988
-976
-965
-955
-945
-936
-928
-920
-913
-906
-902
-896
-893
-889
-887
-884
-883
-882
-881
-880
-881
-882
-883
-885
-887
-890
-892
-895
-900
-904
-908
-913
-919
-926
-932
-941
-947
-955
-961
-966
-970
-972
-972
-972
-969
-965
-961
-955
-950
-945
-942
-940
-939
-939
-941
-942
-945
-947
-950
-953
-956
-958
-961
-964
-966
-969
-971
-973
-975
-978
-981
-984
-986
-989
-992
-994
-997
-1001
-1004
-1006
-1010
-1014
-1018
-1023
-1027
-1032
-1037
-1041
-1046
-1051
-1054
-1057
-1060
-1062
-1064
-1065
-1066
-1067
-1066
-1064
-1064
-1063
-1061
-1059
-1058
-1057
-1056
-1055
-1054
-1052
-1052
-1052
-1050
-1049
-1048
-1046
-1045
-1042
-1038
-1034
-1031
-1027
-1023
-1019
-1016
-1013
-1010
-1008
-1006
-1006
-1006
-1007
-1009
-1011
-1013
-1015
-1018
-1020
-1022
-1024
-1024
-1026
-1027
-1028
-1029
-1028
-1028
-1027
-1027
-1026
-1025
-1024
-1022
-1020
-1018
-1014
-1011
-1007
-1002
-997
-993
-989
-985
-982
-979
-976
-974
-973
-972
-972
-972
-972
-973
-973
-975
-976
-977
-977
-978
-978
-978
-977
-976
-975
-971
-968
-965
-962
-958
-955
-951
-948
-946
-943
-941
-938
-937
-934
-931
-929
-926
-924
-921
-918
-916
-914
-911
-908
-906
-904
-901
-899
-896
-893
-889
-885
-879
-874
-866
-859
-851
-842
-834
-825
-816
-808
-799
-791
-782
-774
-767
-758
-750
-742
-733
-727
-719
-711
-706
-700
-696
-693
-693
-693
-694
-696
-697
-700
-702
-702
-702
-701
-699
-696
-692
-688
-683
-679
-672
-666
-659
-652
-643
-634
-623
-611
-600
-588
-576
-565
-554
-545
-536
-530
-524
-520
-516
-512
-510
-507
-506
-504
-503
-501
-500
-499
-498
-498
-498
-498
-498
-501
-501
-503
-505
-507
-509
-511
-514
-515
-517
-518
-518
-519
-519
-519
-519
-518
-518
-520
-521
-524
-527
-531
-536
-542
-548
-553
-559
-564
-569
-572
-576
-579
-582
-585
-586
-588
-590
-591
-592
-592
-592
-592
-592
-591
-590
-588
-586
-582
-578
-573
-567
-560
-552
-543
-533
-522
-511
-501
-490
-480
-470
-460
-450
-440
-431
-423
-415
-406
-398
-390
-381
-373
-366
-358
-349
-341
-333
-326
-317
-310
-303
-296
-290
-284
-279
-276
-272
-269
-267
-265
-264
-262
-261
-259
-257
-255
-252
-250
-247
-243
-241
-237
-234
-231
-228
-226
-225
-223
-223
-222
-222
-221
-221
-221
-220
-219
-217
-215
-212
-210
-207
-206
-203
-200
-199
-197
-196
-195
-194
-193
-193
-192
-191
-190
-190
-189
-190
-190
-190
-191
-193
-193
-195
-196
-198
-200
-200
-201
-202
-202
-201
-201
-199
-198
-199
-199
-200
-201
-202
-204
-206
-208
-210
-212
-213
-214
-214
-215
-214
-215
-215
-215
-217
-219
-221
-224
-227
-230
-233
-236
-240
-243
-247
-251
-254
-259
-264
-268
-273
-278
-283
-288
-294
-299
-306
-312
-317
-324
-330
-337
-344
-351
-358
-364
-371
-377
-383
-390
-396
-402
-409
-416
-425
-432
-440
-448
-456
-465
-473
-482
-490
-497
-505
-512
-519
-526
-533
-538
-545
-550
-556
-561
-566
-571
-574
-580
-584
-590
-596
-603
-610
-618
-627
-636
-645
-654
-662
-670
-679
-685
-690
-695
-699
-702
-704
-705
-703
-700
-696
-687
-674
-657
-633
-601
-561
-513
-456
-394
-330
-267
-212
-167
-133
-107
-81
-41
35
177
421
797
1328
2009
2047
2047
2047
2047
2047
2047
2047
2047
2047
2047
2047
2047
2047
2047
2047
2047
2047
2047
2047
2047
2047
2047
2047
2047
2047
2047
2047
2047
2047
2047
2047
2047
2047
2047
2047
2047
2047
2047
2047
2047
2047
2047
2047
2047
2047
2047
2047
2047
2047
2047
2047
2017
1332
758
311
-11
-230
-367
-453
-511
-556
-602
-652
-709
-769
-830
-888
-941
-986
-1022
-1052
-1072
-1086
-1094
-1099
-1100
-1099
-1095
-1090
-1083
-1075
-1065
-1055
-1043
-1031
-1019
-1006
-993
-980
-968
-956
-945
-935
-925
-916
-907
-900
-893
-887
-882
-878
-874
-871
-868
-866
-864
-863
-864
-864
-864
-865
-867
-868
-871
-875
-878
-882
-888
-893
-899
-906
-914
-922
-928
-935
-940
-945
-948
-949
-949
-947
-945
-941
-937
-933
-930
-928
-927
-928
-930
-932
-936
-942
-945
-950
-954
-958
-964
-967
-971
-974
-979
-982
-986
-990
-995
-999
-1003
-1007
-1011
-1015
-1019
-1023
-1026
-1030
-1033
-1039
-1043
-1047
-1052
-1056
-1062
-1066
-1071
-1075
-1079
-1081
-1085
-1087
-1088
-1089
-1090
-1090
-1090
-1088
-1086
-1084
-1083
-1080
-1078
-1077
-1074
-1073
-1072
-1069
-1068
-1067
-1065
-1063
-1062
-1059
-1057
-1054
-1050
-1046
-1041
-1037
-1032
-1027
-1022
-1019
-1013
-1009
-1005
-1003
-1001
-1000
-1000
-999
-1001
-1003
-1004
-1006
-1007
-1008
-1009
-1009
-1010
-1010
-1009
-1009
-1009
-1008
-1009
-1007
-1007
-1006
-1005
-1003
-1002
-999
-997
-994
-991
-987
-984
-980
-976
-973
-970
-968
-967
-965
-965
-965
-964
-966
-966
-968
-969
-971
-973
-974
-976
-977
-978
-979
-978
-977
-976
-974
-972
-970
-967
-965
-961
-959
-958
-956
-954
-952
-950
-948
-945
-943
-940
-937
-934
-930
-927
-925
-921
-918
-914
-912
-908
-905
-901
-897
-893
-888
-882
-875
-868
-859
-851
-841
-831
-822
-811
-801
-791
-782
-772
-763
-754
-745
-735
-726
-718
-709
-701
-693
-685
-680
-674
-670
-668
-667
-667
-669
-671
-673
-676
-677
-678
-679
-679
-678
-677
-673
-670
-666
-662
-659
-654
-649
-642
-635
-627
-619
-609
-599
-589
-580
-570
-562
-554
-549
-544
-540
-538
-536
-534
-534
-533
-533
-532
-532
-533
-533
-533
-532
-533
-534
-535
-537
-539
-540
-543
-545
-547
-549
-552
-554
-555
-556
-556
-557
-557
-556
-555
-553
-552
-551
-551
-552
-554
-555
-559
-561
-565
-571
-572
-575
-578
-580
-581
-582
-582
-582
-582
-581
-581
-581
-579
-578
-577
-576
-574
-571
-570
-567
-564
-560
-556
-551
-546
-539
-531
-523
-515
-505
-495
-485
-476
-467
-460
-449
-442
-434
-427
-419
-413
-406
-399
-392
-385
-377
-370
-362
-356
-348
-341
-333
-326
-318
-312
-305
-300
-295
-290
-286
-283
-280
-277
-275
-274
-271
-270
-268
-266
-263
-261
-258
-255
-252
-249
-244
-241
-238
-234
-231
-228
-226
-225
-223
-222
-221
-219
-218
-217
-214
-212
-208
-204
-200
-196
-192
-187
-182
-179
-175
-171
-169
-166
-164
-161
-160
-158
-157
-155
-154
-154
-153
-153
-154
-154
-156
-157
-159
-161
-164
-166
-168
-170
-171
-171
-172
-172
-173
-174
-174
-175
-178
-179
-182
-185
-189
-192
-196
-199
-202
-204
-207
-209
-211
-213
-215
-218
-222
-226
-231
-235
-241
-246
-251
-256
-262
-267
-272
-278
-284
-289
-294
-301
-306
-312
-318
-324
-330
-336
-341
-347
-353
-359
-365
-372
-378
-384
-389
-394
-400
-405
-410
-415
-420
-426
-431
-437
-444
-451
-457
-464
-471
-479
-486
-493
-499
-506
-511
-518
-523
-528
-532
-537
-542
-546
-550
-553
-557
-561
-563
-567
-572
-577
-582
-588
-594
-602
-610
-619
-627
-635
-642
-650
-657
-662
-667
-670
-673
-675
-675
-675
-673
-669
-662
-653
-638
-620
-594
-562
-521
-471
-414
-353
-290
-231
-179
-138
-107
-85
-59
-17
68
226
490
892
1449
2047
2047
2047
2047
2047
2047
2047
2047
2047
2047
2047
2047
2047
2047
2047
2047
2047
2047
2047
2047
2047
2047
2047
2047
2047
2047
2047
2047
2047
2047
2047
2047
2047
2047
2047
2047
2047
2047
2047
2047
2047
2047
2047
2047
2047
2047
2047
2047
2047
2047
2047
2047
1975
1301
739
304
-6
-214
-344
-426
-480
-526
-572
-622
-679
-739
-800
-858
-910
-954
-990
-1017
-1038
-1052
-1062
-1067
-1070
-1070
-1067
-1063
-1058
-1051
-1044
-1035
-1026
-1017
-1006
-996
-985
-975
-965
-955
-947
-939
-932
-925
-919
-914
-909
-905
-903
-900
-897
-896
-895
-894
-894
-894
-895
-896
-898
-900
-903
-907
-909
-913
-917
-923
-928
-934
-941
-948
-955
-963
-969
-976
-981
-984
-986
-986
-985
-981
-978
-971
-966
-961
-957
-954
-951
-950
-951
-952
-955
-957
-960
-964
-967
-970
-973
-976
-978
-980
-984
-986
-989
-992
-996
-999
-1002
-1004
-1008
-1011
-1014
-1017
-1020
-1023
-1027
-1030
-1034
-1038
-1042
-1046
-1050
-1055
-1058
-1062
-1065
-1068
-1070
-1071
-1073
-1073
-1073
-1072
-1071
-1070
-1068
-1066
-1064
-1061
-1059
-1057
-1056
-1055
-1053
-1052
-1051
-1050
-1048
-1048
-1046
-1045
-1044
-1041
-1040
-1036
-1034
-1031
-1027
-1025
-1021
-1019
-1015
-1013
-1011
-1009
-1008
-1008
-1009
-1010
-1012
-1014
-1016
-1019
-1021
-1022
-1023
-1024
-1024
-1024
-1024
-1023
-1024
-1022
-1021
-1021
-1020
-1018
-1017
-1015
-1013
-1010
-1007
-1004
-999
-995
-991
-986
-981
-978
-974
-971
-968
-966
-964
-962
-960
-960
-959
-960
-960
-959
-959
-959
-959
-958
-958
-956
-955
-953
-949
-946
-943
-938
-934
-930
-926
-923
-920
-917
-915
-912
-910
-908
-907
-904
-902
-900
-897
-895
-893
-892
-890
-888
-885
-884
-884
-881
-880
-878
-875
-872
-869
-864
-858
-853
-845
-838
-830
-822
-814
-807
-799
-792
-784
-777
-770
-763
-757
-750
-744
-738
-731
-726
-721
-717
-713
-711
-711
-712
-713
-717
-719
-723
-725
-727
-728
-728
-728
-725
-722
-719
-714
-709
-704
-698
-691
-684
-675
-667
-656
-645
-633
-621
-609
-596
-586
-575
-567
-558
-551
-545
-541
-538
-534
-532
-530
-527
-525
-523
-522
-520
-519
-518
-518
-517
-518
-519
-520
-521
-523
-524
-526
-528
-530
-532
-533
-534
-535
-535
-535
-534
-533
-533
-532
-531
-532
-533
-536
-539
-543
-547
-551
-557
-561
-566
-569
-572
-576
-577
-579
-581
-582
-583
-583
-584
-584
-584
-584
-583
-583
-581
-579
-578
-575
-572
-569
-564
-559
-553
-547
-538
-530
-520
-511
-502
-493
-483
-474
-466
-458
-451
-442
-434
-427
-420
-412
-405
-397
-391
-382
-376
-368
-361
-354
-347
-340
-332
-326
-318
-313
-305
-299
-293
-287
-284
-279
-275
-271
-268
-264
-260
-256
-253
-248
-244
-239
-234
-229
-223
-218
-213
-208
-202
-199
-195
-191
-189
-186
-185
-183
-182
-180
-178
-176
-173
-171
-168
-165
-162
-160
-157
-155
-154
-153
-152
-151
-151
-151
-152
-152
-153
-153
-155
-157
-159
-161
-163
-166
-171
-174
-179
-182
-187
-192
-195
-199
-203
-206
-208
-210
-214
-216
-219
-222
-226
-229
-234
-238
-243
-248
-251
-255
-258
-260
-262
-263
-265
-265
-266
-268
-269
-271
-274
-276
-279
-282
-284
-284
-291
-293
-296
-298
-302
-305
-309
-312
-316
-320
-325
-329
-333
-338
-342
-347
-352
-357
-362
-367
-372
-377
-383
-386
-391
-395
-399
-404
-408
-412
-418
-422
-429
-435
-441
-447
-455
-461
-467
-474
-481
-487
-494
-499
-505
-510
-515
-520
-525
-529
-533
-537
-541
-545
-550
-553
-558
-564
-570
-576
-585
-593
-602
-611
-619
-629
-638
-646
-653
-659
-665
-669
-673
-676
-677
-678
-676
-673
-668
-659
-646
-628
-603
-571
-531
-481
-425
-364
-300
-240
-188
-146
-114
-90
-66
-24
56
207
462
853
1397
2047
2047
2047
2047
2047
2047
2047
2047
2047
2047
2047
2047
2047
2047
2047
2047
2047
2047
2047
2047
2047
2047
2047
2047
2047
2047
2047
2047
2047
2047
2047
2047
2047
2047
2047
2047
2047
2047
2047
2047
2047
2047
2047
2047
2047
2047
2047
2047
2047
2047
2047
2047
1939
1268
713
286
-17
-219
-346
-427
-480
-526
-573
-625
-684
-746
-808
-866
-918
-963
-1000
-1028
-1049
-1064
-1074
-1080
-1083
-1084
-1083
-1081
-1077
-1071
-1064
-1057
-1049
-1040
-1032
-1022
-1014
-1004
-996
-987
-980
-973
-967
-961
-956
-951
-948
-944
-942
-938
-936
-935
-933
-931
-931
-929
-929
-929
-929
-928
-929
-929
-931
-932
-934
-936
-939
-942
-947
-951
-956
-960
-966
-969
-972
-973
-972
-970
-966
-962
-955
-949
-943
-937
-932
-928
-926
-925
-925
-926
-929
-932
-935
-939
-941
-945
-948
-951
-954
-959
-960
-964
-968
-972
-976
-981
-985
-989
-993
-997
-1002
-1006
-1011
-1015
-1020
-1024
-1030
-1035
-1041
-1047
-1052
-1058
-1062
-1067
-1071
-1075
-1078
-1081
-1083
-1084
-1085
-1085
-1085
-1083
-1082
-1079
-1078
-1075
-1073
-1070
-1068
-1065
-1064
-1062
-1059
-1057
-1055
-1053
-1050
-1047
-1044
-1041
-1037
-1033
-1028
-1023
-1019
-1013
-1008
-1004
-999
-995
-992
-989
-987
-985
-986
-987
-988
-990
-992
-994
-996
-997
-999
-1000
-1000
-1001
-1001
-1002
-1002
-1002
-1002
-1001
-1001
-1001
-999
-998
-996
-994
-992
-988
-985
-981
-978
-974
-970
-968
-965
-964
-962
-961
-960
-961
-962
-963
-964
-965
-967
-968
-970
-972
-974
-975
-976
-975
-976
-974
-972
-970
-967
-964
-961
-958
-955
-952
-950
-947
-945
-943
-942
-939
-936
-934
-931
-928
-926
-923
-920
-918
-915
-913
-910
-908
-905
-903
-900
-898
-893
-890
-885
-879
-873
-865
-858
-850
-842
-832
-824
-815
-807
-799
-791
-783
-774
-767
-758
-751
-743
-735
-728
-721
-714
-710
-705
-703
-701
-702
-703
-705
-708
-710
-713
-714
-715
-714
-714
-712
-709
-705
-701
-696
-691
-686
-680
-673
-665
-656
-647
-637
-625
-614
-603
-592
-582
-573
-565
-557
-551
-547
-543
-540
-537
-535
-533
-531
-530
-528
-526
-525
-524
-523
-523
-523
-523
-524
-524
-526
-528
-530
-532
-533
-535
-536
-538
-538
-539
-539
-539
-538
-538
-537
-536
-536
-537
-538
-539
-543
-547
-550
-555
-559
-563
-568
-571
-574
-576
-577
-579
-579
-580
-580
-580
-580
-580
-580
-579
-578
-576
-574
-572
-570
-567
-563
-559
-554
-548
-541
-534
-524
-515
-505
-496
-485
-474
-465
-455
-446
-437
-429
-421
-413
-406
-398
-391
-383
-376
-370
-362
-355
-349
-342
-335
-329
-321
-314
-309
-302
-296
-291
-286
-283
-280
-278
-277
-275
-274
-272
-271
-270
-268
-266
-262
-258
-254
-252
-247
-242
-237
-233
-229
-224
-222
-219
-217
-215
-214
-212
-211
-209
-208
-206
-204
-201
-198
-195
-192
-189
-186
-184
-182
-180
-179
-179
-178
-177
-178
-178
-178
-179
-180
-181
-182
-184
-185
-188
-190
-193
-196
-199
-203
-206
-210
-211
-214
-215
-216
-216
-218
-219
-219
-219
-221
-223
-225
-228
-231
-234
-237
-239
-241
-244
-245
-245
-245
-245
-246
-247
-249
-251
-253
-256
-259
-264
-266
-270
-274
-278
-282
-284
-288
-292
-296
-300
-304
-308
-313
-318
-321
-326
-331
-335
-341
-346
-352
-357
-364
-369
-375
-381
-386
-391
-396
-401
-405
-411
-417
-422
-428
-435
-441
-448
-454
-461
-467
-474
-481
-487
-492
-497
-503
-508
-513
-517
-521
-526
-530
-533
-537
-540
-544
-548
-552
-556
-561
-567
-573
-579
-587
-595
-604
-613
-622
-629
-636
-643
-648
-654
-658
-660
-662
-664
-663
-662
-658
-652
-642
-629
-610
-584
-550
-508
-457
-399
-337
-276
-218
-170
-131
-104
-82
-55
-7
91
269
560
994
1584
2047
2047
2047
2047
2047
2047
2047
2047
2047
2047
2047
2047
2047
2047
2047
2047
2047
2047
2047
2047
2047
2047
2047
2047
2047
2047
2047
2047
2047
2047
2047
2047
2047
2047
2047
2047
2047
2047
2047
2047
2047
2047
2047
2047
2047
2047
2047
2047
2047
2047
2047
2047
1701
1064
548
161
-108
-284
-392
-461
-511
-555
-601
-654
-712
-773
-832
-888
-938
-978
-1010
-1034
-1051
-1063
-1070
-1074
-1074
-1073
-1069
-1065
-1058
-1051
-1042
-1032
-1023
-1012
-1002
-991
-981
-971
-961
-952
-944
-937
-930
-924
-919
-916
-912
-910
-908
-907
-906
-906
-906
-907
-908
-909
-911
-913
-916
-919
-922
-925
-929
-933
-938
-942
-947
-953
-959
-966
-972
-977
-983
-987
-990
-992
-992
-990
-986
-981
-975
-967
-962
-956
-949
-945
-942
-940
-940
-941
-942
-943
-946
-948
-950
-952
-955
-956
-957
-960
-962
-964
-967
-970
-972
-975
-977
-980
-983
-986
-988
-991
-994
-996
-999
-1003
-1007
-1011
-1015
-1020
-1023
-1029
-1032
-1036
-1040
-1043
-1046
-1048
-1049
-1051
-1051
-1051
-1051
-1050
-1049
-1048
-1047
-1045
-1043
-1043
-1042
-1041
-1040
-1040
-1039
-1039
-1039
-1038
-1037
-1036
-1035
-1033
-1031
-1029
-1026
-1023
-1020
-1016
-1013
-1010
-1007
-1005
-1003
-1003
-1003
-1004
-1005
-1007
-1010
-1013
-1015
-1019
-1021
-1024
-1026
-1028
-1029
-1031
-1031
-1033
-1034
-1035
-1035
-1035
-1035
-1035
-1035
-1034
-1032
-1031
-1027
-1025
-1020
-1017
-1013
-1009
-1006
-1002
-999
-996
-995
-993
-992
-991
-991
-991
-991
-991
-992
-992
-992
-993
-992
-992
-992
-989
-987
-984
-980
-976
-972
-966
-962
-957
-951
-949
-944
-940
-936
-934
-930
-927
-924
-920
-917
-912
-909
-906
-902
-898
-895
-892
-888
-885
-882
-878
-874
-870
-866
-860
-854
-848
-841
-833
-824
-816
-807
-798
-789
-782
-774
-766
-758
-752
-745
-739
-733
-726
-721
-715
-710
-705
-701
-698
-697
-697
-698
-701
-704
-710
-714
-719
-723
-726
-729
-730
-730
-729
-727
-724
-721
-717
-713
-707
-701
-695
-687
-678
-668
-658
-646
-634
-622
-611
-600
-590
-582
-573
-567
-561
-555
-551
-547
-543
-540
-536
-533
-529
-526
-522
-519
-517
-514
-512
-510
-509
-508
-507
-507
-507
-507
-507
-507
-507
-506
-506
-505
-504
-503
-502
-500
-499
-498
-498
-499
-501
-503
-506
-511
-516
-522
-527
-533
-538
-544
-547
-552
-556
-559
-563
-565
-568
-570
-572
-575
-576
-579
-580
-581
-582
-581
-582
-581
-579
-577
-574
-570
-564
-559
-551
-544
-536
-526
-518
-509
-501
-492
-484
-477
-468
-461
-453
-445
-438
-431
-422
-415
-407
-399
-392
-383
-375
-367
-359
-352
-344
-337
-329
-322
-316
-309
-304
-299
-295
-291
-288
-284
-281
-278
-274
-271
-267
-263
-259
-254
-248
-243
-239
-233
-229
-224
-221
-218
-215
-213
-211
-210
-208
-205
-203
-201
-198
-196
-192
-189
-184
-181
-178
-174
-172
-169
-168
-165
-164
-164
-163
-162
-162
-161
-161
-162
-162
-163
-163
-166
-168
-172
-174
-178
-182
-186
-190
-194
-198
-202
-205
-208
-209
-212
-214
-216
-219
-221
-225
-228
-232
-235
-239
-242
-246
-248
-250
-252
-253
-254
-255
-256
-257
-259
-261
-263
-266
-269
-272
-274
-277
-280
-282
-285
-287
-290
-292
-296
-298
-301
-304
-307
-311
-314
-318
-321
-325
-330
-333
-338
-343
-348
-353
-358
-364
-368
-372
-376
-381
-386
-390
-397
-402
-407
-414
-420
-427
-434
-442
-448
-456
-462
-469
-476
-482
-488
-493
-499
-504
-508
-513
-518
-522
-527
-530
-534
-539
-543
-549
-554
-561
-569
-578
-586
-595
-606
-616
-626
-636
-645
-653
-660
-667
-673
-677
-681
-683
-684
-684
-681
-676
-666
-652
-633
-605
-571
-527
-475
-417
-355
-294
-237
-190
-154
-127
-105
-76
-20
89
286
604
1069
1687
2047
2047
2047
2047
2047
2047
2047
2047
2047
2047
2047
2047
2047
2047
2047
2047
2047
2047
2047
2047
2047
2047
2047
2047
2047
2047
2047
2047
2047
2047
2047
2047
2047
2047
2047
2047
2047
2047
2047
2047
2047
2047
2047
2047
2047
2047
2047
2047
2047
2047
2047
2047
1559
950
465
108
-137
-295
-393
-455
-503
-548
-597
-652
-711
-773
-833
-888
-935
-975
-1006
-1030
-1046
-1057
-1064
-1069
-1068
-1068
-1064
-1060
-1054
-1047
-1040
-1031
-1021
-1012
-1001
-991
-982
-972
-962
-954
-946
-939
-933
-927
-922
-918
-914
-911
-909
-907
-907
-906
-906
-905
-906
-906
-908
-909
-912
-914
-917
-920
-924
-927
-932
-936
-942
-947
-953
-960
-967
-972
-979
-982
-985
-986
-987
-984
-980
-974
-967
-961
-953
-946
-940
-936
-932
-930
-928
-928
-928
-930
-931
-932
-935
-935
-936
-938
-939
-941
-943
-946
-948
-952
-954
-958
-962
-966
-970
-974
-978
-983
-988
-992
-997
-1003
-1008
-1014
-1021
-1027
-1033
-1040
-1046
-1051
-1057
-1062
-1066
-1069
-1072
-1075
-1076
-1078
-1078
-1079
-1080
-1078
-1078
-1077
-1077
-1076
-1076
-1076
-1075
-1075
-1075
-1075
-1074
-1074
-1072
-1071
-1069
-1067
-1064
-1060
-1057
-1053
-1048
-1044
-1040
-1037
-1034
-1030
-1027
-1025
-1024
-1023
-1023
-1023
-1024
-1025
-1026
-1026
-1027
-1028
-1027
-1027
-1026
-1025
-1024
-1023
-1022
-1020
-1018
-1017
-1017
-1014
-1012
-1009
-1007
-1003
-1001
-997
-993
-988
-984
-980
-977
-974
-971
-969
-968
-967
-968
-968
-968
-969
-971
-973
-974
-975
-978
-979
-980
-981
-981
-982
-980
-978
-976
-973
-971
-967
-964
-960
-957
-955
-952
-949
-947
-944
-942
-940
-937
-934
-931
-928
-925
-922
-919
-916
-913
-910
-906
-904
-900
-898
-894
-891
-886
-880
-874
-867
-860
-851
-842
-833
-823
-813
-803
-793
-783
-774
-765
-756
-748
-739
-730
-722
-713
-705
-698
-691
-686
-680
-676
-674
-673
-675
-676
-679
-682
-686
-688
-691
-692
-692
-692
-691
-688
-685
-682
-678
-674
-669
-664
-658
-651
-642
-633
-623
-613
-601
-590
-580
-570
-561
-553
-547
-542
-538
-534
-532
-530
-528
-527
-524
-523
-521
-520
-519
-518
-518
-517
-516
-517
-517
-519
-520
-521
-523
-524
-526
-528
-529
-529
-530
-531
-530
-530
-529
-528
-526
-526
-526
-527
-529
-532
-535
-539
-545
-550
-555
-559
-563
-568
-571
-573
-576
-578
-580
-581
-582
-583
-584
-584
-584
-584
-584
-584
-582
-580
-579
-577
-573
-569
-564
-559
-552
-544
-535
-526
-517
-507
-497
-486
-477
-469
-459
-450
-442
-434
-426
-417
-410
-402
-394
-386
-379
-371
-364
-356
-348
-341
-333
-326
-318
-311
-304
-298
-292
-287
-284
-279
-277
-274
-272
-270
-268
-266
-264
-262
-259
-257
-254
-250
-247
-243
-240
-236
-233
-229
-226
-224
-221
-220
-218
-217
-215
-214
-213
-211
-209
-207
-203
-201
-196
-193
-190
-186
-183
-180
-176
-174
-172
-170
-169
-168
-167
-165
-164
-164
-164
-164
-165
-166
-167
-168
-170
-172
-175
-177
-178
-181
-183
-184
-184
-185
-185
-186
-186
-187
-188
-190
-191
-195
-197
-200
-203
-207
-209
-212
-213
-215
-217
-218
-219
-220
-221
-224
-226
-230
-233
-236
-240
-244
-247
-252
-256
-259
-264
-268
-273
-278
-283
-288
-293
-299
-303
-309
-315
-320
-326
-332
-338
-345
-351
-358
-364
-370
-376
-382
-387
-393
-399
-405
-411
-418
-425
-431
-439
-447
-455
-463
-472
-479
-487
-496
-503
-510
-518
-525
-531
-537
-543
-549
-554
-558
-564
-567
-571
-575
-580
-584
-589
-594
-599
-607
-614
-621
-630
-637
-644
-653
-660
-666
-672
-676
-679
-681
-683
-685
-683
-681
-678
-671
-663
-651
-633
-610
-579
-541
-494
-438
-377
-313
-251
-194
-149
-114
-89
-64
-29
39
169
396
750
1255
1911
2047
2047
2047
2047
2047
2047
2047
2047
2047
2047
2047
2047
2047
2047
2047
2047
2047
2047
2047
2047
2047
2047
2047
2047
2047
2047
2047
2047
2047
2047
2047
2047
2047
2047
2047
2047
2047
2047
2047
2047
2047
2047
2047
2047
2047
2047
2047
2047
2047
2047
2047
2047
1505
902
424
73
-168
