-146
-149
-153
-156
-161
-165
-170
-174
-179
-183
-187
-190
-193
-197
-199
-203
-206
-210
-215
-219
-224
-230
-235
-241
-246
-251
-255
-259
-263
-266
-270
-272
-275
-279
-282
-287
-291
-295
-300
-305
-309
-314
-317
-321
-325
-328
-332
-336
-339
-342
-347
-349
-352
-356
-359
-363
-366
-369
-373
-377
-381
-385
-390
-394
-398
-401
-406
-410
-413
-417
-422
-426
-431
-436
-442
-447
-454
-461
-467
-474
-480
-486
-493
-498
-503
-508
-513
-518
-523
-528
-532
-536
-540
-544
-548
-552
-556
-561
-565
-571
-578
-585
-594
-602
-610
-620
-629
-638
-646
-654
-660
-666
-671
-675
-679
-681
-681
-680
-678
-674
-665
-652
-635
-612
-581
-542
-494
-439
-379
-315
-255
-201
-159
-128
-104
-80
-43
32
174
420
800
1335
2018
2047
2047
2047
2047
2047
2047
2047
2047
2047
2047
2047
2047
2047
2047
2047
2047
2047
2047
2047
2047
2047
2047
2047
2047
2047
2047
2047
2047
2047
2047
2047
2047
2047
2047
2047
2047
2047
2047
2047
2047
2047
2047
2047
2047
2047
2047
2047
2047
2047
2047
2047
1567
948
455
91
-159
-319
-417
-480
-525
-569
-616
-671
-730
-791
-850
-905
-952
-991
-1022
-1044
-1060
-1071
-1077
-1079
-1079
-1077
-1072
-1067
-1061
-1052
-1044
-1035
-1024
-1014
-1004
-993
-983
-973
-965
-955
-948
-941
-935
-930
-926
-922
-919
-918
-915
-915
-914
-914
-915
-915
-916
-918
-920
-922
-925
-927
-931
-935
-938
-943
-948
-954
-960
-967
-974
-981
-988
-994
-999
-1003
-1006
-1007
-1005
-1003
-998
-993
-987
-981
-975
-970
-968
-965
-963
-964
-964
-966
-968
-970
-972
-974
-976
-978
-979
-981
-983
-985
-986
-988
-990
-994
-995
-997
-1000
-1001
-1003
-1005
-1008
-1011
-1013
-1016
-1018
-1022
-1026
-1029
-1034
-1037
-1042
-1045
-1048
-1051
-1054
-1056
-1057
-1057
-1058
-1058
-1056
-1055
-1054
-1052
-1050
-1049
-1046
-1045
-1042
-1040
-1039
-1037
-1035
-1034
-1033
-1032
-1029
-1028
-1024
-1023
-1020
-1016
-1013
-1009
-1005
-1001
-998
-994
-990
-988
-984
-982
-981
-980
-981
-981
-983
-984
-986
-988
-990
-991
-992
-993
-993
-994
-995
-994
-994
-993
-993
-992
-992
-991
-990
-988
-986
-983
-980
-976
-972
-968
-963
-959
-954
-951
-948
-945
-943
-941
-939
-938
-938
-937
-937
-938
-939
-940
-941
-942
-943
-943
-944
-943
-942
-940
-937
-934
-930
-927
-923
-919
-915
-911
-908
-906
-904
-901
-899
-896
-893
-890
-887
-884
-881
-878
-874
-871
-868
-864
-861
-859
-856
-854
-851
-847
-843
-839
-834
-828
-821
-814
-806
-798
-791
-782
-774
-767
-759
-751
-744
-738
-730
-724
-717
-710
-703
-696
-691
-685
-680
-677
-675
-674
-674
-676
-678
-681
-684
-687
-689
-691
-691
-691
-689
-687
-684
-681
-676
-671
-666
-660
-653
-646
-637
-627
-617
-604
-593
-581
-569
-558
-549
-539
-532
-525
-520
-515
-512
-509
-506
-505
-502
-500
-499
-497
-496
-495
-494
-493
-493
-494
-495
-497
-498
-499
-501
-504
-505
-507
-509
-510
-511
-511
-511
-511
-510
-509
-508
-508
-509
-510
-510
-514
-517
-520
-524
-529
-534
-538
-542
-545
-548
-551
-553
-553
-554
-555
-556
-556
-556
-556
-555
-555
-554
-553
-551
-549
-547
-543
-540
-537
-531
-526
-519
-511
-503
-494
-485
-476
-467
-457
-449
-441
-433
-425
-418
-410
-403
-396
-389
-380
-374
-366
-360
-352
-346
-338
-330
-323
-316
-309
-302
-295
-289
-283
-278
-274
-270
-268
-265
-263
-261
-260
-258
-257
-255
-253
-251
-249
-246
-243
-239
-236
-233
-229
-225
-223
-221
-219
-217
-215
-215
-214
-213
-212
-210
-208
-206
-203
-200
-197
-194
-190
-187
-184
-181
-180
-178
-176
-175
-174
-174
-173
-173
-172
-173
-173
-174
-175
-176
-178
-181
-183
-186
-189
-192
-195
-198
-200
-203
-203
-205
-206
-206
-207
-208
-210
-211
-214
-216
-220
-223
-226
-229
-232
-235
-236
-238
-240
-241
-242
-244
-247
-249
-253
-256
-261
-265
-269
-274
-279
-283
-287
-291
-296
-299
-304
-309
-313
-317
-324
-328
-333
-338
-343
-347
-353
-358
-364
-370
-376
-381
-386
-391
-397
-402
-407
-412
-417
-422
-428
-433
-439
-446
-452
-460
-467
-475
-482
-489
-497
-503
-511
-517
-523
-529
-534
-539
-544
-548
-552
-556
-559
-562
-565
-568
-572
-576
-580
-585
-590
-596
-603
-611
-618
-625
-632
-639
-646
-650
-655
-658
-661
-662
-663
-662
-660
-657
-650
-642
-629
-613
-590
-561
-523
-477
-423
-362
-299
-237
-181
-134
-98
-74
-51
-19
41
161
373
711
1201
1843
2047
2047
2047
2047
2047
2047
2047
2047
2047
2047
2047
2047
2047
2047
2047
2047
2047
2047
2047
2047
2047
2047
2047
2047
2047
2047
2047
2047
2047
2047
2047
2047
2047
2047
2047
2047
2047
2047
2047
2047
2047
2047
2047
2047
2047
2047
2047
2047
2047
2047
2047
1706
1059
532
134
-142
-321
-431
-499
-546
-588
-633
-683
-739
-798
-857
-912
-960
-1000
-1031
-1054
-1070
-1080
-1086
-1088
-1087
-1084
-1079
-1072
-1065
-1055
-1044
-1033
-1021
-1009
-997
-985
-973
-961
-950
-940
-930
-921
-914
-907
-900
-895
-891
-888
-886
-884
-882
-881
-880
-881
-882
-883
-885
-887
-890
-894
-898
-902
-906
-912
-918
-925
-932
-939
-948
-956
-966
-972
-980
-986
-990
-993
-993
-993
-991
-986
-982
-978
-973
-970
-968
-966
-966
-967
-970
-972
-974
-978
-981
-985
-987
-990
-992
-995
-997
-999
-1002
-1004
-1006
-1008
-1011
-1013
-1015
-1017
-1019
-1020
-1021
-1023
-1025
-1026
-1029
-1031
-1033
-1035
-1037
-1039
-1043
-1045
-1046
-1048
-1048
-1049
-1049
-1048
-1047
-1049
-1043
-1040
-1037
-1034
-1032
-1028
-1025
-1022
-1019
-1017
-1014
-1012
-1010
-1009
-1007
-1006
-1004
-1003
-1001
-998
-996
-994
-991
-988
-985
-982
-979
-977
-973
-970
-969
-968
-967
-967
-968
-968
-970
-973
-975
-978
-980
-983
-985
-987
-988
-990
-991
-992
-992
-993
-993
-995
-994
-994
-994
-993
-992
-991
-989
-985
-982
-980
-975
-972
-969
-966
-964
-961
-959
-958
-958
-957
-957
-957
-959
-958
-960
-961
-962
-962
-963
-964
-963
-962
-961
-959
-956
-953
-950
-947
-943
-939
-937
-934
-931
-928
-926
-922
-918
-915
-912
-908
-904
-900
-895
-890
-887
-882
-878
-875
-871
-867
-863
-859
-855
-850
-846
-839
-832
-824
-815
-807
-798
-787
-778
-769
-759
-749
-741
-732
-725
-717
-710
-702
-695
-687
-680
-673
-667
-662
-657
-653
-651
-650
-651
-652
-655
-659
-663
-667
-670
-673
-674
-675
-675
-674
-672
-669
-666
-663
-659
-655
-650
-644
-637
-630
-620
-610
-601
-590
-580
-571
-562
-554
-548
-542
-537
-533
-530
-527
-525
-523
-521
-519
-517
-515
-513
-511
-510
-509
-508
-508
-506
-507
-508
-509
-509
-510
-511
-511
-512
-513
-513
-513
-512
-510
-509
-507
-506
-505
-504
-504
-505
-506
-508
-511
-515
-518
-522
-526
-529
-532
-534
-537
-537
-539
-539
-540
-540
-541
-541
-541
-541
-540
-540
-539
-538
-536
-534
-533
-531
-528
-524
-518
-513
-506
-499
-491
-483
-474
-466
-457
-449
-442
-435
-428
-422
-415
-409
-403
-398
-392
-386
-380
-374
-369
-363
-357
-351
-346
-340
-336
-328
-323
-317
-312
-307
-304
-300
-297
-295
-294
-292
-290
-288
-287
-285
-284
-281
-279
-276
-273
-270
-267
-263
-260
-256
-253
-251
-249
-247
-246
-244
-242
-242
-239
-237
-235
-233
-229
-225
-221
-216
-212
-208
-203
-199
-196
-192
-190
-188
-184
-182
-180
-178
-176
-175
-174
-174
-173
-173
-173
-175
-176
-178
-181
-183
-185
-187
-189
-190
-191
-192
-192
-193
-194
-194
-195
-197
-198
-201
-203
-206
-209
-212
-215
-216
-219
-219
-221
-222
-223
-224
-226
-228
-232
-235
-240
-245
-249
-253
-258
-262
-268
-272
-277
-283
-287
-294
-299
-306
-311
-318
-323
-330
-336
-342
-350
-356
-362
-369
-376
-383
-390
-397
-403
-409
-415
-420
-426
-431
-437
-442
-448
-455
-461
-468
-474
-481
-487
-494
-500
-505
-510
-515
-521
-525
-529
-533
-536
-539
-541
-544
-550
-550
-552
-554
-557
-560
-563
-569
-574
-580
-587
-594
-601
-610
-618
-626
-633
-639
-645
-649
-653
-657
-658
-659
-659
-657
-653
-647
-637
-622
-602
-576
-541
-497
-446
-387
-326
-264
-207
-159
-122
-96
-75
-48
5
112
307
622
1087
1707
2047
2047
2047
2047
2047
2047
2047
2047
2047
2047
2047
2047
2047
2047
2047
2047
2047
2047
2047
2047
2047
2047
2047
2047
2047
2047
2047
2047
2047
2047
2047
2047
2047
2047
2047
2047
2047
2047
2047
2047
2047
2047
2047
2047
2047
2047
2047
2047
2047
2047
2047
1762
1108
575
171
-111
-295
-408
-478
-527
-569
-614
-665
-721
-782
-841
-896
-945
-986
-1018
-1042
-1059
-1070
-1076
-1078
-1079
-1076
-1071
-1065
-1058
-1050
-1040
-1030
-1019
-1008
-997
-985
-973
-963
-953
-943
-934
-925
-917
-911
-905
-901
-896
-892
-889
-888
-885
-884
-884
-883
-885
-885
-887
-888
-891
-894
-896
-900
-904
-909
-914
-920
-927
-934
-942
-950
-958
-966
-972
-978
-983
-985
-986
-985
-983
-980
-975
-971
-966
-962
-960
-958
-957
-958
-960
-962
-966
-969
-972
-975
-978
-981
-983
-985
-988
-989
-991
-994
-996
-999
-1001
-1003
-1005
-1007
-1009
-1010
-1013
-1015
-1016
-1018
-1020
-1023
-1026
-1029
-1032
-1035
-1038
-1042
-1045
-1048
-1049
-1051
-1052
-1052
-1052
-1050
-1050
-1048
-1046
-1044
-1042
-1039
-1036
-1034
-1032
-1030
-1028
-1027
-1025
-1024
-1023
-1022
-1021
-1020
-1017
-1017
-1015
-1013
-1010
-1008
-1005
-1001
-998
-995
-992
-990
-989
-988
-987
-988
-989
-991
-993
-996
-999
-1001
-1004
-1007
-1009
-1011
-1012
-1013
-1013
-1014
-1014
-1014
-1014
-1013
-1013
-1012
-1011
-1009
-1008
-1005
-1001
-998
-994
-990
-985
-980
-975
-971
-967
-964
-961
-959
-956
-955
-953
-953
-953
-952
-952
-952
-953
-953
-953
-953
-952
-952
-950
-947
-945
-942
-939
-934
-930
-927
-924
-921
-917
-914
-912
-909
-906
-904
-901
-898
-895
-893
-889
-886
-884
-880
-878
-876
-874
-871
-867
-864
-861
-857
-852
-847
-841
-834
-826
-818
-809
-800
-791
-781
-772
-762
-753
-744
-736
-727
-719
-711
-702
-695
-687
-679
-671
-666
-660
-656
-653
-652
-651
-653
-656
-659
-662
-666
-670
-673
-674
-675
-674
-673
-670
-668
-664
-660
-656
-651
-644
-638
-630
-621
-612
-601
-590
-579
-569
-558
-547
-539
-532
-524
-518
-515
-511
-509
-506
-503
-501
-499
-497
-495
-493
-491
-490
-488
-488
-487
-488
-488
-488
-489
-490
-492
-493
-495
-495
-497
-498
-498
-498
-498
-497
-496
-496
-496
-496
-497
-500
-502
-506
-510
-515
-520
-526
-531
-536
-541
-545
-549
-551
-553
-556
-558
-559
-561
-562
-562
-563
-564
-564
-563
-562
-560
-559
-556
-554
-551
-546
-541
-535
-527
-519
-511
-502
-492
-483
-473
-464
-456
-447
-439
-431
-424
-416
-409
-402
-395
-388
-381
-373
-366
-359
-352
-345
-339
-332
-325
-318
-311
-306
-300
-295
-292
-288
-286
-283
-281
-279
-278
-277
-275
-273
-271
-269
-267
-264
-261
-258
-253
-250
-248
-244
-242
-239
-237
-236
-235
-234
-234
-233
-233
-232
-230
-228
-226
-223
-221
-218
-215
-211
-208
-205
-202
-200
-198
-195
-193
-191
-190
-188
-187
-185
-184
-183
-182
-181
-182
-181
-182
-183
-183
-186
-186
-188
-189
-189
-189
-188
-189
-188
-187
-187
-188
-188
-190
-191
-194
-196
-199
-201
-203
-205
-207
-208
-209
-209
-210
-212
-212
-214
-217
-220
-223
-227
-231
-235
-239
-243
-247
-251
-255
-261
-266
-271
-277
-282
-288
-294
-299
-306
-312
-319
-325
-333
-339
-347
-354
-363
-370
-377
-384
-392
-399
-407
-414
-421
-429
-435
-443
-451
-459
-469
-477
-484
-492
-500
-508
-516
-523
-530
-536
-541
-547
-552
-557
-561
-565
-568
-572
-575
-579
-581
-585
-589
-593
-598
-603
-610
-617
-625
-633
-641
-649
-656
-664
-670
-677
-681
-684
-687
-689
-690
-690
-688
-684
-678
-667
-653
-633
-606
-572
-529
-478
-419
-357
-293
-235
-184
-145
-117
-95
-68
-19
77
256
549
989
1585
2047
2047
2047
2047
2047
2047
2047
2047
2047
2047
2047
2047
2047
2047
2047
2047
2047
2047
2047
2047
2047
2047
2047
2047
2047
2047
2047
2047
2047
2047
2047
2047
2047
2047
2047
2047
2047
2047
2047
2047
2047
2047
2047
2047
2047
2047
2047
2047
2047
2047
2047
1957
1277
710
271
-44
-253
-384
-465
-519
-564
-607
-657
-713
-772
-832
-890
-941
-985
-1021
-1048
-1068
-1081
-1089
-1094
-1095
-1093
-1089
-1083
-1077
-1069
-1060
-1050
-1039
-1028
-1015
-1004
-993
-981
-970
-960
-950
-941
-933
-926
-920
-914
-909
-904
-901
-898
-896
-894
-892
-891
-892
-891
-891
-893
-894
-895
-897
-900
-903
-906
-910
-915
-920
-925
-932
-939
-946
-952
-958
-964
-968
-971
-972
-971
-969
-965
-960
-956
-950
-946
-943
-941
-940
-941
-943
-945
-948
-952
-956
-960
-964
-967
-971
-974
-978
-982
-986
-990
-993
-997
-1001
-1006
-1009
-1013
-1018
-1021
-1025
-1028
-1033
-1038
-1042
-1046
-1051
-1056
-1061
-1066
-1071
-1075
-1079
-1083
-1086
-1088
-1090
-1090
-1091
-1090
-1090
-1088
-1086
-1083
-1081
-1082
-1075
-1072
-1068
-1065
-1063
-1061
-1057
-1056
-1053
-1050
-1048
-1044
-1041
-1038
-1034
-1030
-1026
-1020
-1015
-1010
-1004
-999
-994
-990
-986
-983
-981
-979
-978
-979
-979
-981
-982
-984
-985
-986
-987
-988
-989
-989
-989
-989
-989
-989
-989
-989
-989
-988
-988
-987
-986
-985
-982
-979
-976
-973
-969
-966
-963
-960
-957
-956
-954
-953
-952
-952
-952
-953
-954
-955
-957
-958
-959
-961
-963
-963
-963
-964
-962
-960
-958
-954
-951
-947
-944
-940
-937
-933
-930
-927
-924
-921
-919
-916
-913
-910
-906
-903
-899
-895
-891
-888
-886
-881
-878
-874
-870
-867
-863
-859
-855
-850
-844
-838
-831
-823
-814
-806
-797
-787
-777
-767
-758
-748
-739
-730
-722
-711
-703
-694
-685
-677
-669
-661
-655
-649
-645
-642
-640
-640
-642
-644
-646
-649
-651
-653
-654
-655
-654
-653
-651
-649
-646
-642
-639
-635
-630
-624
-618
-611
-602
-595
-584
-574
-564
-556
-547
-539
-533
-526
-522
-519
-517
-516
-514
-514
-513
-513
-513
-512
-512
-512
-513
-514
-515
-516
-517
-519
-521
-523
-525
-527
-530
-532
-534
-536
-538
-537
-537
-537
-536
-535
-535
-533
-533
-532
-532
-533
-536
-538
-542
-545
-550
-554
-558
-560
-563
-565
-566
-568
-568
-569
-569
-570
-569
-568
-568
-567
-566
-564
-562
-560
-558
-554
-551
-546
-541
-534
-527
-519
-510
-501
-492
-482
-471
-461
-451
-442
-434
-425
-417
-408
-401
-394
-387
-381
-374
-367
-361
-354
-348
-342
-336
-330
-324
-318
-312
-307
-302
-297
-293
-290
-287
-285
-283
-282
-281
-280
-280
-279
-278
-277
-275
-273
-271
-268
-266
-262
-260
-255
-253
-250
-247
-245
-243
-241
-239
-238
-236
-235
-233
-231
-228
-224
-220
-216
-211
-207
-201
-197
-193
-189
-186
-181
-179
-177
-174
-172
-170
-168
-167
-166
-165
-165
-164
-164
-164
-165
-166
-169
-170
-171
-173
-175
-175
-176
-177
-176
-176
-177
-177
-178
-179
-180
-183
-185
-188
-192
-195
-198
-201
-204
-208
-209
-212
-213
-215
-218
-221
-225
-229
-234
-239
-244
-249
-254
-259
-264
-269
-274
-279
-286
-290
-295
-300
-306
-311
-317
-323
-329
-334
-340
-346
-353
-359
-366
-373
-380
-387
-393
-400
-406
-411
-419
-424
-431
-438
-445
-453
-461
-469
-478
-487
-495
-504
-512
-520
-528
-535
-543
-550
-556
-562
-567
-572
-578
-582
-586
-589
-593
-596
-600
-603
-607
-611
-616
-622
-629
-635
-642
-650
-656
-664
-670
-675
-679
-684
-686
-688
-689
-690
-688
-685
-681
-674
-664
-649
-630
-604
-571
-529
-478
-421
-358
-295
-235
-182
-141
-111
-88
-63
-18
71
234
510
926
1498
2047
2047
2047
2047
2047
2047
2047
2047
2047
2047
2047
2047
2047
2047
2047
2047
2047
2047
2047
2047
2047
2047
2047
2047
2047
2047
2047
2047
2047
2047
2047
2047
2047
2047
2047
2047
2047
2047
2047
2047
2047
2047
2047
2047
2047
2047
2047
2047
2047
2047
2047
2047
1451
853
381
36
-198
-345
-437
-495
-540
-583
-631
-685
-744
-804
-863
-916
-962
-999
-1030
-1051
-1066
-1076
-1082
-1084
-1083
-1081
-1076
-1070
-1064
-1055
-1046
-1036
-1026
-1014
-1003
-992
-982
-971
-961
-952
-944
-936
-929
-923
-918
-913
-910
-907
-905
-903
-901
-901
-901
-901
-901
-903
-904
-906
-909
-911
-914
-918
-921
-926
-930
-936
-941
-948
-954
-961
-969
-974
-980
-984
-986
-987
-986
-983
-979
-974
-969
-963
-958
-953
-951
-949
-949
-949
-952
-955
-958
-962
-966
-969
-973
-976
-980
-984
-987
-991
-994
-998
-1002
-1006
-1010
-1013
-1018
-1021
-1025
-1028
-1032
-1035
-1040
-1043
-1047
-1050
-1055
-1059
-1063
-1067
-1073
-1075
-1078
-1081
-1083
-1085
-1085
-1085
-1085
-1083
-1082
-1080
-1077
-1075
-1072
-1069
-1066
-1063
-1060
-1057
-1055
-1052
-1050
-1048
-1046
-1043
-1040
-1037
-1034
-1030
-1026
-1022
-1017
-1012
-1006
-1001
-996
-992
-987
-983
-979
-977
-975
-975
-974
-974
-976
-977
-979
-981
-983
-984
-985
-987
-987
-988
-989
-990
-990
-990
-990
-990
-990
-990
-989
-989
-987
-985
-983
-980
-977
-973
-970
-966
-962
-959
-956
-954
-952
-950
-949
-949
-948
-948
-947
-948
-949
-949
-949
-950
-950
-950
-949
-948
-946
-942
-939
-936
-931
-928
-922
-918
-914
-910
-907
-904
-899
-895
-892
-889
-885
-881
-877
-873
-869
-866
-862
-859
-855
-852
-848
-847
-843
-840
-837
-833
-829
-824
-819
-812
-806
-798
-791
-783
-774
-766
-758
-750
-742
-735
-728
-722
-715
-708
-702
-696
-689
-683
-678
-672
-668
-665
-663
-661
-662
-663
-666
-669
-672
-676
-678
-679
-680
-679
-677
-675
-672
-668
-664
-659
-654
-648
-642
-635
-626
-618
-608
-599
-588
-578
-568
-559
-551
-544
-538
-534
-530
-528
-526
-524
-523
-522
-520
-520
-519
-517
-516
-516
-515
-515
-515
-516
-515
-516
-517
-518
-520
-521
-525
-523
-523
-524
-523
-523
-522
-521
-518
-517
-515
-513
-513
-513
-513
-516
-518
-521
-525
-530
-534
-536
-539
-542
-544
-547
-548
-549
-549
-550
-550
-551
-551
-551
-551
-550
-550
-549
-548
-546
-545
-542
-539
-535
-530
-525
-519
-512
-503
-495
-485
-477
-469
-460
-451
-443
-435
-427
-420
-413
-406
-398
-392
-384
-378
-371
-364
-356
-350
-343
-335
-329
-322
-315
-309
-302
-297
-292
-286
-283
-279
-276
-273
-272
-269
-268
-266
-264
-261
-258
-255
-252
-248
-244
-239
-236
-232
-227
-223
-220
-216
-213
-211
-209
-208
-206
-204
-202
-200
-197
-193
-190
-185
-181
-177
-172
-169
-164
-161
-158
-155
-153
-151
-150
-149
-148
-148
-147
-148
-149
-150
-152
-154
-156
-159
-164
-168
-173
-177
-182
-186
-189
-193
-196
-199
-201
-203
-205
-207
-209
-213
-216
-220
-223
-228
-231
-235
-239
-242
-244
-246
-247
-249
-250
-252
-254
-256
-259
-262
-266
-270
-274
-278
-282
-286
-290
-293
-298
-302
-307
-311
-315
-320
-325
-330
-334
-339
-344
-349
-353
-359
-363
-369
-374
-380
-385
-390
-395
-399
-404
-408
-413
-418
-423
-428
-434
-440
-447
-455
-461
-469
-475
-483
-490
-497
-505
-511
-518
-523
-530
-535
-541
-546
-552
-557
-562
-567
-572
-578
-582
-588
-594
-602
-610
-617
-627
-636
-645
-653
-663
-670
-677
-684
-689
-693
-696
-699
-700
-700
-698
-695
-689
-680
-667
-649
-625
-594
-555
-506
-452
-390
-327
-265
-210
-165
-131
-106
-83
-48
21
153
383
743
1257
1921
2047
2047
2047
2047
2047
2047
2047
2047
2047
2047
2047
2047
2047
2047
2047
2047
2047
2047
2047
2047
2047
2047
2047
2047
2047
2047
2047
2047
2047
2047
2047
2047
2047
2047
2047
2047
2047
2047
2047
2047
2047
2047
2047
2047
2047
2047
2047
2047
2047
2047
2047
1673
1036
520
136
-131
-304
-410
-478
-527
-571
-618
-672
-730
-792
-852
-909
-959
-998
-1031
-1056
-1073
-1086
-1093
-1096
-1097
-1095
-1092
-1087
-1081
-1074
-1065
-1056
-1046
-1036
-1025
-1015
-1004
-994
-984
-975
-967
-959
-951
-945
-940
-934
-930
-927
-924
-921
-919
-918
-916
-917
-917
-917
-918
-920
-921
-923
-926
-929
-932
-936
-940
-945
-950
-957
-964
-970
-976
-983
-988
-992
-995
-995
-995
-992
-988
-983
-974
-969
-962
-957
-953
-949
-948
-947
-948
-950
-951
-955
-956
-959
-959
-962
-965
-966
-969
-972
-975
-977
-981
-983
-987
-991
-993
-998
-1001
-1005
-1007
-1011
-1015
-1018
-1024
-1028
-1033
-1038
-1043
-1049
-1053
-1058
-1062
-1066
-1069
-1073
-1074
-1076
-1077
-1078
-1077
-1076
-1075
-1074
-1072
-1071
-1068
-1067
-1065
-1063
-1062
-1061
-1059
-1058
-1057
-1056
-1053
-1052
-1050
-1047
-1043
-1039
-1035
-1031
-1026
-1021
-1017
-1012
-1007
-1003
-999
-996
-993
-991
-990
-988
-988
-988
-987
-988
-988
-987
-987
-986
-985
-984
-983
-981
-980
-978
-977
-976
-974
-973
-971
-968
-966
-963
-960
-955
-952
-948
-944
-939
-935
-931
-928
-926
-924
-922
-921
-920
-920
-920
-921
-923
-924
-925
-927
-928
-929
-930
-931
-930
-930
-929
-926
-924
-921
-918
-916
-913
-911
-908
-906
-905
-904
-903
-901
-899
-898
-896
-894
-892
-890
-888
-886
-884
-882
-880
-878
-875
-873
-871
-868
-866
-862
-857
-852
-846
-839
-831
-823
-815
-806
-797
-790
-780
-772
-763
-755
-747
-739
-732
-723
-716
-709
-701
-693
-687
-682
-677
-674
-673
-674
-675
-677
-681
-684
-687
-690
-691
-691
-689
-688
-684
-680
-677
-671
-666
-660
-653
-647
-639
-630
-620
-609
-598
-586
-574
-563
-552
-542
-533
-525
-518
-514
-510
-505
-503
-501
-499
-498
-496
-495
-494
-494
-493
-493
-494
-494
-495
-497
-498
-501
-503
-505
-508
-509
-512
-515
-515
-517
-518
-518
-518
-518
-518
-517
-517
-518
-519
-520
-522
-526
-530
-534
-539
-543
-548
-552
-556
-558
-561
-563
-564
-565
-566
-567
-566
-567
-567
-567
-566
-565
-563
-562
-559
-557
-554
-550
-546
-539
-533
-526
-519
-509
-500
-490
-480
-470
-460
-451
-441
-432
-423
-415
-407
-399
-390
-383
-375
-367
-360
-352
-344
-336
-328
-320
-312
-305
-297
-289
-282
-275
-269
-263
-258
-253
-250
-247
-245
-242
-240
-239
-237
-235
-233
-232
-229
-226
-224
-222
-219
-216
-214
-211
-208
-207
-206
-207
-206
-207
-207
-207
-208
-208
-208
-207
-205
-204
-202
-200
-198
-196
-194
-191
-190
-189
-188
-186
-186
-186
-185
-185
-185
-185
-185
-185
-185
-187
-187
-190
-192
-194
-197
-199
-202
-205
-207
-209
-210
-211
-212
-213
-214
-215
-217
-219
-221
-225
-227
-231
-235
-238
-241
-243
-245
-248
-248
-249
-251
-253
-254
-256
-259
-262
-265
-269
-272
-276
-280
-282
-286
-289
-292
-296
-299
-303
-307
-311
-316
-319
-324
-329
-333
-338
-343
-348
-353
-359
-364
-370
-376
-381
-386
-391
-397
-401
-406
-411
-417
-423
-429
-436
-442
-450
-456
-463
-471
-478
-485
-491
-498
-504
-510
-515
-521
-526
-531
-535
-539
-544
-548
-552
-556
-560
-564
-569
-575
-581
-588
-596
-604
-613
-622
-632
-642
-651
-658
-666
-672
-678
-683
-686
-689
-690
-690
-689
-684
-677
-667
-652
-631
-603
-566
-522
-468
-409
-346
-284
-225
-177
-140
-112
-90
-60
-2
109
309
631
1102
1729
2047
2047
2047
2047
2047
2047
2047
2047
2047
2047
2047
2047
2047
2047
2047
2047
2047
2047
2047
2047
2047
2047
2047
2047
2047
2047
2047
2047
2047
2047
2047
2047
2047
2047
2047
2047
2047
2047
2047
2047
2047
2047
2047
2047
2047
2047
2047
2047
2047
2047
2047
1804
1142
599
187
-104
-295
-413
-486
-537
-582
-627
-680
-739
-799
-859
-917
-967
-1009
-1044
-1069
-1087
-1099
-1106
-1109
-1110
-1107
-1104
-1098
-1091
-1082
-1072
-1062
-1051
-1038
-1027
-1015
-1003
-992
-981
-971
-961
-951
-944
-937
-931
-925
-921
-917
-913
-910
-908
-906
-905
-904
-904
-904
-905
-906
-907
-909
-911
-914
-916
-920
-925
-929
-934
-940
-947
-953
-960
-966
-973
-977
-980
-982
-982
-980
-977
-972
-967
-962
-957
-953
-951
-948
-947
-948
-950
-953
-955
-959
-963
-966
-968
-972
-974
-977
-979
-981
-984
-987
-990
-992
-995
-998
-1000
-1003
-1005
-1007
-1010
-1013
-1015
-1018
-1020
-1024
-1028
-1033
-1036
-1040
-1043
-1047
-1051
-1055
-1057
-1060
-1062
-1062
-1063
-1062
-1063
-1061
-1060
-1058
-1056
-1054
-1052
-1050
-1047
-1046
-1043
-1042
-1040
-1038
-1037
-1034
-1033
-1030
-1028
-1025
-1022
-1018
-1015
-1011
-1006
-1003
-998
-993
-990
-987
-983
-980
-978
-976
-976
-976
-976
-977
-978
-980
-980
-981
-982
-983
-984
-984
-984
-984
-983
-982
-982
-981
-980
-979
-977
-976
-974
-971
-967
-964
-959
-955
-951
-947
-943
-940
-937
-935
-934
-933
-932
-932
-933
-934
-935
-936
-939
-940
-943
-945
-946
-948
-949
-949
-949
-948
-947
-945
-942
-938
-935
-932
-929
-926
-924
-921
-919
-917
-914
-910
-907
-904
-901
-898
-895
-891
-887
-883
-880
-876
-873
-870
-866
-862
-859
-854
-849
-844
-838
-831
-823
-814
-805
-797
-788
-778
-769
-759
-750
-743
-734
-726
-719
-712
-704
-697
-688
-682
-675
-670
-665
-662
-659
-657
-658
-660
-662
-665
-669
-672
-675
-676
-678
-678
-677
-675
-673
-670
-667
-662
-658
-653
-648
-641
-634
-625
-615
-604
-593
-581
-570
-559
-549
-540
-532
-526
-520
-517
-513
-510
-507
-505
-503
-500
-499
-497
-494
-492
-491
-490
-489
-490
-489
-490
-491
-492
-494
-496
-498
-500
-501
-502
-504
-504
-504
-504
-504
-503
-502
-501
-502
-503
-503
-506
-508
-513
-517
-522
-526
-530
-535
-539
-542
-545
-547
-548
-550
-551
-551
-552
-553
-553
-553
-553
-552
-551
-550
-549
-547
-544
-541
-538
-534
-528
-521
-514
-507
-498
-489
-480
-470
-461
-453
-444
-436
-427
-420
-413
-406
-398
-391
-385
-378
-371
-365
-357
-351
-344
-338
-331
-324
-318
-310
-304
-298
-293
-288
-283
-279
-277
-274
-272
-270
-268
-266
-266
-263
-261
-259
-257
-254
-251
-248
-244
-241
-238
-235
-233
-231
-229
-229
-228
-228
-227
-227
-226
-225
-223
-221
-219
-216
-213
-210
-205
-202
-198
-196
-193
-190
-187
-185
-183
-182
-181
-179
-179
-178
-177
-177
-176
-176
-178
-179
-180
-183
-185
-188
-190
-192
-194
-196
-198
-198
-198
-199
-199
-200
-201
-202
-205
-207
-210
-214
-217
-220
-223
-225
-228
-230
-231
-233
-235
-236
-239
-242
-244
-249
-253
-257
-262
-267
-271
-275
-280
-284
-289
-294
-299
-303
-308
-313
-319
-323
-329
-334
-338
-343
-348
-354
-360
-364
-370
-376
-381
-387
-391
-396
-401
-405
-410
-414
-419
-424
-429
-435
-440
-445
-452
-458
-464
-469
-474
-480
-485
-491
-495
-500
-503
-507
-511
-514
-518
-520
-523
-526
-529
-531
-535
-539
-542
-547
-554
-560
-567
-576
-585
-592
-603
-610
-619
-627
-633
-640
-644
-649
-653
-655
-656
-656
-655
-651
-643
-631
-613
-589
-557
-518
-469
-413
-353
-293
-237
-189
-153
-127
-108
-84
-38
56
232
522
959
1551
2047
2047
2047
2047
2047
2047
2047
2047
2047
2047
2047
2047
2047
2047
2047
2047
2047
2047
2047
2047
2047
2047
2047
2047
2047
2047
2047
2047
2047
2047
2047
2047
2047
2047
2047
2047
2047
2047
2047
2047
2047
2047
2047
2047
2047
2047
2047
2047
2047
2047
2047
1912
1240
685
260
-41
-240
-363
-439
-491
-535
-581
-632
-690
-750
-812
-870
-922
-965
-1001
-1028
-1048
-1061
-1071
-1076
-1078
-1078
-1076
-1072
-1068
-1062
-1053
-1046
-1037
-1028
-1018
-1009
-998
-989
-980
-971
-963
-955
-949
-943
-937
-933
-929
-926
-923
-921
-919
-918
-917
-916
-917
-917
-918
-919
-920
-922
-924
-928
-930
-933
-937
-942
-947
-953
-958
-965
-971
-976
-982
-986
-990
-991
-990
-989
-985
-979
-974
-968
-962
-957
-952
-949
-947
-946
-947
-948
-950
-952
-955
-958
-960
-962
-965
-966
-968
-970
-972
-975
-976
-980
-982
-985
-986
-989
-991
-994
-995
-997
-1000
-1002
-1005
-1008
-1011
-1015
-1018
-1022
-1026
-1029
-1032
-1034
-1037
-1039
-1040
-1041
-1041
-1041
-1041
-1040
-1038
-1036
-1035
-1033
-1031
-1029
-1028
-1027
-1025
-1024
-1024
-1024
-1023
-1023
-1023
-1022
-1022
-1020
-1019
-1017
-1015
-1013
-1011
-1008
-1006
-1003
-1000
-998
-996
-994
-993
-995
-995
-997
-999
-1002
-1006
-1009
-1011
-1014
-1017
-1019
-1021
-1021
-1022
-1022
-1023
-1023
-1022
-1022
-1021
-1020
-1018
-1016
-1015
-1012
-1009
-1005
-1001
-995
-990
-985
-980
-974
-969
-965
-961
-958
-955
-953
-951
-949
-947
-947
-946
-946
-945
-944
-944
-943
-942
-940
-938
-935
-931
-927
-923
-918
-914
-909
-905
-901
-898
-895
-892
-888
-886
-883
-880
-878
-876
-873
-870
-867
-865
-863
-861
-859
-856
-856
-853
-851
-850
-848
-845
-842
-838
-832
-827
-821
-814
-806
-799
-790
-782
-774
-766
-759
-752
-745
-738
-731
-724
-716
-710
-703
-696
-690
-685
-681
-678
-676
-675
-676
-677
-680
-684
-687
-690
-692
-693
-693
-692
-690
-687
-683
-678
-674
-668
-663
-656
-649
-640
-629
-618
-608
-595
-583
-571
-559
-547
-538
-528
-521
-515
-509
-504
-500
-496
-493
-489
-487
-484
-480
-478
-475
-474
-473
-471
-471
-471
-471
-471
-472
-473
-475
-475
-477
-478
-480
-480
-482
-482
-482
-481
-481
-481
-481
-483
-484
-486
-490
-494
-498
-504
-510
-516
-522
-528
-533
-538
-542
-546
-549
-552
-555
-557
-560
-562
-564
-566
-567
-569
-570
-570
-570
-569
-568
-567
-565
-562
-557
-552
-545
-538
-530
-521
-513
-505
-495
-486
-478
-469
-461
-453
-446
-438
-430
-422
-416
-408
-400
-392
-385
-377
-371
-363
-356
-348
-340
-333
-326
-320
-313
-307
-303
-298
-294
-291
-287
-284
-282
-278
-276
-272
-269
-265
-261
-256
-252
-247
-241
-235
-230
-225
-221
-217
-213
-210
-207
-205
-204
-201
-199
-197
-195
-193
-191
-188
-185
-183
-180
-178
-176
-174
-173
-172
-172
-172
-172
-173
-174
-174
-175
-175
-177
-179
-181
-183
-185
-188
-191
-194
-199
-203
-206
-210
-212
-216
-217
-219
-219
-221
-222
-223
-224
-226
-227
-230
-232
-236
-238
-241
-243
-246
-248
-249
-250
-250
-251
-252
-252
-254
-256
-259
-262
-265
-269
-272
-276
-278
-282
-285
-289
-293
-297
-301
-304
-309
-313
-317
-322
-326
-330
-334
-340
-345
-349
-354
-360
-365
-371
-375
-380
-384
-389
-394
-398
-403
-408
-414
-419
-425
-431
-438
-444
-451
-458
-465
-472
-479
-484
-491
-496
-502
-507
-512
-517
-521
-525
-529
-533
-536
-540
-543
-547
-552
-557
-563
-569
-576
-583
-592
-601
-611
-620
-630
-638
-646
-653
-660
-666
-670
-675
-677
-679
-678
-677
-673
-666
-654
-638
-614
-584
-545
-497
-443
-383
-322
-265
-215
-176
-149
-129
-107
-67
16
172
438
845
1406
2047
2047
2047
2047
2047
2047
2047
2047
2047
2047
2047
2047
2047
2047
2047
2047
2047
2047
2047
2047
2047
2047
2047
2047
2047
2047
2047
2047
2047
2047
2047
2047
2047
2047
2047
2047
2047
2047
2047
2047
2047
2047
2047
2047
2047
2047
2047
2047
2047
2047
2047
2047
1432
844
382
47
-178
-321
-408
-466
-512
-557
-608
-665
-725
-787
-847
-902
-949
-988
-1018
-1041
-1057
-1069
-1075
-1081
-1081
-1080
-1077
-1074
-1069
-1062
-1055
-1046
-1037
-1028
-1018
-1008
-999
-990
-981
-973
-966
-959
-951
-947
-942
-938
-934
-931
-929
-926
-925
-924
-923
-922
-922
-921
-922
-923
-924
-925
-927
-929
-931
-935
-939
-943
-947
-953
-959
-964
-971
-975
-980
-983
-984
-984
-983
-979
-974
-968
-962
-954
-949
-944
-940
-937
-936
-937
-939
-940
-943
-946
-949
-951
-954
-957
-960
-963
-966
-969
-973
-977
-980
-983
-987
-991
-994
-998
-1002
-1006
-1009
-1012
-1016
-1020
-1024
-1029
-1032
-1037
-1041
-1046
-1049
-1054
-1057
-1060
-1063
-1063
-1065
-1066
-1065
-1065
-1064
-1062
-1061
-1059
-1056
-1053
-1051
-1050
-1048
-1046
-1044
-1043
-1042
-1041
-1040
-1039
-1037
-1036
-1034
-1032
-1029
-1027
-1023
-1020
-1016
-1012
-1009
-1005
-1001
-999
-997
-996
-995
-996
-996
-999
-1001
-1003
-1004
-1008
-1010
-1012
-1013
-1015
-1016
-1017
-1017
-1018
-1017
-1017
-1017
-1017
-1016
-1015
-1012
-1011
-1009
-1006
-1002
-997
-992
-987
-981
-977
-971
-967
-962
-958
-954
-952
-949
-948
-946
-944
-943
-942
-942
-941
-941
-941
-939
-939
-936
-934
-932
-929
-925
-921
-918
-914
-909
-906
-904
-901
-899
-897
-894
-892
-891
-888
-886
-884
-882
-879
-875
-873
-871
-868
-866
-863
-861
-859
-857
-854
-851
-848
-843
-839
-834
-827
-820
-812
-805
-796
-791
-779
-771
-763
-755
-747
-740
-733
-725
-717
-710
-702
-695
-689
-681
-675
-670
-666
-664
-662
-662
-662
-664
-666
-669
-671
-672
-673
-672
-670
-668
-665
-662
-657
-652
-646
-641
-635
-628
-620
-611
-601
-591
-580
-569
-557
-547
-537
-528
-520
-514
-508
-504
-502
-498
-496
-495
-493
-492
-491
-490
-489
-489
-488
-489
-489
-491
-492
-493
-495
-496
-498
-501
-503
-505
-507
-509
-510
-511
-513
-513
-513
-511
-511
-511
-511
-511
-512
-515
-517
-521
-525
-530
-536
-541
-545
-550
-553
-557
-561
-563
-564
-567
-568
-570
-571
-572
-573
-572
-573
-573
-571
-570
-569
-566
-564
-561
-556
-551
-545
-538
-530
-522
-514
-504
-495
-486
-476
-468
-459
-451
-443
-436
-428
-421
-413
-406
-398
-391
-384
-376
-369
-361
-354
-347
-339
-332
-324
-316
-309
-303
-296
-291
-285
-281
-277
-273
-270
-267
-264
-261
-258
-255
-252
-249
-245
-242
-236
-234
-230
-225
-223
-219
-216
-214
-213
-212
-210
-209
-209
-208
-207
-205
-204
-201
-198
-196
-191
-188
-185
-181
-177
-175
-172
-169
-167
-165
-164
-162
-161
-160
-160
-160
-159
-159
-159
-161
-163
-163
-166
-169
-172
-175
-178
-181
-183
-185
-187
-189
-190
-191
-193
-195
-197
-199
-203
-206
-210
-214
-218
-222
-225
-228
-231
-232
-234
-235
-237
-239
-241
-244
-247
-251
-254
-259
-263
-266
-271
-275
-279
-284
-289
-293
-298
-303
-308
-313
-320
-324
-330
-335
-341
-347
-352
-359
-365
-371
-378
-384
-391
-397
-403
-408
-415
-420
-425
-432
-437
-443
-449
-456
-463
-470
-477
-484
-491
-497
-504
-510
-516
-521
-527
-532
-536
-540
-544
-549
-552
-555
-558
-561
-565
-567
-572
-575
-580
-586
-591
-599
-606
-613
-622
-630
-638
-646
-652
-659
-664
-668
-672
-674
-676
-676
-676
-673
-667
-659
-646
-629
-605
-575
-536
-488
-431
-371
-308
-249
-197
-155
-125
-103
-81
-43
35
183
436
827
1372
2047
2047
2047
2047
2047
2047
2047
2047
2047
2047
2047
2047
2047
2047
2047
2047
2047
2047
2047
2047
2047
2047
2047
2047
2047
2047
2047
2047
2047
2047
2047
2047
2047
2047
2047
2047
2047
2047
2047
2047
2047
2047
2047
2047
2047
2047
2047
2047
2047
2047
2047
2047
1569
952
461
97
-152
-311
-408
-470
-515
-558
-604
-656
-714
-774
-832
-886
-934
-972
-1003
-1026
-1042
-1053
-1060
-1063
-1064
-1062
-1058
-1054
-1048
-1042
-1033
-1025
-1016
-1006
-997
-987
-979
-969
-961
-952
-946
-940
-933
-929
-925
-922
-919
-918
-916
-915
-914
-915
-915
-917
-917
-918
-921
-923
-925
-930
-933
-937
-941
-945
-950
-956
-962
-969
-976
-984
-991
-998
-1003
-1008
-1011
-1012
-1012
-1010
-1006
-1001
-995
-990
-985
-981
-977
-974
-973
-973
-975
-976
-978
-980
-982
-985
-986
-988
-990
-991
-993
-994
-997
-999
-1000
-1003
-1005
-1007
-1010
-1013
-1015
-1017
-1020
-1022
-1025
-1028
-1031
-1034
-1037
-1041
-1045
-1049
-1052
-1055
-1058
-1061
-1063
-1064
-1065
-1065
-1065
-1064
-1063
-1061
-1059
-1056
-1054
-1051
-1049
-1046
-1044
-1041
-1039
-1037
-1035
-1034
-1033
-1031
-1029
-1027
-1025
-1023
-1021
-1017
-1014
-1011
-1007
-1004
-1001
-997
-995
-993
-991
-990
-990
-991
-991
-994
-996
-998
-1001
-1003
-1005
-1007
-1009
-1010
-1011
-1011
-1012
-1012
-1012
-1012
-1013
-1011
-1011
-1011
-1010
-1009
-1007
-1003
-1001
-998
-994
-991
-987
-983
-979
-976
-973
-970
-968
-966
-965
-963
-962
-961
-960
-960
-960
-959
-959
-958
-956
-956
-954
-951
-948
-944
-939
-934
-928
-923
-917
-912
-906
-901
-896
-891
-887
-883
-879
-875
-871
-867
-863
-859
-855
-852
-848
-845
-842
-840
-837
-834
-831
-828
-827
-824
-820
-816
-811
-805
-799
-792
-785
-778
-769
-761
-754
-746
-739
-733
-725
-719
-714
-708
-701
-695
-689
-684
-679
-674
-671
-668
-667
-667
-668
-671
-675
-679
-684
-688
-691
-694
-695
-696
-696
-694
-692
-689
-685
-681
-677
-671
-665
-658
-650
-641
-632
-621
-609
-599
-588
-577
-568
-560
-552
-546
-541
-537
-534
-531
-529
-526
-524
-521
-520
-517
-515
-513
-512
-511
-510
-508
-508
-508
-509
-508
-509
-510
-510
-510
-511
-511
-511
-510
-508
-507
-505
-502
-501
-504
-499
-500
-500
-502
-506
-509
-513
-518
-523
-527
-531
-535
-538
-541
-544
-546
-547
-550
-552
-552
-555
-556
-558
-559
-560
-561
-561
-561
-561
-560
-559
-555
-551
-547
-541
-535
-528
-520
-511
-502
-493
-485
-477
-468
-459
-452
-444
-437
-429
-421
-414
-406
-399
-392
-384
-377
-370
-363
-356
-348
-342
-334
-328
-321
-315
-309
-304
-299
-295
-292
-289
-286
-283
-281
-277
-274
-271
-267
-263
-259
-253
-248
-242
-236
-230
-224
-218
-213
-209
-205
-201
-198
-195
-192
-190
-187
-184
-182
-178
-174
-171
-166
-163
-159
-155
-152
-149
-146
-144
-142
-141
-139
-139
-139
-139
-139
-140
-140
-141
-142
-143
-146
-149
-152
-156
-161
-165
-170
-174
-178
-182
-186
-188
-191
-194
-196
-200
-204
-207
-212
-217
-223
-228
-233
-240
-244
-249
-254
-257
-261
-264
-267
-270
-274
-278
-282
-287
-292
-296
-301
-306
-311
-315
-318
-323
-326
-330
-334
-338
-341
-345
-349
-352
-356
-360
-364
-367
-371
-374
-379
-383
-388
-393
-397
-401
-404
-409
-412
-417
-420
-424
-429
-435
-440
-446
-451
-457
-464
-471
-477
-483
-490
-495
-502
-507
-512
-518
-521
-526
-530
-535
-538
-543
-546
-550
-553
-558
-561
-566
-571
-577
-583
-591
-599
-608
-618
-626
-635
-643
-651
-659
-664
-670
-675
-678
-681
-681
-682
-680
-676
-669
-658
-643
-623
-595
-559
-514
-462
-403
-340
-279
-223
-177
-141
-116
-94
-64
-5
109
313
642
1120
1751
2047
2047
2047
2047
2047
2047
2047
2047
2047
2047
2047
2047
2047
2047
2047
2047
2047
2047
2047
2047
2047
2047
2047
2047
2047
2047
2047
2047
2047
2047
2047
2047
2047
2047
2047
2047
2047
2047
2047
2047
2047
2047
2047
2047
2047
2047
2047
2047
2047
2047
2047
1851
1188
643
228
-67
-259
-379
-453
-504
-547
-593
-644
-701
-761
-822
-878
-929
-971
-1006
-1031
-1050
-1063
-1070
-1075
-1074
-1074
-1072
-1066
-1059
-1053
-1044
-1036
-1025
-1015
-1004
-995
-985
-976
-967
-959
-951
-944
-938
-933
-929
-926
-923
-920
-920
-919
-919
-919
-919
-920
-922
-924
-927
-929
-932
-935
-939
-942
-947
-952
-957
-962
-968
-975
-983
-989
-997
-1002
-1008
-1013
-1016
-1018
-1018
-1015
-1011
-1007
-1000
-994
-989
-984
-979
-976
-974
-975
-975
-976
-977
-980
-981
-983
-985
-986
-987
-989
-991
-993
-994
-995
-997
-999
-1001
-1003
-1005
-1006
-1008
-1010
-1011
-1013
-1015
-1018
-1020
-1023
-1026
-1030
-1033
-1037
-1040
-1045
-1048
-1051
-1055
-1056
-1058
-1060
-1060
-1061
-1061
-1059
-1058
-1057
-1056
-1054
-1053
-1051
-1049
-1047
-1045
-1045
-1044
-1042
-1041
-1039
-1038
-1036
-1034
-1032
-1029
-1025
-1022
-1018
-1014
-1010
-1005
-1002
-998
-995
-992
-990
-988
-987
-987
-988
-989
-992
-994
-995
-998
-1000
-1001
-1003
-1004
-1004
-1005
-1005
-1006
-1005
-1005
-1004
-1004
-1003
-1001
-1000
-998
-994
-991
-987
-983
-979
-973
-967
-963
-958
-954
-951
-947
-945
-942
-941
-939
-939
-939
-938
-938
-939
-940
-941
-941
-941
-941
-941
-939
-937
-934
-930
-927
-923
-919
-915
-911
-907
-903
-900
-897
-895
-893
-890
-887
-884
-881
-878
-875
-872
-868
-866
-862
-860
-858
-855
-852
-849
-847
-845
-840
-838
-832
-827
-822
-816
-809
-802
-795
-787
-779
-772
-764
-757
-750
-744
-737
-730
-724
-718
-710
-704
-697
-693
-688
-685
-682
-681
-681
-682
-685
-688
-691
-694
-698
-700
-701
-701
-700
-698
-696
-692
-688
-683
-679
-673
-667
-659
-651
-642
-631
-619
-608
-596
-584
-571
-561
-551
-542
-535
-529
-523
-519
-515
-512
-509
-506
-504
-500
-499
-496
-495
-493
-492
-492
-491
-492
-492
-494
-495
-497
-498
-501
-503
-504
-505
-507
-508
-508
-509
-508
-508
-508
-508
-509
-510
-512
-514
-518
-522
-526
-532
-538
-542
-547
-550
-554
-557
-559
-560
-562
-563
-563
-564
-565
-564
-565
-564
-563
-563
-561
-559
-557
-554
-551
-547
-543
-538
-531
-524
-516
-507
-499
-490
-481
-471
-463
-455
-446
-438
-431
-423
-416
-409
-401
-394
-387
-379
-371
-364
-357
-349
-342
-334
-325
-318
-310
-303
-296
-290
-284
-278
-273
-270
-266
-263
-260
-258
-256
-254
-252
-250
-247
-244
-241
-237
-234
-230
-226
-222
-218
-215
-212
-210
-208
-207
-206
-205
-205
-204
-202
-200
-199
-197
-195
-191
-189
-186
-183
-181
-178
-177
-175
-174
-173
-173
-172
-172
-172
-171
-172
-173
-173
-175
-176
-177
-181
-183
-186
-190
-194
-197
-200
-203
-206
-207
-209
-210
-211
-211
-213
-214
-216
-218
-220
-224
-227
-232
-235
-238
-240
-243
-246
-247
-249
-251
-252
-254
-257
-261
-264
-267
-271
-276
-280
-284
-289
-293
-296
-300
-304
-309
-314
-317
-322
-327
-331
-337
-341
-346
-350
-356
-361
-366
-371
-377
-382
-388
-393
-398
-404
-409
-413
-418
-424
-429
-434
-441
-447
-453
-460
-468
-476
-483
-490
-497
-504
-512
-518
-524
-530
-535
-541
-545
-550
-555
-558
-561
-565
-568
-572
-575
-579
-582
-587
-592
-598
-605
-612
-619
-629
-634
-642
-649
-654
-658
-662
-665
-667
-668
-668
-667
-664
-659
-652
-641
-627
-606
-580
-547
-504
-453
-395
-333
-270
-211
-160
-121
-91
-69
-43
2
95
264
546
971
1552
2047
2047
2047
2047
2047
2047
2047
2047
2047
2047
2047
2047
2047
2047
2047
2047
2047
2047
2047
2047
2047
2047
2047
2047
2047
2047
2047
2047
2047
2047
2047
2047
2047
2047
2047
2047
2047
2047
2047
2047
2047
2047
2047
2047
2047
2047
2047
2047
2047
2047
2047
2040
1346
762
305
-24
-244
-383
-468
-524
-567
-611
-659
-714
-772
-833
-890
-942
-985
-1023
-1050
-1070
-1084
-1092
-1096
-1096
-1096
-1092
-1086
-1080
-1071
-1062
-1052
-1041
-1029
-1018
-1006
-993
-983
-972
-961
-951
-942
-934
-926
-921
-914
-910
-906
-903
-900
-898
-896
-895
-895
-895
-896
-897
-899
-901
-903
-906
-910
-914
-918
-923
-929
-936
-943
-950
-958
-965
-973
-980
-986
-990
-994
-993
-994
-991
-988
-983
-979
-974
-971
-967
-965
-965
-965
-966
-969
-971
-975
-979
-982
-985
-988
-990
-993
-996
-998
-1001
-1004
-1006
-1009
-1012
-1014
-1017
-1020
-1022
-1024
-1026
-1027
-1030
-1032
-1035
-1037
-1040
-1042
-1045
-1048
-1051
-1054
-1056
-1058
-1058
-1059
-1060
-1059
-1059
-1056
-1055
-1052
-1050
-1047
-1043
-1040
-1037
-1033
-1030
-1028
-1024
-1023
-1020
-1018
-1017
-1015
-1015
-1012
-1011
-1008
-1005
-1002
-999
-996
-994
-989
-986
-983
-980
-975
-974
-972
-971
-970
-969
-969
-972
-972
-974
-977
-978
-980
-981
-983
-983
-985
-985
-986
-987
-987
-987
-987
-988
-987
-987
-986
-985
-983
-981
-979
-976
-972
-969
-965
-962
-958
-956
-953
-951
-949
-949
-949
-948
-948
-949
-950
-950
-952
-954
-954
-956
-956
-957
-957
-957
-955
-952
-950
-948
-944
-940
-937
-935
-932
-929
-927
-926
-923
-920
-917
-913
-911
-907
-904
-899
-896
-892
-887
-884
-881
-878
-874
-871
-867
-864
-859
-855
-849
-844
-836
-828
-819
-810
-801
-791
-781
-772
-763
-753
-745
-737
-729
-721
-714
-707
-698
-692
-685
-678
-672
-667
-662
-659
-657
-658
-658
-659
-663
-666
-669
-673
-675
-677
-677
-677
-677
-675
-672
-669
-665
-661
-657
-652
-646
-640
-632
-623
-614
-604
-593
-583
-573
-564
-555
-548
-543
-537
-533
-530
-527
-525
-523
-522
-519
-517
-515
-514
-512
-511
-510
-509
-508
-508
-509
-509
-510
-510
-512
-512
-514
-515
-516
-517
-516
-517
-516
-514
-513
-512
-510
-510
-509
-510
-511
-513
-515
-518
-522
-527
-530
-533
-536
-539
-541
-543
-544
-544
-545
-545
-545
-546
-546
-546
-545
-544
-543
-543
-541
-539
-537
-533
-530
-526
-522
-516
-509
-502
-494
-485
-476
-467
-458
-450
-442
-434
-427
-419
-412
-406
-399
-393
-387
-381
-374
-368
-362
-356
-350
-344
-338
-332
-326
-320
-314
-309
-303
-299
-294
-291
-288
-287
-285
-283
-280
-280
-279
-277
-276
-273
-271
-269
-266
-264
-260
-257
-254
-250
-248
-246
-244
-242
-241
-240
-239
-239
-237
-235
-234
-231
-228
-226
-221
-217
-213
-209
-205
-201
-197
-193
-190
-187
-185
-183
-181
-179
-177
-175
-174
-174
-172
-172
-172
-173
-175
-177
-178
-180
-182
-185
-186
-188
-189
-190
-190
-191
-191
-191
-192
-193
-195
-197
-199
-202
-205
-208
-211
-213
-215
-217
-218
-218
-219
-219
-222
-223
-226
-229
-233
-237
-242
-247
-251
-256
-261
-265
-270
-276
-281
-287
-293
-298
-304
-312
-318
-324
-331
-338
-345
-352
-359
-367
-374
-382
-389
-397
-403
-410
-416
-421
-428
-434
-440
-446
-452
-458
-464
-471
-478
-485
-491
-498
-504
-510
-515
-521
-525
-529
-533
-537
-540
-544
-546
-549
-551
-552
-555
-556
-559
-561
-564
-569
-573
-578
-583
-591
-598
-605
-613
-619
-627
-633
-638
-643
-648
-650
-653
-653
-653
-651
-649
-643
-634
-622
-605
-581
-550
-512
-463
-408
-347
-285
-225
-171
-129
-98
-75
-53
-16
59
202
449
830
1367
2047
2047
2047
2047
2047
2047
2047
2047
2047
2047
2047
2047
2047
2047
2047
2047
2047
2047
2047
2047
2047
2047
2047
2047
2047
2047
2047
2047
2047
2047
2047
2047
2047
2047
2047
2047
2047
2047
2047
2047
2047
2047
2047
2047
2047
2047
2047
2047
2047
2047
2047
2047
1468
863
384
33
-204
-354
-446
-504
-548
-591
-637
-692
-748
-808
-866
-919
-965
-1002
-1030
-1050
-1064
-1073
-1078
-1078
-1077
-1072
-1067
-1060
-1052
-1043
-1033
-1022
-1011
-999
-987
-975
-964
-952
-943
-933
-924
-916
-908
-902
-896
-891
-887
-884
-881
-879
-877
-876
-876
-876
-877
-877
-879
-881
-884
-887
-892
-894
-901
-905
-911
-917
-924
-932
-940
-948
-956
-964
-971
-976
-981
-983
-984
-983
-981
-976
-972
-967
-964
-960
-959
-957
-957
-958
-960
-964
-968
-970
-973
-976
-979
-983
-984
-986
-988
-990
-992
-994
-996
-999
-1001
-1003
-1005
-1007
-1008
-1010
-1011
-1013
-1014
-1018
-1020
-1023
-1026
-1027
-1031
-1034
-1037
-1040
-1042
-1044
-1046
-1046
-1047
-1047
-1046
-1045
-1043
-1041
-1039
-1037
-1033
-1031
-1028
-1025
-1023
-1021
-1022
-1017
-1015
-1014
-1013
-1011
-1010
