-502
-500
-498
-496
-494
-495
-494
-494
-495
-495
-499
-498
-500
-502
-503
-505
-506
-507
-508
-509
-509
-510
-510
-510
-509
-511
-512
-515
-518
-522
-527
-532
-537
-543
-549
-554
-559
-563
-567
-570
-572
-574
-576
-579
-579
-581
-581
-582
-582
-583
-582
-582
-581
-579
-577
-575
-571
-567
-563
-556
-549
-541
-533
-523
-514
-503
-493
-483
-473
-464
-455
-445
-436
-427
-419
-411
-402
-394
-385
-376
-369
-360
-352
-343
-335
-327
-319
-310
-303
-296
-288
-282
-275
-271
-267
-263
-260
-255
-253
-250
-247
-247
-242
-238
-235
-231
-227
-224
-219
-215
-211
-206
-202
-199
-196
-195
-192
-191
-190
-189
-189
-187
-187
-186
-185
-183
-182
-179
-178
-175
-174
-173
-172
-170
-170
-170
-171
-171
-172
-172
-174
-175
-176
-178
-179
-181
-184
-186
-189
-192
-196
-199
-203
-208
-210
-214
-217
-219
-220
-222
-223
-224
-226
-227
-228
-231
-233
-237
-240
-243
-246
-248
-250
-253
-254
-255
-256
-256
-257
-258
-260
-263
-264
-267
-270
-274
-277
-280
-284
-287
-290
-294
-297
-301
-304
-309
-312
-317
-320
-325
-329
-334
-337
-341
-346
-350
-355
-361
-364
-370
-376
-380
-384
-388
-393
-398
-402
-407
-412
-417
-424
-430
-437
-443
-450
-457
-464
-470
-478
-484
-490
-496
-501
-506
-511
-515
-520
-524
-527
-531
-534
-538
-541
-544
-547
-552
-557
-562
-569
-576
-584
-592
-601
-610
-619
-627
-634
-641
-647
-652
-656
-660
-663
-664
-663
-662
-659
-652
-642
-627
-608
-581
-547
-504
-453
-396
-333
-272
-215
-166
-129
-101
-79
-53
-3
97
277
573
1013
1606
2047
2047
2047
2047
2047
2047
2047
2047
2047
2047
2047
2047
2047
2047
2047
2047
2047
2047
2047
2047
2047
2047
2047
2047
2047
2047
2047
2047
2047
2047
2047
2047
2047
2047
2047
2047
2047
2047
2047
2047
2047
2047
2047
2047
2047
2047
2047
2047
2047
2047
2047
2047
1603
981
483
113
-142
-306
-408
-474
-523
-569
-618
-674
-734
-796
-857
-914
-963
-1004
-1037
-1062
-1080
-1092
-1100
-1104
-1106
-1105
-1102
-1098
-1092
-1086
-1078
-1068
-1059
-1048
-1038
-1028
-1017
-1007
-997
-987
-979
-971
-963
-956
-951
-946
-941
-937
-934
-931
-929
-926
-925
-924
-923
-923
-923
-924
-925
-926
-927
-930
-932
-936
-938
-942
-947
-952
-958
-964
-970
-976
-979
-986
-990
-991
-990
-989
-985
-981
-975
-970
-965
-960
-956
-953
-952
-952
-954
-955
-958
-961
-964
-967
-971
-974
-977
-979
-983
-985
-988
-992
-995
-998
-1002
-1004
-1008
-1012
-1015
-1017
-1021
-1023
-1027
-1030
-1033
-1037
-1040
-1044
-1048
-1052
-1056
-1060
-1063
-1065
-1068
-1070
-1072
-1072
-1073
-1073
-1072
-1071
-1069
-1067
-1065
-1062
-1060
-1057
-1055
-1052
-1050
-1048
-1046
-1044
-1042
-1041
-1039
-1037
-1034
-1032
-1029
-1026
-1023
-1019
-1015
-1011
-1006
-1002
-997
-993
-989
-986
-984
-981
-980
-980
-981
-982
-983
-985
-987
-989
-991
-992
-993
-994
-993
-994
-994
-994
-994
-993
-994
-992
-992
-992
-990
-989
-986
-983
-979
-975
-971
-966
-962
-958
-953
-949
-945
-943
-942
-940
-939
-938
-937
-937
-937
-938
-939
-940
-941
-941
-942
-942
-941
-941
-940
-938
-935
-932
-930
-927
-924
-921
-919
-916
-914
-912
-911
-909
-907
-904
-903
-900
-897
-895
-892
-889
-887
-885
-882
-879
-877
-875
-873
-870
-868
-864
-861
-856
-850
-844
-837
-830
-822
-813
-804
-795
-787
-778
-771
-762
-753
-745
-737
-730
-722
-714
-705
-697
-690
-684
-678
-674
-670
-668
-668
-669
-670
-673
-675
-677
-678
-678
-678
-677
-676
-672
-669
-665
-661
-657
-652
-646
-640
-633
-626
-617
-608
-598
-587
-577
-567
-557
-549
-541
-534
-529
-525
-522
-518
-516
-515
-513
-512
-511
-510
-510
-508
-508
-508
-508
-509
-508
-509
-510
-510
-512
-513
-515
-516
-517
-518
-519
-519
-520
-521
-520
-519
-518
-517
-516
-516
-516
-517
-518
-520
-524
-528
-533
-537
-542
-546
-550
-553
-555
-558
-560
-562
-562
-563
-564
-564
-564
-564
-563
-563
-562
-560
-559
-557
-554
-550
-547
-542
-537
-531
-524
-516
-508
-498
-489
-480
-471
-462
-453
-445
-437
-430
-423
-416
-410
-403
-396
-389
-383
-377
-370
-364
-358
-351
-345
-339
-332
-326
-319
-314
-308
-303
-299
-295
-292
-290
-287
-286
-284
-283
-282
-281
-280
-278
-276
-274
-271
-268
-265
-261
-258
-254
-250
-247
-245
-242
-240
-238
-236
-235
-233
-231
-228
-225
-221
-217
-213
-208
-204
-198
-194
-190
-185
-181
-178
-174
-173
-170
-168
-166
-166
-165
-165
-165
-165
-166
-168
-169
-171
-174
-178
-182
-185
-188
-192
-195
-198
-200
-202
-204
-206
-207
-209
-211
-214
-217
-220
-223
-227
-230
-234
-237
-240
-242
-244
-246
-248
-249
-250
-251
-253
-256
-259
-262
-266
-269
-273
-276
-280
-283
-287
-290
-294
-298
-302
-306
-310
-315
-319
-323
-329
-333
-338
-342
-347
-352
-357
-362
-366
-373
-377
-382
-386
-391
-394
-398
-402
-406
-411
-416
-421
-426
-432
-437
-443
-448
-454
-460
-466
-472
-478
-482
-487
-492
-496
-500
-503
-507
-511
-513
-517
-519
-522
-526
-529
-532
-536
-542
-547
-555
-562
-570
-579
-587
-596
-604
-611
-618
-624
-629
-634
-637
-639
-641
-641
-640
-638
-632
-623
-609
-591
-565
-531
-490
-439
-383
-322
-261
-204
-157
-119
-93
-72
-47
2
99
278
571
1007
1598
2047
2047
2047
2047
2047
2047
2047
2047
2047
2047
2047
2047
2047
2047
2047
2047
2047
2047
2047
2047
2047
2047
2047
2047
2047
2047
2047
2047
2047
2047
2047
2047
2047
2047
2047
2047
2047
2047
2047
2047
2047
2047
2047
2047
2047
2047
2047
2047
2047
2047
2047
2047
1549
938
452
94
-151
-307
-403
-465
-512
-555
-602
-656
-714
-775
-835
-888
-935
-974
-1004
-1027
-1044
-1054
-1061
-1064
-1064
-1063
-1060
-1055
-1050
-1043
-1035
-1027
-1018
-1009
-999
-991
-981
-972
-963
-956
-949
-942
-936
-931
-927
-924
-921
-919
-917
-915
-915
-914
-914
-915
-916
-917
-918
-920
-922
-925
-928
-931
-934
-938
-942
-947
-952
-958
-965
-972
-978
-985
-989
-995
-998
-999
-1000
-998
-995
-990
-984
-978
-972
-967
-963
-959
-956
-956
-956
-957
-959
-960
-963
-965
-967
-969
-970
-971
-972
-974
-975
-977
-979
-981
-982
-985
-987
-990
-992
-995
-997
-999
-1002
-1005
-1009
-1012
-1015
-1019
-1023
-1028
-1032
-1036
-1040
-1043
-1046
-1049
-1051
-1052
-1053
-1053
-1053
-1052
-1050
-1049
-1046
-1043
-1041
-1039
-1036
-1034
-1032
-1030
-1028
-1027
-1025
-1024
-1023
-1021
-1019
-1018
-1016
-1014
-1012
-1009
-1006
-1003
-1000
-996
-993
-991
-988
-987
-987
-987
-988
-989
-992
-995
-998
-1002
-1005
-1008
-1011
-1014
-1016
-1018
-1020
-1021
-1023
-1023
-1024
-1026
-1026
-1026
-1026
-1026
-1024
-1023
-1021
-1019
-1015
-1013
-1009
-1005
-1000
-997
-993
-988
-986
-983
-982
-979
-978
-975
-974
-973
-972
-970
-969
-968
-966
-965
-963
-960
-958
-955
-951
-946
-940
-935
-929
-923
-918
-913
-907
-902
-898
-893
-889
-885
-882
-878
-876
-872
-870
-866
-864
-860
-858
-856
-853
-852
-850
-848
-847
-845
-843
-841
-837
-835
-830
-825
-820
-813
-807
-800
-793
-785
-778
-771
-765
-758
-752
-746
-739
-733
-727
-721
-714
-708
-703
-697
-693
-690
-687
-686
-686
-688
-690
-693
-696
-699
-701
-703
-703
-702
-700
-697
-693
-689
-685
-679
-673
-667
-659
-651
-642
-632
-620
-608
-596
-583
-571
-559
-548
-537
-529
-522
-515
-510
-505
-502
-498
-496
-493
-490
-489
-486
-484
-482
-481
-480
-479
-479
-479
-480
-480
-482
-483
-485
-487
-489
-490
-492
-494
-495
-495
-496
-495
-494
-494
-494
-495
-496
-496
-498
-502
-506
-510
-517
-522
-527
-532
-537
-541
-545
-548
-550
-553
-554
-556
-558
-560
-562
-563
-564
-564
-565
-565
-566
-566
-565
-563
-562
-558
-555
-550
-545
-539
-532
-524
-515
-507
-499
-490
-482
-474
-466
-459
-452
-446
-439
-433
-426
-420
-413
-406
-400
-393
-387
-380
-374
-366
-360
-353
-347
-340
-335
-329
-324
-319
-315
-311
-309
-307
-303
-301
-298
-295
-292
-289
-285
-281
-277
-273
-267
-261
-255
-249
-245
-240
-236
-231
-227
-224
-221
-218
-215
-213
-209
-207
-202
-199
-195
-190
-186
-180
-176
-172
-170
-166
-163
-161
-159
-157
-157
-157
-156
-155
-155
-155
-156
-157
-159
-160
-162
-165
-168
-173
-176
-180
-184
-188
-190
-194
-196
-198
-201
-202
-203
-207
-208
-212
-215
-218
-222
-226
-231
-234
-237
-241
-243
-245
-247
-248
-249
-251
-255
-257
-260
-263
-267
-271
-275
-278
-282
-284
-288
-291
-294
-298
-301
-304
-307
-310
-314
-318
-320
-324
-327
-331
-335
-339
-342
-347
-351
-356
-360
-364
-369
-374
-377
-382
-386
-391
-396
-402
-407
-414
-420
-428
-435
-442
-448
-456
-463
-469
-475
-482
-487
-493
-498
-503
-507
-513
-516
-520
-524
-528
-532
-536
-539
-544
-550
-556
-563
-571
-580
-588
-598
-608
-617
-627
-635
-643
-650
-656
-662
-666
-669
-671
-673
-672
-670
-665
-656
-643
-626
-600
-569
-527
-478
-421
-359
-297
-239
-189
-150
-121
-99
-74
-29
59
222
496
909
1476
2047
2047
2047
2047
2047
2047
2047
2047
2047
2047
2047
2047
2047
2047
2047
2047
2047
2047
2047
2047
2047
2047
2047
2047
2047
2047
2047
2047
2047
2047
2047
2047
2047
2047
2047
2047
2047
2047
2047
2047
2047
2047
2047
2047
2047
2047
2047
2047
2047
2047
2047
2047
1736
1097
578
186
-87
-266
-377
-447
-497
-541
-587
-640
-698
-758
-819
-876
-925
-967
-1000
-1026
-1044
-1058
-1065
-1070
-1071
-1070
-1068
-1063
-1057
-1051
-1043
-1034
-1026
-1016
-1005
-996
-986
-976
-968
-959
-952
-945
-938
-933
-928
-925
-922
-920
-918
-917
-916
-916
-915
-916
-917
-918
-919
-921
-923
-926
-929
-930
-934
-937
-941
-946
-950
-955
-961
-967
-972
-979
-984
-988
-992
-993
-993
-992
-988
-984
-978
-972
-966
-959
-955
-950
-948
-947
-947
-948
-950
-951
-955
-957
-959
-962
-964
-966
-969
-971
-973
-976
-979
-982
-984
-988
-990
-994
-997
-1000
-1002
-1006
-1009
-1013
-1017
-1022
-1025
-1030
-1036
-1041
-1047
-1052
-1057
-1062
-1066
-1071
-1075
-1077
-1080
-1082
-1084
-1084
-1084
-1084
-1082
-1082
-1081
-1080
-1078
-1077
-1075
-1074
-1073
-1071
-1070
-1069
-1067
-1065
-1062
-1060
-1057
-1053
-1049
-1044
-1039
-1035
-1029
-1024
-1018
-1014
-1010
-1006
-1004
-1002
-1001
-1000
-1001
-1002
-1003
-1004
-1006
-1007
-1009
-1010
-1011
-1011
-1011
-1011
-1011
-1011
-1011
-1010
-1009
-1009
-1008
-1006
-1005
-1003
-1001
-998
-994
-991
-987
-983
-979
-974
-971
-967
-965
-962
-960
-959
-959
-958
-958
-959
-959
-961
-961
-964
-964
-966
-967
-967
-968
-967
-965
-963
-960
-957
-953
-949
-945
-942
-939
-934
-930
-928
-924
-922
-919
-916
-912
-908
-905
-901
-896
-894
-889
-885
-881
-877
-873
-870
-867
-863
-859
-855
-850
-846
-839
-834
-826
-819
-810
-802
-793
-784
-776
-766
-758
-750
-741
-734
-726
-718
-711
-703
-695
-688
-680
-674
-669
-665
-661
-659
-659
-659
-661
-664
-667
-669
-673
-675
-676
-677
-675
-673
-671
-668
-664
-660
-655
-651
-646
-639
-632
-624
-615
-605
-596
-585
-575
-565
-556
-548
-540
-534
-530
-526
-523
-521
-519
-517
-516
-515
-515
-513
-512
-511
-511
-512
-512
-512
-513
-515
-517
-518
-521
-523
-524
-527
-529
-531
-531
-533
-533
-533
-532
-531
-531
-530
-530
-530
-531
-536
-535
-539
-543
-547
-552
-557
-561
-565
-568
-571
-573
-575
-575
-576
-576
-577
-578
-578
-577
-577
-576
-575
-574
-572
-570
-569
-565
-562
-557
-553
-548
-542
-535
-526
-519
-509
-502
-494
-485
-476
-468
-460
-453
-447
-439
-433
-426
-419
-413
-406
-399
-393
-386
-379
-373
-366
-359
-352
-345
-339
-332
-327
-321
-316
-312
-309
-305
-303
-301
-300
-298
-297
-294
-294
-292
-290
-288
-285
-281
-278
-275
-271
-267
-263
-259
-256
-253
-250
-249
-246
-243
-241
-239
-235
-232
-228
-224
-219
-213
-208
-203
-197
-192
-187
-182
-178
-173
-170
-167
-163
-161
-158
-156
-154
-152
-151
-149
-149
-149
-149
-150
-151
-153
-155
-157
-159
-162
-163
-164
-166
-166
-166
-167
-168
-170
-171
-173
-175
-179
-183
-187
-191
-195
-199
-203
-206
-209
-212
-214
-218
-221
-224
-228
-234
-239
-246
-251
-257
-263
-269
-275
-281
-286
-293
-299
-306
-312
-318
-325
-330
-337
-342
-349
-355
-361
-367
-372
-378
-384
-390
-396
-400
-406
-411
-416
-420
-425
-428
-433
-438
-442
-447
-453
-459
-465
-470
-476
-482
-488
-495
-500
-506
-511
-517
-521
-525
-530
-533
-537
-540
-543
-547
-550
-553
-555
-558
-561
-565
-571
-576
-583
-590
-597
-605
-614
-622
-630
-637
-644
-649
-654
-659
-662
-664
-665
-665
-664
-661
-655
-647
-633
-616
-591
-559
-520
-471
-414
-354
-291
-232
-181
-139
-110
-87
-63
-22
59
213
473
868
1417
2047
2047
2047
2047
2047
2047
2047
2047
2047
2047
2047
2047
2047
2047
2047
2047
2047
2047
2047
2047
2047
2047
2047
2047
2047
2047
2047
2047
2047
2047
2047
2047
2047
2047
2047
2047
2047
2047
2047
2047
2047
2047
2047
2047
2047
2047
2047
2047
2047
2047
2047
2047
1866
1205
658
239
-58
-254
-376
-452
-503
-546
-591
-640
-696
-755
-814
-872
-922
-964
-999
-1024
-1044
-1056
-1065
-1069
-1070
-1068
-1065
-1060
-1054
-1046
-1038
-1029
-1019
-1007
-996
-985
-974
-964
-953
-943
-934
-926
-919
-912
-907
-902
-898
-895
-893
-891
-890
-889
-890
-891
-892
-893
-895
-899
-903
-906
-911
-915
-920
-925
-932
-938
-945
-953
-961
-971
-980
-989
-996
-1004
-1009
-1014
-1017
-1018
-1017
-1014
-1011
-1007
-1002
-999
-995
-992
-991
-991
-991
-994
-996
-998
-1001
-1005
-1007
-1010
-1013
-1014
-1016
-1018
-1020
-1022
-1024
-1026
-1028
-1030
-1032
-1035
-1036
-1038
-1039
-1040
-1042
-1044
-1046
-1048
-1050
-1052
-1055
-1057
-1060
-1062
-1064
-1066
-1068
-1069
-1069
-1070
-1070
-1068
-1067
-1065
-1063
-1060
-1058
-1055
-1052
-1049
-1047
-1044
-1042
-1040
-1038
-1037
-1035
-1035
-1033
-1031
-1030
-1029
-1027
-1024
-1022
-1020
-1016
-1014
-1011
-1007
-1004
-1001
-998
-996
-995
-994
-993
-994
-995
-997
-999
-1003
-1005
-1008
-1010
-1012
-1014
-1016
-1017
-1018
-1020
-1020
-1021
-1022
-1022
-1022
-1022
-1022
-1021
-1020
-1019
-1017
-1014
-1011
-1007
-1003
-998
-995
-990
-987
-983
-980
-978
-976
-974
-973
-971
-971
-970
-969
-970
-969
-969
-968
-967
-966
-963
-962
-958
-955
-950
-946
-941
-936
-930
-926
-921
-916
-912
-907
-904
-898
-894
-889
-885
-881
-876
-872
-867
-862
-857
-853
-849
-846
-843
-839
-834
-832
-828
-825
-821
-815
-809
-802
-796
-789
-781
-772
-764
-756
-747
-740
-733
-726
-719
-713
-707
-701
-696
-690
-685
-679
-674
-670
-667
-664
-663
-663
-665
-668
-672
-677
-683
-688
-692
-697
-700
-702
-703
-703
-703
-701
-699
-696
-693
-689
-684
-678
-672
-664
-655
-644
-635
-623
-612
-602
-592
-583
-575
-568
-562
-557
-553
-549
-545
-543
-540
-537
-534
-531
-527
-525
-523
-520
-518
-515
-515
-514
-513
-513
-513
-512
-512
-513
-514
-514
-513
-513
-512
-511
-510
-508
-507
-506
-505
-505
-505
-507
-511
-514
-518
-523
-528
-533
-537
-542
-546
-550
-553
-555
-557
-560
-563
-565
-567
-568
-569
-570
-571
-572
-573
-572
-571
-570
-569
-567
-564
-560
-556
-550
-543
-535
-527
-519
-510
-501
-492
-483
-476
-467
-460
-453
-445
-438
-431
-425
-417
-410
-403
-397
-390
-383
-376
-369
-362
-354
-348
-340
-334
-327
-321
-315
-310
-306
-303
-299
-296
-293
-290
-288
-285
-283
-279
-275
-271
-268
-263
-259
-254
-249
-245
-240
-236
-232
-230
-226
-224
-222
-220
-218
-216
-213
-211
-207
-203
-199
-195
-190
-185
-181
-176
-172
-168
-165
-162
-159
-157
-155
-153
-152
-151
-150
-149
-149
-150
-150
-151
-152
-155
-158
-161
-164
-168
-172
-175
-178
-181
-183
-186
-188
-189
-191
-194
-195
-198
-202
-206
-211
-215
-219
-224
-226
-230
-233
-236
-238
-239
-242
-244
-247
-251
-255
-259
-264
-270
-275
-280
-286
-291
-296
-302
-307
-313
-319
-324
-330
-337
-342
-347
-354
-359
-364
-371
-375
-381
-387
-392
-398
-404
-409
-414
-419
-423
-427
-432
-435
-439
-444
-448
-453
-458
-462
-468
-473
-478
-484
-489
-494
-498
-504
-508
-512
-515
-519
-523
-526
-529
-532
-535
-538
-540
-544
-546
-550
-553
-558
-563
-569
-576
-583
-591
-600
-609
-617
-626
-633
-640
-647
-652
-657
-660
-662
-664
-665
-663
-661
-656
-647
-634
-617
-593
-562
-523
-475
-419
-358
-296
-236
-184
-141
-109
-86
-63
-26
47
185
425
795
1317
1989
2047
2047
2047
2047
2047
2047
2047
2047
2047
2047
2047
2047
2047
2047
2047
2047
2047
2047
2047
2047
2047
2047
2047
2047
2047
2047
2047
2047
2047
2047
2047
2047
2047
2047
2047
2047
2047
2047
2047
2047
2047
2047
2047
2047
2047
2047
2047
2047
2047
2047
2047
1939
1265
707
275
-34
-236
-365
-444
-498
-543
-588
-639
-695
-756
-817
-875
-927
-971
-1006
-1033
-1054
-1068
-1077
-1083
-1084
-1084
-1082
-1078
-1073
-1066
-1058
-1049
-1040
-1030
-1020
-1010
-1000
-989
-979
-970
-962
-954
-947
-941
-934
-930
-926
-922
-919
-917
-915
-914
-913
-912
-913
-913
-914
-915
-918
-920
-922
-925
-929
-933
-937
-942
-948
-954
-961
-969
-976
-983
-990
-996
-1000
-1003
-1004
-1004
-1001
-998
-993
-988
-983
-979
-975
-971
-968
-969
-968
-970
-972
-974
-977
-980
-983
-985
-988
-990
-991
-994
-996
-999
-1002
-1004
-1008
-1011
-1014
-1017
-1020
-1023
-1025
-1028
-1031
-1033
-1037
-1040
-1044
-1048
-1052
-1056
-1060
-1064
-1067
-1070
-1074
-1075
-1077
-1078
-1079
-1079
-1078
-1077
-1076
-1073
-1071
-1068
-1065
-1062
-1059
-1057
-1054
-1052
-1050
-1048
-1046
-1044
-1042
-1039
-1038
-1035
-1032
-1030
-1027
-1023
-1020
-1016
-1012
-1008
-1004
-1000
-997
-994
-992
-990
-988
-987
-987
-989
-991
-993
-995
-996
-998
-999
-1001
-1002
-1002
-1002
-1002
-1002
-1002
-1002
-1002
-1001
-1000
-999
-998
-996
-994
-991
-988
-984
-980
-976
-971
-966
-962
-958
-955
-952
-950
-947
-945
-945
-944
-943
-943
-943
-944
-944
-945
-945
-946
-946
-945
-945
-943
-941
-938
-936
-932
-929
-925
-922
-919
-917
-914
-912
-909
-908
-907
-904
-902
-900
-897
-895
-894
-892
-890
-888
-886
-885
-883
-880
-877
-874
-871
-868
-864
-859
-853
-846
-838
-831
-822
-813
-805
-797
-788
-778
-769
-761
-753
-745
-737
-729
-722
-713
-704
-697
-691
-684
-678
-673
-670
-669
-668
-669
-671
-674
-677
-680
-683
-685
-685
-685
-684
-683
-680
-676
-672
-669
-663
-658
-652
-646
-638
-629
-620
-609
-599
-588
-578
-567
-557
-550
-543
-536
-532
-527
-524
-522
-520
-518
-518
-517
-515
-513
-512
-512
-510
-511
-510
-510
-510
-512
-513
-514
-516
-517
-519
-520
-522
-523
-524
-524
-525
-525
-525
-523
-524
-522
-522
-522
-523
-527
-529
-533
-538
-543
-547
-553
-557
-562
-566
-569
-571
-574
-576
-576
-577
-578
-578
-578
-579
-577
-576
-575
-574
-571
-569
-566
-562
-559
-553
-547
-541
-534
-525
-516
-507
-496
-487
-477
-466
-456
-447
-438
-431
-423
-414
-407
-399
-392
-384
-377
-370
-363
-357
-350
-343
-336
-330
-322
-316
-310
-303
-297
-293
-288
-284
-280
-278
-276
-273
-272
-270
-268
-267
-266
-263
-261
-259
-256
-253
-250
-246
-243
-239
-236
-234
-231
-230
-228
-227
-227
-226
-227
-226
-226
-226
-224
-222
-221
-218
-216
-213
-210
-208
-206
-204
-201
-200
-199
-198
-197
-196
-196
-195
-194
-194
-193
-193
-193
-194
-195
-197
-198
-200
-202
-203
-206
-207
-209
-210
-211
-211
-211
-211
-212
-213
-213
-215
-217
-219
-222
-224
-227
-229
-231
-233
-234
-235
-235
-235
-236
-236
-237
-239
-241
-242
-245
-248
-251
-254
-257
-260
-263
-266
-270
-274
-278
-282
-287
-292
-297
-302
-307
-313
-319
-325
-331
-337
-344
-350
-357
-365
-371
-379
-385
-391
-397
-404
-411
-418
-425
-431
-438
-445
-454
-461
-469
-477
-484
-492
-500
-507
-514
-520
-526
-532
-536
-542
-546
-550
-554
-558
-561
-564
-566
-569
-572
-575
-579
-583
-589
-594
-601
-607
-615
-622
-630
-636
-642
-647
-652
-657
-660
-662
-662
-662
-661
-658
-653
-647
-635
-622
-602
-577
-544
-502
-452
-395
-332
-268
-208
-154
-111
-80
-56
-31
9
90
241
496
887
1431
2047
2047
2047
2047
2047
2047
2047
2047
2047
2047
2047
2047
2047
2047
2047
2047
2047
2047
2047
2047
2047
2047
2047
2047
2047
2047
2047
2047
2047
2047
2047
2047
2047
2047
2047
2047
2047
2047
2047
2047
2047
2047
2047
2047
2047
2047
2047
2047
2047
2047
2047
2047
1764
1111
578
171
-113
-299
-415
-487
-537
-580
-626
-677
-733
-792
-852
-908
-957
-999
-1031
-1056
-1073
-1085
-1092
-1095
-1094
-1092
-1088
-1082
-1075
-1066
-1056
-1046
-1034
-1024
-1012
-1000
-987
-976
-965
-954
-946
-937
-928
-921
-915
-909
-905
-900
-896
-893
-891
-889
-888
-887
-887
-887
-887
-890
-891
-893
-895
-898
-901
-906
-910
-916
-922
-928
-935
-944
-951
-959
-966
-973
-978
-981
-984
-985
-983
-981
-977
-973
-969
-966
-963
-962
-962
-962
-964
-967
-972
-974
-979
-983
-987
-991
-995
-997
-1000
-1003
-1006
-1009
-1012
-1016
-1019
-1021
-1025
-1028
-1031
-1033
-1035
-1038
-1040
-1042
-1045
-1049
-1051
-1055
-1057
-1061
-1064
-1067
-1069
-1071
-1073
-1074
-1075
-1075
-1074
-1073
-1071
-1068
-1066
-1062
-1058
-1054
-1050
-1046
-1043
-1038
-1035
-1031
-1028
-1025
-1022
-1020
-1017
-1014
-1010
-1007
-1004
-1001
-998
-994
-990
-986
-982
-978
-973
-970
-967
-966
-964
-963
-964
-965
-967
-969
-972
-976
-979
-983
-986
-989
-991
-995
-996
-998
-1000
-1001
-1003
-1005
-1005
-1007
-1007
-1008
-1007
-1007
-1006
-1005
-1002
-1000
-997
-994
-990
-987
-984
-981
-980
-978
-976
-975
-974
-975
-974
-975
-975
-976
-976
-977
-976
-978
-977
-977
-976
-974
-971
-968
-964
-960
-955
-951
-946
-941
-937
-933
-929
-925
-922
-918
-915
-911
-908
-905
-900
-898
-893
-889
-886
-882
-879
-877
-873
-871
-867
-863
-861
-857
-853
-848
-843
-836
-829
-821
-814
-805
-796
-787
-777
-768
-759
-750
-742
-734
-725
-716
-708
-700
-692
-684
-677
-671
-666
-661
-657
-656
-655
-656
-658
-660
-663
-666
-668
-670
-671
-671
-670
-668
-667
-664
-661
-659
-655
-651
-646
-640
-633
-627
-618
-611
-599
-590
-579
-570
-561
-553
-547
-542
-538
-534
-531
-530
-528
-527
-526
-524
-524
-522
-522
-521
-521
-520
-521
-521
-522
-523
-525
-526
-527
-529
-530
-532
-533
-534
-534
-534
-533
-532
-530
-529
-527
-525
-524
-523
-523
-524
-524
-527
-530
-534
-538
-541
-546
-548
-551
-554
-555
-557
-559
-559
-560
-561
-562
-563
-563
-563
-562
-562
-562
-561
-561
-558
-555
-552
-548
-543
-538
-531
-523
-515
-505
-497
-487
-478
-468
-459
-450
-442
-434
-427
-419
-413
-406
-399
-392
-386
-379
-372
-366
-361
-355
-350
-345
-336
-330
-325
-320
-315
-310
-307
-303
-300
-297
-296
-294
-293
-292
-291
-291
-288
-286
-284
-283
-279
-277
-273
-269
-266
-263
-258
-255
-252
-250
-247
-245
-243
-243
-241
-239
-237
-235
-232
-229
-226
-222
-217
-214
-211
-207
-203
-200
-197
-195
-194
-192
-191
-190
-189
-188
-188
-188
-188
-188
-188
-189
-190
-191
-194
-197
-199
-201
-202
-205
-205
-207
-207
-207
-206
-206
-205
-205
-205
-205
-207
-208
-210
-212
-214
-216
-217
-219
-219
-220
-220
-220
-222
-221
-223
-225
-228
-230
-233
-236
-240
-243
-247
-249
-253
-257
-261
-265
-268
-272
-276
-281
-285
-291
-295
-300
-305
-310
-316
-322
-328
-333
-340
-346
-353
-360
-365
-372
-377
-383
-390
-396
-403
-410
-417
-424
-432
-441
-449
-457
-466
-474
-482
-490
-498
-505
-511
-518
-523
-529
-534
-540
-544
-547
-551
-555
-558
-561
-565
-568
-572
-577
-583
-589
-596
-603
-610
-618
-626
-633
-639
-645
-650
-655
-658
-661
-662
-663
-662
-660
-657
-650
-641
-627
-608
-584
-551
-510
-460
-402
-341
-278
-220
-169
-127
-98
-75
-50
-7
80
241
511
920
1483
2047
2047
2047
2047
2047
2047
2047
2047
2047
2047
2047
2047
2047
2047
2047
2047
2047
2047
2047
2047
2047
2047
2047
2047
2047
2047
2047
2047
2047
2047
2047
2047
2047
2047
2047
2047
2047
2047
2047
2047
2047
2047
2047
2047
2047
2047
2047
2047
2047
2047
2047
2047
1639
1011
505
128
-133
-301
-406
-472
-519
-563
-609
-662
-719
-780
-840
-895
-944
-983
-1015
-1039
-1056
-1068
-1076
-1079
-1079
-1078
-1073
-1068
-1062
-1054
-1046
-1036
-1026
-1015
-1004
-994
-983
-972
-962
-953
-945
-937
-930
-923
-918
-913
-910
-907
-903
-902
-899
-899
-899
-897
-898
-899
-901
-902
-904
-907
-909
-912
-916
-920
-925
-929
-934
-940
-947
-953
-960
-966
-972
-977
-982
-983
-984
-983
-981
-976
-971
-966
-960
-955
-950
-948
-946
-946
-946
-948
-950
-952
-955
-959
-962
-965
-966
-969
-971
-973
-976
-979
-981
-984
-987
-990
-994
-996
-999
-1002
-1004
-1007
-1010
-1014
-1018
-1021
-1025
-1030
-1036
-1039
-1044
-1049
-1053
-1058
-1062
-1065
-1068
-1071
-1072
-1073
-1074
-1075
-1074
-1073
-1072
-1071
-1069
-1068
-1066
-1064
-1063
-1061
-1061
-1059
-1059
-1057
-1055
-1055
-1052
-1051
-1048
-1045
-1042
-1038
-1034
-1029
-1025
-1020
-1015
-1011
-1007
-1005
-1002
-1000
-999
-999
-999
-1000
-1001
-1004
-1005
-1007
-1008
-1009
-1010
-1010
-1010
-1011
-1010
-1010
-1011
-1009
-1008
-1008
-1007
-1006
-1004
-1002
-999
-996
-993
-989
-986
-980
-976
-972
-968
-965
-961
-959
-956
-955
-954
-953
-953
-954
-955
-955
-955
-956
-957
-958
-958
-958
-957
-956
-955
-952
-950
-945
-942
-938
-935
-931
-928
-924
-921
-919
-915
-914
-910
-907
-904
-902
-898
-895
-892
-888
-885
-882
-879
-877
-874
-872
-869
-866
-863
-860
-856
-852
-847
-840
-834
-826
-819
-810
-801
-792
-783
-775
-767
-758
-750
-743
-736
-728
-720
-712
-705
-698
-690
-683
-677
-671
-666
-663
-662
-662
-663
-663
-665
-666
-668
-670
-670
-668
-665
-662
-658
-654
-650
-644
-639
-633
-626
-619
-611
-601
-591
-581
-570
-561
-550
-541
-531
-524
-517
-511
-507
-504
-502
-499
-498
-497
-496
-495
-494
-493
-493
-492
-492
-492
-493
-493
-494
-496
-497
-500
-503
-505
-507
-510
-512
-514
-516
-517
-519
-519
-520
-521
-520
-520
-521
-522
-524
-527
-530
-534
-539
-545
-551
-556
-560
-565
-569
-572
-575
-577
-579
-580
-581
-581
-582
-584
-583
-583
-583
-582
-581
-580
-579
-576
-573
-570
-566
-560
-554
-547
-539
-530
-521
-511
-501
-491
-480
-471
-461
-452
-443
-434
-426
-417
-409
-401
-394
-384
-377
-369
-361
-354
-347
-341
-332
-326
-317
-311
-304
-299
-294
-289
-284
-281
-279
-277
-275
-274
-272
-271
-270
-269
-267
-266
-263
-261
-259
-255
-252
-250
-247
-244
-242
-240
-239
-239
-238
-237
-238
-237
-237
-237
-236
-235
-232
-230
-227
-223
-221
-217
-214
-211
-209
-206
-204
-202
-200
-198
-196
-195
-194
-193
-192
-191
-190
-190
-190
-191
-192
-194
-196
-197
-200
-202
-203
-205
-205
-206
-206
-205
-205
-204
-205
-204
-205
-206
-207
-209
-210
-211
-213
-214
-214
-214
-214
-214
-213
-212
-212
-213
-214
-215
-219
-221
-224
-227
-230
-234
-237
-240
-245
-249
-252
-257
-262
-267
-272
-277
-282
-288
-293
-299
-305
-310
-316
-323
-329
-336
-343
-349
-356
-362
-368
-374
-380
-386
-392
-399
-406
-413
-421
-430
-438
-446
-456
-463
-472
-481
-489
-498
-505
-513
-520
-527
-534
-541
-547
-554
-559
-565
-571
-576
-582
-587
-593
-599
-607
-614
-622
-631
-640
-649
-657
-667
-675
-683
-690
-695
-700
-704
-706
-707
-708
-707
-704
-699
-691
-679
-663
-642
-615
-579
-535
-481
-422
-357
-295
-231
-177
-135
-103
-78
-50
-2
91
261
541
963
1539
2047
2047
2047
2047
2047
2047
2047
2047
2047
2047
2047
2047
2047
2047
2047
2047
2047
2047
2047
2047
2047
2047
2047
2047
2047
2047
2047
2047
2047
2047
2047
2047
2047
2047
2047
2047
2047
2047
2047
2047
2047
2047
2047
2047
2047
2047
2047
2047
2047
2047
2047
2047
1686
1049
532
142
-129
-306
-416
-485
-533
-578
-623
-674
-731
-791
-851
-906
-955
-995
-1028
-1053
-1069
-1081
-1087
-1091
-1091
-1088
-1085
-1079
-1072
-1064
-1055
-1045
-1034
-1023
-1012
-1000
-988
-978
-967
-957
-947
-938
-930
-923
-917
-911
-907
-902
-898
-895
-892
-891
-889
-889
-888
-888
-889
-890
-892
-894
-897
-900
-903
-908
-913
-918
-924
-930
-938
-946
-955
-962
-970
-975
-980
-984
-986
-986
-984
-980
-976
-971
-966
-962
-958
-955
-954
-954
-954
-956
-959
-962
-965
-968
-971
-974
-977
-980
-983
-986
-989
-992
-996
-999
-1004
-1006
-1011
-1016
-1019
-1023
-1027
-1030
-1035
-1039
-1043
-1048
-1054
-1058
-1063
-1069
-1074
-1078
-1084
-1087
-1092
-1094
-1097
-1100
-1101
-1101
-1102
-1101
-1100
-1098
-1096
-1094
-1091
-1089
-1087
-1083
-1081
-1079
-1076
-1074
-1073
-1070
-1068
-1065
-1062
-1059
-1056
-1051
-1047
-1042
-1038
-1032
-1026
-1020
-1015
-1010
-1006
-1001
-998
-996
-994
-993
-991
-991
-992
-992
-993
-993
-992
-991
-992
-991
-990
-988
-988
-987
-986
-984
-984
-983
-982
-982
-979
-979
-976
-975
-972
-968
-966
-963
-959
-956
-954
-952
-950
-949
-948
-948
-949
-949
-951
-952
-954
-956
-958
-960
-962
-964
-965
-966
-966
-966
-965
-964
-961
-958
-955
-950
-948
-944
-940
-938
-935
-932
-929
-926
-923
-920
-917
-914
-911
-907
-904
-899
-896
-892
-888
-885
-881
-877
-873
-870
-865
-860
-855
-848
-841
-833
-824
-815
-806
-796
-786
-776
-765
-756
-746
-737
-728
-719
-710
-702
-693
-684
-677
-669
-662
-655
-649
-645
-640
-640
-640
-641
-644
-647
-651
-655
-659
-662
-664
-664
-664
-663
-660
-658
-655
-651
-647
-643
-637
-632
-625
-618
-609
-599
-590
-579
-571
-562
-553
-546
-539
-535
-531
-528
-527
-525
-524
-525
-526
-525
-526
-526
-526
-527
-529
-529
-531
-532
-534
-535
-538
-540
-542
-544
-546
-549
-550
-552
-553
-553
-553
-552
-551
-550
-548
-547
-545
-545
-545
-546
-547
-551
-553
-556
-560
-563
-566
-569
-570
-571
-573
-574
-574
-573
-573
-572
-572
-571
-570
-569
-568
-566
-563
-561
-559
-555
-551
-547
-541
-536
-529
-522
-514
-505
-496
-488
-478
-468
-459
-451
-442
-434
-427
-419
-412
-405
-400
-392
-386
-379
-372
-366
-360
-354
-347
-341
-334
-328
-322
-316
-311
-306
-300
-299
-292
-289
-287
-285
-284
-281
-280
-279
-279
-277
-275
-272
-270
-267
-264
-261
-257
-252
-248
-246
-243
-239
-236
-235
-232
-231
-232
-228
-226
-223
-221
-218
-214
-211
-206
-202
-198
-193
-189
-185
-182
-178
-175
-172
-170
-168
-165
-163
-161
-160
-158
-158
-157
-157
-156
-157
-158
-160
-162
-164
-166
-168
-171
-173
-175
-176
-178
-179
-180
-182
-183
-186
-189
-193
-197
-202
-207
-211
-215
-219
-222
-226
-228
-231
-233
-235
-237
-240
-243
-247
-250
-254
-258
-263
-267
-270
-275
-278
-283
-286
-291
-295
-300
-304
-308
-313
-318
-323
-328
-333
-338
-345
-350
-356
-362
-368
-374
-381
-386
-392
-398
-403
-408
-413
-419
-425
-430
-436
-442
-448
-456
-463
-469
-476
-483
-490
-496
-501
-508
-513
-518
-523
-527
-532
-536
-540
-544
-547
-551
-555
-558
-563
-567
-573
-579
-586
-593
-601
-610
-620
-629
-638
-646
-654
-661
-668
-673
-678
-680
-683
-684
-683
-682
-678
-671
-660
-645
-624
-597
-562
-518
-465
-406
-343
-279
-219
-167
-127
-97
-73
-45
6
104
282
573
1007
1594
2047
2047
2047
2047
2047
2047
2047
2047
2047
2047
2047
2047
2047
2047
2047
2047
2047
2047
2047
2047
2047
2047
2047
2047
2047
2047
2047
2047
2047
2047
2047
2047
2047
2047
2047
2047
2047
2047
2047
2047
2047
2047
2047
2047
2047
2047
2047
2047
2047
2047
2047
2047
1699
1061
545
157
-114
-290
-399
-468
-518
-562
-608
-661
-719
-779
-839
-894
-944
-985
-1017
-1042
-1059
-1071
-1078
-1082
-1083
-1081
-1078
-1073
-1068
-1061
-1052
-1043
-1034
-1023
-1013
-1002
-992
-983
-973
-965
-957
-950
-943
-938
-933
-929
-925
-923
-921
-920
-919
-918
-918
-918
-919
-920
-922
-923
-926
-928
-931
-935
-939
-943
-948
-952
-958
-965
-972
-979
-987
-993
-1000
-1005
-1010
-1013
-1014
-1013
-1010
-1006
-1002
-996
-991
-987
-982
-979
-977
-976
-976
-978
-980
-982
-984
-986
-988
-990
-990
-992
-993
-994
-996
-997
-999
-1000
-1001
-1004
-1006
-1008
-1010
-1012
-1014
-1016
-1019
-1021
-1024
-1027
-1032
-1035
-1040
-1045
-1048
-1053
-1057
-1060
-1064
-1067
-1069
-1070
-1072
-1073
-1073
-1073
-1072
-1070
-1069
-1068
-1067
-1065
-1063
-1062
-1060
-1059
-1058
-1057
-1056
-1055
-1054
-1053
-1051
-1050
-1048
-1045
-1042
-1039
-1036
-1033
-1029
-1025
-1022
-1018
-1015
-1013
-1010
-1008
-1007
-1007
-1007
-1008
-1010
-1010
-1012
-1012
-1013
-1014
-1014
-1013
-1012
-1011
-1010
-1008
-1007
-1005
-1003
-1001
-998
-996
-993
-990
-986
-983
-977
-972
-968
-962
-956
-952
-947
-943
-939
-936
-934
-931
-929
-929
-928
-928
-928
-929
-929
-929
-931
-931
-932
-931
-931
-930
-929
-927
-924
-921
-918
-914
-911
-909
-905
-902
-900
-898
-896
-894
-892
-891
-888
-886
-883
-882
-879
-877
-874
-873
-871
-869
-867
-865
-864
-862
-861
-859
-855
-851
-847
-842
-836
-829
-822
-814
-806
-797
-790
-782
-775
-767
-760
-752
-746
-740
-732
-726
-719
-712
-706
-700
-695
-692
-689
-687
-687
-688
-690
-693
-695
-699
-700
-701
-702
-701
-700
-697
-693
-691
-687
-682
-678
-672
-666
-659
-652
-642
-632
-621
-609
-598
-587
-576
-565
-556
-548
-541
-536
-532
-527
-524
-521
-519
-517
-515
-514
-512
-510
-508
-507
-506
-505
-505
-505
-506
-507
-509
-510
-512
-514
-516
-517
-519
-521
-522
-522
-522
-523
-522
-522
-522
-522
-523
-525
-529
-532
-536
-541
-546
-552
-557
-562
-567
-570
-574
-576
-579
-580
-582
-583
-584
-584
-585
-585
-585
-585
-583
-583
-581
-580
-577
-574
-570
-566
-560
-554
-548
-539
-530
-520
-510
-500
-491
-480
-471
-461
-452
-444
-435
-428
-419
-412
-404
-396
-388
-381
-374
-366
-359
-351
-343
-336
-328
-320
-313
-307
-300
-294
-288
-283
-279
-275
-272
-269
-266
-263
-261
-258
-254
-251
-247
-244
-239
-235
-231
-226
-222
-217
-213
-210
-207
-205
-203
-202
-200
-200
-200
-200
-199
-197
-196
-195
-193
-189
-187
-184
-182
-180
-178
-178
-176
-175
-175
-175
-175
-176
-177
-178
-179
-180
-182
-183
-186
-188
-191
-195
-197
-201
-205
-209
-213
-216
-219
-220
-223
-224
-226
-227
-228
-229
-231
-233
-236
-239
-243
-245
-249
-252
-254
-257
-259
-260
-261
-263
-263
-265
-267
-269
-272
-274
-277
-281
-284
-287
-290
-294
-297
-300
-303
-306
-310
-313
-316
-320
-324
-327
-331
-334
-338
-342
-346
-351
-355
-359
-364
-369
-374
-378
-383
-387
-391
-396
-401
-406
-411
-416
-422
-428
-435
-441
-448
-455
-462
-468
-475
-481
-488
-493
-499
-504
-509
-514
-519
-523
-527
-531
-535
-539
-543
-547
-551
-556
-562
-568
-575
-582
-592
-600
-610
-619
-628
-637
-645
-653
-660
-666
-671
-674
-677
-678
-679
-679
-675
-669
-660
-647
-628
-603
-569
-526
-476
-418
-356
-294
-236
-185
-146
-117
-94
-67
-19
75
248
533
960
1541
2047
2047
2047
2047
2047
2047
2047
2047
2047
2047
2047
2047
2047
2047
2047
2047
2047
2047
2047
2047
2047
2047
2047
2047
2047
2047
2047
2047
2047
2047
2047
2047
2047
2047
2047
2047
2047
2047
2047
2047
2047
2047
2047
2047
2047
2047
2047
2047
2047
2047
2047
2047
1641
1012
506
128
-133
-302
-408
-476
-526
-573
-622
-679
-739
-801
-863
-921
-971
-1014
-1046
-1071
-1089
-1104
-1111
-1116
-1117
-1116
-1114
-1109
-1104
-1097
-1088
-1079
-1068
-1058
-1047
-1036
-1024
-1013
-1003
-992
-983
-975
-966
-959
-952
-946
-941
-937
-932
-928
-925
-923
-921
-919
-918
-918
-918
-918
-919
-920
-922
-925
-927
-930
-934
-938
-943
-949
-955
-961
-968
-974
-979
-984
-987
-989
-989
-987
-985
-980
-974
-969
-963
-959
-955
-952
-951
-951
-953
-954
-957
-961
-964
-967
-971
-974
-977
-980
-983
-986
-990
-993
-996
-999
-1003
-1006
-1011
-1014
-1016
-1020
-1022
-1025
-1028
-1032
-1035
-1039
-1042
-1045
-1049
-1053
-1057
-1061
-1064
-1067
-1069
-1072
-1074
-1075
-1075
-1075
-1075
-1073
-1072
-1070
-1068
-1066
-1063
-1060
-1058
-1057
-1054
-1052
-1051
-1049
-1048
-1046
-1045
-1043
-1041
-1038
-1036
-1033
-1030
-1027
-1024
-1020
-1016
-1011
-1007
-1003
-1000
-997
-993
-991
-990
-990
-990
-991
-992
-993
-994
-995
-997
-998
-999
-999
-999
-998
-997
-997
-996
-995
-994
-993
-991
-988
-986
-983
-981
-978
-973
-969
-964
-959
-954
-950
-946
-943
-939
-936
-935
-933
-932
-932
-932
-932
-933
-935
-935
-937
-939
-939
-943
-942
-943
-943
-943
-941
-941
-938
-936
-934
-932
-929
-928
-927
-925
-923
-923
-921
-920
-919
-918
-916
-914
-912
-910
-909
-907
-905
-902
-901
-898
-896
-894
-891
-889
-885
-881
-875
-870
-863
-856
-847
-837
-828
-818
-809
-798
-789
-779
-769
-760
-752
-743
-733
-725
-715
-707
-698
-691
-684
-678
-673
-670
-667
-667
-668
-670
-672
-674
-677
-679
-680
-681
-680
-679
-676
-674
-671
-667
-663
-658
-652
-647
-640
-633
-624
-615
-604
-594
-583
-573
-563
-554
-547
-540
-536
-531
-528
-525
-522
-521
-518
-518
-515
-515
-514
-513
-511
-510
-510
-510
-511
-511
-513
-514
-515
-516
-518
-520
-522
-523
-524
-525
-525
-525
-525
-525
-524
-523
-523
-522
-523
-524
-527
-529
-534
-537
-542
-547
-551
-555
-559
-562
-564
-566
-567
-568
-568
-570
-570
-570
-570
-570
-570
-569
-568
-567
-565
-564
-561
-558
-554
-549
-544
-539
-531
-524
-515
-506
-496
-487
-477
-468
-459
-451
-443
-434
-427
-419
-412
-405
-397
-390
-383
-376
-369
-362
-356
-349
-342
-335
-329
-323
-316
-310
-305
-300
-296
-293
-291
-288
-287
-285
-284
-283
-282
-280
-279
-277
-274
-272
-269
-266
-262
-258
-254
-251
-247
-244
-241
-239
-237
-236
-235
-234
-232
-231
-230
-227
-224
-222
-219
-217
-213
-210
-207
-204
-202
-199
-198
-196
-194
-194
-194
-193
-192
-191
-191
-191
-191
-191
-193
-194
-194
-197
-199
-202
-203
-206
-208
-210
-211
-213
-213
-214
-213
-214
-214
-215
-216
-218
-220
-222
-225
-228
-230
-233
-236
-237
-238
-239
-240
-241
-242
-244
-247
-249
-252
-255
-260
-264
-269
-272
-277
-280
-284
-289
-294
-298
-303
-307
-312
-316
-322
-326
-332
-337
-341
-346
-351
-356
-362
-367
-373
-378
-384
-389
-393
-397
-401
-406
-410
-415
-420
-425
-430
-435
-441
-448
-454
-460
-466
-471
-477
-483
-489
-493
-498
-502
-506
-510
-513
-517
-519
-522
-524
-526
-529
-532
-534
-538
-542
-547
-552
-559
-567
-574
-582
-591
-598
-607
-615
-621
-627
-633
-637
-640
-643
-645
-645
-644
-640
-635
-625
-611
-591
-565
-531
-489
-438
-381
-320
-260
-204
-159
-124
-99
-79
-52
2
107
298
608
1065
1676
2047
2047
2047
2047
2047
2047
2047
2047
2047
2047
2047
2047
2047
2047
2047
2047
2047
2047
2047
2047
2047
2047
2047
2047
2047
2047
2047
2047
2047
2047
2047
2047
2047
2047
2047
2047
2047
2047
2047
2047
2047
2047
2047
2047
2047
2047
2047
2047
2047
2047
2047
2047
1468
870
398
53
-181
-331
-423
-482
-529
-573
-621
-677
-736
-798
-857
-910
-957
-995
-1026
-1048
-1065
-1075
-1081
-1084
-1085
-1083
-1080
-1076
-1068
-1061
-1053
-1044
-1034
-1024
-1014
-1004
-993
-984
-975
-966
-958
-951
-945
-939
-934
-930
-926
-923
-921
-918
-917
-917
-916
-915
-916
-917
-917
-920
-921
-923
-926
-929
-932
-935
-939
-944
-949
-956
-962
-969
-976
-982
-987
-993
-996
-998
-998
-996
-992
-989
-983
-977
-971
-966
-962
-960
-958
-957
-959
-959
-961
-964
-966
-970
-971
-973
-975
-977
-979
-981
-984
-985
-987
-990
-992
-995
-998
-1000
-1002
-1004
-1006
-1009
-1011
-1013
-1017
-1020
-1022
-1026
-1030
-1033
-1037
-1040
-1043
-1046
-1049
-1050
-1052
-1053
-1053
-1052
-1053
-1051
-1050
-1048
-1046
-1044
-1042
-1040
-1038
-1036
-1035
-1036
-1032
-1032
-1031
-1030
-1030
-1028
-1028
-1026
-1025
-1023
-1021
-1019
-1016
-1012
-1009
-1006
-1003
-1000
-998
-997
-996
-995
-997
-998
-1000
-1003
-1006
-1010
-1013
-1016
-1018
-1021
-1023
-1024
-1025
-1026
-1027
-1027
-1028
-1027
-1028
-1028
-1027
-1026
-1025
-1023
-1022
-1018
-1014
-1010
-1005
-1000
-996
-990
-986
-982
-978
-974
-971
-969
-967
-966
-965
-963
-962
-961
-960
-960
-960
-959
-958
-956
-954
-952
-948
-944
-940
-936
-931
-927
-922
-918
-915
-911
-907
-904
-901
-898
-895
-893
-889
-885
-883
-879
-876
-874
-871
-867
-867
-863
-861
-860
-857
-855
-854
-850
-846
-842
-838
-832
-826
-819
-812
-804
-797
-789
-782
-774
-767
-760
-753
-746
-740
-733
-726
-719
-712
-706
-699
-694
-689
-685
-684
-682
-683
-684
-687
-690
-692
-695
-697
-697
-698
-697
-695
-691
-688
-684
-679
-674
-668
-662
-655
-647
-638
-629
-618
-606
-594
-583
-572
-560
-550
-541
-533
-526
-520
-516
-511
-508
-505
-502
-500
-498
-495
-493
-491
-489
-488
-486
-487
-486
-486
-486
-486
-487
-488
-490
-492
-491
-492
-493
-494
-496
-495
-496
-494
-494
-493
-494
-495
-496
-498
-500
-505
-509
-515
-521
-526
-532
-537
-543
-547
-551
-554
-557
-561
-564
-566
-568
-571
-572
-573
-574
-575
-576
-576
-576
-575
-575
-572
-570
-566
-563
-557
-550
-543
-536
-527
-518
-510
-501
-492
-483
-476
-469
-461
-454
-447
-440
-432
-426
-419
-411
-405
-398
-392
-384
-377
-370
-363
-355
-348
-340
-333
-327
-321
-315
-310
-307
-303
-299
-297
-293
-291
-289
-286
-283
-281
-277
-273
-270
-265
-261
-256
-252
-247
-243
-239
-235
-233
-230
-228
-226
-223
-220
-218
-215
-212
-209
-204
-200
-195
-190
-185
-181
-177
-173
-170
-167
-165
-166
-161
-160
-160
-159
-160
-160
-161
-162
-164
-166
-169
-172
-175
-180
-183
-188
-193
-197
-200
-204
-207
-209
-211
-213
-215
-217
-219
-223
-225
-229
-233
-236
-240
-244
-246
-249
-251
-253
-253
-255
-255
-256
-257
-259
-261
-262
-265
-268
-271
-273
-276
-279
-281
-284
-286
-288
-291
-295
-298
-301
-304
-308
-311
-315
-319
-323
-327
-331
-336
-341
-346
-351
-356
-361
-365
-370
-375
-378
-383
-387
-391
-397
-402
-408
-414
-421
-427
-434
-440
-447
-454
-460
-468
-474
-480
-486
-491
-497
-502
-506
-511
-516
-521
-525
-530
-533
-538
-543
-549
-554
-561
-568
-576
-585
-594
-605
-614
-624
-632
-641
-649
-655
-661
-666
-670
-673
-674
-675
-674
-670
-664
-654
-639
-618
-590
-553
-508
-456
-397
-334
-274
-220
-174
-139
-116
-94
-63
-1
121
334
674
1163
1805
2047
2047
2047
2047
2047
2047
2047
2047
2047
2047
2047
2047
2047
2047
2047
2047
2047
2047
2047
2047
2047
2047
2047
2047
2047
2047
2047
2047
2047
2047
2047
2047
2047
2047
2047
2047
2047
2047
2047
2047
2047
2047
2047
2047
2047
2047
2047
2047
2047
2047
2047
2042
1359
785
340
19
-197
-333
-416
-472
-518
-563
-612
-668
-728
-789
-848
-901
-947
-984
-1014
-1035
-1050
-1061
-1067
-1071
-1072
-1072
-1069
-1065
-1060
-1053
-1046
-1038
-1029
-1021
-1011
-1002
-993
-983
-976
-968
-961
-955
-949
-943
-939
-935
-932
-929
-927
-925
-923
-922
-922
-922
-922
-922
-923
-924
-926
-928
-929
-931
-934
-937
-941
-945
-949
-954
-960
-965
-972
-976
-981
-984
-987
-987
-986
-983
-979
-974
-968
-961
-955
-950
-946
-942
-939
-940
-939
-941
-943
-945
-947
-950
-952
-954
-956
-958
-960
-963
-966
-969
-971
-975
-978
-982
-985
-990
-994
-997
-1001
-1005
-1010
-1015
-1020
-1025
-1031
-1037
-1043
-1048
-1055
-1060
-1065
-1070
-1074
-1078
-1081
-1084
-1085
-1087
-1087
-1087
-1086
-1085
-1084
-1083
-1081
-1079
-1077
-1075
-1073
-1071
-1069
-1067
-1065
-1063
-1062
-1060
-1058
-1055
-1051
-1048
-1045
-1040
-1036
-1031
-1027
-1022
-1017
-1014
-1011
-1008
-1005
-1005
-1004
-1004
-1005
-1006
-1007
-1009
-1011
-1013
-1014
-1014
-1015
-1015
-1016
-1016
-1015
-1015
-1014
-1013
-1013
-1012
-1010
-1009
-1007
-1005
-1002
-998
-995
-992
-988
-984
-980
-976
-973
-970
-967
-966
-965
-963
-962
-961
-960
-960
-961
-961
-961
-961
-961
-960
-959
-958
-956
-954
-951
-947
-943
-938
-933
-928
-924
-919
-915
-911
-908
-904
-902
-898
-896
-893
-891
-888
-885
-883
-880
-878
-876
-874
-871
-869
-868
-866
-864
-862
-859
-856
-853
-848
-842
-837
-830
-822
-814
-806
-797
-788
-780
-771
-763
-755
-746
-740
-732
-723
-715
-707
-700
-693
-685
-679
-673
-669
-666
-664
-663
-664
-665
-667
-669
-671
-672
-673
-672
-670
-668
-665
-661
-655
-650
-645
-639
-633
-626
-618
-609
-599
-589
-578
-567
-555
-545
-536
-526
-519
-512
-508
-503
-500
-498
-496
-495
-494
-494
-493
-493
-492
-491
-492
-492
-493
-494
-495
-497
-499
-502
-504
-508
-510
-513
-516
-518
-521
-524
-525
-526
-526
-526
-525
-525
-526
-526
-527
-530
-531
-535
-539
-545
-549
-554
-558
-563
-567
-570
-571
-574
-575
-576
-577
-578
-578
-579
-579
-578
-578
-577
-576
-575
-573
-571
-569
-566
-562
-558
-551
-545
-538
-530
-521
-512
-503
-493
-484
-475
-467
-458
-451
-442
-435
-427
-420
-413
-407
-400
-393
-386
-379
-373
-367
-361
-354
-348
-341
-335
-330
-323
-319
-314
-310
-307
-303
-302
-300
-297
-296
-295
-292
-290
-288
-286
-282
-279
-276
-271
-267
-262
-258
-253
-249
-245
-241
-238
-235
-233
-231
-229
-226
-223
-220
-217
-213
-209
-204
-200
-195
-189
-185
-181
-177
-173
-171
-168
-166
-163
-161
-160
-158
-157
-156
-155
-155
-155
-156
-156
-157
-159
-161
-164
-166
-169
-171
-174
-176
-178
-179
-180
-181
-182
-183
-185
-187
-189
-193
-196
-200
-204
-208
-211
-214
-216
-219
-221
-223
-225
-227
-229
-233
-236
-240
-245
-250
-254
-259
-263
-268
-272
-277
-281
-287
-291
-296
-301
-306
-312
-315
-320
-326
-331
-336
-341
-346
-352
-358
-364
-370
-375
-382
-387
-393
-399
-405
-410
-415
-421
-428
-434
-440
-447
-455
-462
-470
-478
-485
-492
-499
-505
-511
-518
-523
-529
-534
-537
-542
-545
-548
-552
-555
-558
-560
-563
-567
-571
-576
-581
-587
-594
-602
-609
-617
-626
-633
-640
-647
-653
-658
-662
-665
-667
-669
-668
-668
-664
-659
-651
-638
-621
-598
-567
-530
-482
-426
-366
-303
-242
-186
-142
-109
-85
-61
-26
