31.250000
-9.500000
14.000000
34.750000
62.000000
47.000000
-13.750000
-4.750000
28.500000
54.500000
34.250000
-13.000000
-11.250000
5.500000
31.250000
0.750000
-6.500000
-19.250000
-1.000000
11.500000
-7.250000
-15.250000
13.500000
-5.750000
-142.250000
-77.750000
163.000000
165.500000
-50.750000
-203.000000
-34.750000
124.250000
226.500000
12.250000
-47.250000
-84.500000
147.500000
188.500000
64.250000
-164.000000
-206.750000
191.250000
378.000000
162.750000
-244.250000
-210.750000
90.000000
380.000000
161.250000
-172.000000
-292.500000
-7.000000
287.500000
210.250000
-87.250000
-264.500000
-82.500000
185.500000
168.000000
-40.250000
-233.250000
-90.250000
155.500000
194.000000
-21.250000
-231.250000
-123.750000
106.750000
249.250000
56.750000
-168.500000
-168.500000
43.000000
216.250000
122.250000
-68.750000
-167.000000
22.750000
158.000000
141.750000
-46.250000
-130.750000
7.250000
160.750000
137.750000
-38.500000
-140.500000
-28.250000
138.000000
169.750000
-8.250000
-117.750000
-102.500000
75.000000
143.500000
69.750000
-101.750000
-94.500000
13.500000
114.250000
50.750000
-25.500000
-91.000000
2.750000
92.500000
76.000000
-1.750000
-76.500000
7.750000
73.000000
119.750000
8.750000
-48.500000
-14.250000
75.250000
128.250000
17.000000
-32.500000
-46.000000
68.250000
100.500000
34.000000
-42.000000
-64.000000
34.750000
53.750000
39.500000
-48.250000
-50.750000
-9.000000
43.250000
29.750000
-52.500000
-44.750000
-27.250000
64.500000
13.250000
-12.000000
-48.750000
-10.750000
36.250000
32.500000
24.250000
-44.000000
12.500000
21.750000
59.750000
15.000000
-10.750000
17.750000
36.000000
63.500000
21.250000
3.750000
-8.250000
40.250000
62.500000
36.000000
-11.750000
-13.500000
28.250000
44.000000
29.500000
-14.500000
-15.500000
7.250000
23.000000
17.500000
-10.500000
-10.000000
13.500000
11.000000
3.250000
-28.000000
18.500000
6.250000
1.500000
-28.500000
12.000000
49.250000
65.000000
15.500000
-60.250000
-7.250000
37.500000
102.750000
58.750000
11.500000
8.250000
-0.750000
59.250000
10.500000
35.750000
4.250000
50.250000
89.250000
50.500000
11.500000
-79.500000
4.250000
87.750000
130.250000
20.500000
-68.500000
-53.000000
16.750000
104.000000
64.750000
-11.500000
-59.500000
-8.000000
43.500000
42.000000
10.500000
-32.000000
1.750000
24.250000
17.250000
-13.500000
-29.000000
33.750000
18.000000
31.750000
-29.750000
-23.000000
3.750000
34.500000
48.500000
-7.000000
-13.000000
-27.250000
35.750000
44.250000
48.000000
-1.750000
-35.500000
-2.000000
51.500000
67.500000
9.750000
-15.000000
-8.000000
38.250000
57.250000
6.500000
-19.750000
-31.000000
30.250000
61.500000
36.000000
-38.500000
-41.000000
19.250000
36.250000
51.250000
-18.750000
-43.250000
-16.750000
51.250000
32.750000
2.750000
-30.750000
-5.500000
10.000000
50.500000
25.250000
-13.000000
-22.250000
33.500000
41.250000
25.500000
5.500000
2.750000
28.000000
44.250000
48.750000
3.250000
4.000000
9.500000
46.750000
35.000000
29.250000
3.250000
-0.250000
19.750000
23.750000
18.250000
13.500000
-5.250000
13.500000
3.000000
14.750000
11.750000
3.000000
1.250000
22.500000
4.500000
2.250000
6.250000
17.250000
22.000000
5.000000
-8.750000
8.000000
34.500000
24.750000
24.000000
-7.250000
16.000000
11.250000
38.250000
28.000000
19.250000
12.250000
19.750000
37.250000
25.500000
21.500000
3.000000
29.500000
41.250000
14.250000
10.750000
0.000000
26.000000
33.750000
30.500000
15.250000
-13.750000
40.500000
12.750000
26.250000
-11.500000
6.000000
30.250000
-5.750000
46.750000
7.250000
20.500000
19.250000
12.500000
-3.750000
-27.750000
21.750000
71.500000
64.750000
7.000000
1.750000
-21.750000
29.750000
35.000000
37.750000
18.250000
30.750000
29.750000
34.000000
-9.000000
0.500000
29.500000
55.250000
52.500000
-14.250000
-22.500000
-6.000000
38.750000
55.000000
9.500000
-13.500000
-28.000000
17.250000
26.750000
14.750000
-5.000000
-25.000000
8.750000
18.000000
2.250000
-14.250000
5.000000
17.250000
14.750000
14.250000
-7.500000
-18.000000
10.500000
29.250000
19.750000
-8.250000
-18.000000
-4.250000
26.250000
31.750000
-11.250000
-23.000000
-1.750000
29.250000
21.000000
-9.500000
-22.500000
1.000000
21.250000
15.000000
-17.250000
-37.000000
0.500000
39.500000
32.750000
-7.750000
-38.250000
4.000000
10.750000
49.750000
-1.500000
-4.500000
-14.500000
22.750000
47.000000
7.000000
-14.250000
6.500000
42.500000
44.750000
10.000000
-33.750000
7.000000
40.500000
48.000000
12.250000
-2.750000
-15.000000
33.750000
46.000000
34.750000
-0.750000
-15.500000
24.000000
38.250000
36.750000
-9.250000
5.250000
12.750000
47.750000
39.750000
5.000000
-2.750000
12.750000
54.250000
41.750000
18.000000
-7.000000
7.750000
41.250000
42.250000
20.500000
-1.000000
15.250000
34.000000
32.750000
9.500000
-5.250000
18.500000
21.250000
21.500000
20.500000
-5.750000
8.000000
-3.500000
23.000000
20.250000
23.500000
2.500000
2.250000
9.500000
13.750000
26.500000
8.500000
11.750000
23.250000
15.750000
-7.000000
25.500000
33.750000
43.750000
3.000000
-59.750000
13.000000
40.500000
76.750000
7.000000
-75.500000
-10.250000
0.500000
81.250000
-22.000000
-4.750000
-62.500000
91.500000
31.000000
-24.500000
-56.750000
-129.250000
100.250000
26.250000
96.250000
-133.000000
-78.250000
-9.250000
87.250000
67.500000
-80.250000
-45.250000
-50.500000
98.000000
37.250000
-14.750000
-58.250000
-4.250000
97.250000
41.750000
11.500000
-79.750000
37.750000
77.750000
86.000000
-5.500000
-49.250000
9.250000
74.500000
84.000000
6.250000
-36.500000
12.750000
66.000000
69.500000
-3.500000
-15.250000
6.500000
53.000000
64.250000
3.750000
-27.500000
-2.250000
53.750000
61.750000
23.750000
-13.750000
3.750000
37.750000
65.500000
14.000000
0.250000
0.500000
56.000000
72.000000
23.250000
0.250000
-26.750000
55.750000
65.750000
46.000000
-8.750000
-2.500000
26.500000
59.500000
41.750000
-15.250000
-5.500000
18.250000
65.250000
29.250000
-11.500000
-16.500000
14.000000
83.250000
27.750000
3.500000
-44.000000
11.500000
61.000000
53.500000
-4.250000
-51.750000
6.250000
46.000000
57.750000
11.500000
-32.250000
-2.750000
33.250000
25.500000
25.250000
-5.250000
1.250000
2.000000
20.250000
20.000000
7.750000
4.000000
-1.250000
15.000000
21.750000
4.250000
-6.750000
-10.750000
12.500000
35.500000
5.250000
-6.500000
-14.250000
30.000000
16.250000
23.750000
3.250000
-11.500000
-7.750000
36.250000
42.000000
12.250000
1.000000
6.000000
31.000000
40.000000
21.250000
9.250000
-6.500000
63.250000
-27.250000
1.500000
172.500000
364.750000
111.750000
-355.750000
-363.500000
78.250000
390.000000
171.000000
-140.000000
-258.500000
-98.000000
149.500000
151.500000
-83.250000
-180.250000
160.750000
479.750000
235.750000
-307.750000
-498.500000
-44.000000
388.750000
369.500000
-110.250000
-369.000000
-156.250000
229.000000
273.250000
-21.250000
-224.000000
-139.500000
159.500000
207.250000
35.000000
-206.750000
-127.500000
78.250000
208.500000
106.000000
-170.500000
-140.000000
-1.500000
169.750000
142.250000
-57.250000
-145.500000
-76.500000
96.250000
170.250000
22.000000
-118.750000
-118.750000
48.000000
148.750000
44.500000
-89.000000
-124.000000
27.000000
108.500000
83.000000
-75.750000
-92.500000
-11.500000
128.250000
71.250000
-42.250000
-118.750000
-5.750000
116.750000
103.000000
-8.750000
-113.750000
-23.500000
84.000000
105.500000
5.500000
-80.750000
-16.250000
50.500000
107.250000
14.000000
-18.750000
-37.750000
57.000000
89.000000
46.250000
-1.000000
-32.750000
50.750000
71.500000
74.500000
-3.250000
-15.000000
18.500000
64.750000
68.000000
-13.000000
-6.750000
-9.250000
57.000000
44.500000
0.750000
-39.250000
-31.500000
33.000000
57.250000
1.250000
-62.000000
-46.250000
22.000000
46.750000
15.250000
-46.000000
-34.750000
11.500000
32.750000
24.750000
-30.000000
2.750000
6.000000
54.750000
37.000000
4.250000
-13.750000
10.000000
60.000000
52.750000
20.250000
6.000000
3.000000
54.500000
60.500000
30.750000
-1.250000
-1.500000
38.750000
52.500000
25.750000
-7.000000
-23.000000
15.750000
38.000000
18.750000
-22.000000
-24.000000
-1.000000
12.500000
15.500000
-7.250000
23.750000
-123.250000
-158.250000
126.250000
224.500000
-0.250000
-214.750000
-114.500000
133.000000
182.750000
61.500000
-92.750000
-118.000000
143.500000
232.500000
65.250000
-130.250000
-311.000000
83.000000
436.250000
249.500000
-200.750000
-334.000000
32.250000
376.000000
260.250000
-163.250000
-335.500000
-35.250000
301.750000
276.000000
-129.500000
-300.000000
-107.250000
231.250000
256.250000
-61.500000
-274.750000
-154.500000
188.250000
246.250000
19.750000
-247.750000
-168.500000
119.750000
248.000000
80.000000
-185.250000
-171.250000
62.750000
237.500000
111.750000
-120.000000
-167.750000
31.250000
203.250000
150.000000
-64.750000
-165.750000
-0.750000
167.750000
171.000000
-35.250000
-134.750000
-57.500000
129.000000
168.500000
8.750000
-115.750000
-104.000000
96.750000
141.500000
45.250000
-92.500000
-94.250000
46.750000
110.250000
65.750000
-58.500000
-74.500000
12.250000
96.500000
107.250000
-24.250000
-44.750000
-20.000000
99.750000
108.750000
32.250000
-29.000000
-24.000000
92.500000
105.250000
54.000000
-33.750000
-20.500000
60.750000
96.250000
52.000000
-43.500000
-40.000000
5.500000
83.500000
38.250000
-40.500000
-63.500000
-21.250000
51.250000
10.000000
-16.000000
-71.500000
-28.500000
20.500000
23.250000
-25.750000
-51.250000
-28.000000
26.500000
31.750000
-3.750000
-45.250000
-23.500000
24.750000
60.500000
11.750000
-32.750000
-21.750000
20.250000
82.250000
29.500000
-20.750000
-25.000000
19.500000
57.000000
34.250000
-6.500000
-40.000000
-0.750000
37.750000
45.750000
-22.000000
-40.250000
-21.500000
24.500000
33.000000
-27.500000
-39.750000
-36.000000
28.750000
24.500000
-12.500000
-28.250000
-46.500000
27.750000
-5.000000
-1.000000
18.000000
18.000000
57.000000
-41.500000
-2.750000
10.750000
62.750000
92.750000
28.750000
3.750000
-39.750000
55.250000
74.250000
80.500000
-35.000000
-19.000000
130.750000
102.500000
95.250000
-109.500000
-19.250000
44.000000
187.750000
116.500000
-35.000000
-71.250000
-11.000000
142.750000
123.250000
42.250000
-40.750000
-9.750000
72.750000
90.750000
45.750000
-13.750000
7.750000
50.500000
84.000000
19.750000
-10.000000
-14.000000
42.000000
81.000000
40.000000
-18.750000
-27.250000
12.500000
49.250000
56.500000
3.750000
-30.250000
-12.000000
26.750000
52.250000
16.000000
-31.500000
-34.500000
16.750000
47.250000
18.250000
-32.250000
-32.250000
17.500000
24.250000
20.750000
-23.000000
-26.250000
-19.750000
0.500000
11.750000
18.750000
1.750000
-25.750000
-30.500000
5.500000
44.000000
28.250000
-30.250000
-21.750000
5.500000
58.250000
21.250000
-25.500000
-6.750000
28.500000
44.500000
9.250000
-6.250000
24.750000
-3.500000