f	32GHz
num		xn			yn			An			phi(arc)
1		0.002344	0.002344	0.485728	0.000000
2		0.002344	0.007031	0.542140	0.000000
3		0.002344	0.011719	0.604420	0.000000
4		0.002344	0.016406	0.672839	0.000000
5		0.002344	0.021094	0.747563	0.000000
6		0.002344	0.025781	0.828609	0.000000
7		0.002344	0.030469	0.915798	0.000000
8		0.002344	0.035156	1.008708	0.000000
9		0.002344	0.039844	1.106618	0.000000
10		0.002344	0.044531	1.208466	0.000000
11		0.002344	0.049219	1.312815	0.000000
12		0.002344	0.053906	1.417840	0.000000
13		0.002344	0.058594	1.521341	0.000000
14		0.002344	0.063281	1.620791	0.000000
15		0.002344	0.067969	1.713430	0.000000
16		0.002344	0.072656	1.796391	0.000000
17		0.002344	0.077344	1.866863	0.757300
18		0.002344	0.082031	1.922283	0.757300
19		0.002344	0.086719	1.960517	0.757300
20		0.002344	0.091406	1.980034	0.757300
21		0.002344	0.096094	1.980034	0.757300
22		0.002344	0.100781	1.960517	0.757300
23		0.002344	0.105469	1.922283	0.757300
24		0.002344	0.110156	1.866863	0.757300
25		0.002344	0.114844	1.796391	0.000000
26		0.002344	0.119531	1.713430	0.000000
27		0.002344	0.124219	1.620791	0.000000
28		0.002344	0.128906	1.521341	0.000000
29		0.002344	0.133594	1.417840	0.000000
30		0.002344	0.138281	1.312815	0.000000
31		0.002344	0.142969	1.208466	0.000000
32		0.002344	0.147656	1.106618	0.000000
33		0.002344	0.152344	1.008708	0.000000
34		0.002344	0.157031	0.915798	0.000000
35		0.002344	0.161719	0.828609	0.000000
36		0.002344	0.166406	0.747563	0.000000
37		0.002344	0.171094	0.672839	0.000000
38		0.002344	0.175781	0.604420	0.000000
39		0.002344	0.180469	0.542140	0.000000
40		0.002344	0.185156	0.485728	0.000000
41		0.007031	0.002344	0.561894	0.000000
42		0.007031	0.007031	0.628731	0.000000
43		0.007031	0.011719	0.702785	0.000000
44		0.007031	0.016406	0.784441	0.000000
45		0.007031	0.021094	0.873962	0.000000
46		0.007031	0.025781	0.971435	0.000000
47		0.007031	0.030469	1.076713	0.000000
48		0.007031	0.035156	1.189347	0.000000
49		0.007031	0.039844	1.308518	0.000000
50		0.007031	0.044531	1.432975	0.000000
51		0.007031	0.049219	1.560986	0.000000
52		0.007031	0.053906	1.690311	0.000000
53		0.007031	0.058594	1.818216	5.712791
54		0.007031	0.063281	1.941528	5.712791
55		0.007031	0.067969	2.056745	5.712791
56		0.007031	0.072656	2.160204	5.712791
57		0.007031	0.077344	2.248292	5.712791
58		0.007031	0.082031	2.317692	5.712791
59		0.007031	0.086719	2.365636	5.712791
60		0.007031	0.091406	2.390129	5.712791
61		0.007031	0.096094	2.390129	5.712791
62		0.007031	0.100781	2.365636	5.712791
63		0.007031	0.105469	2.317692	5.712791
64		0.007031	0.110156	2.248292	5.712791
65		0.007031	0.114844	2.160204	5.712791
66		0.007031	0.119531	2.056745	5.712791
67		0.007031	0.124219	1.941528	5.712791
68		0.007031	0.128906	1.818216	5.712791
69		0.007031	0.133594	1.690311	0.000000
70		0.007031	0.138281	1.560986	0.000000
71		0.007031	0.142969	1.432975	0.000000
72		0.007031	0.147656	1.308518	0.000000
73		0.007031	0.152344	1.189347	0.000000
74		0.007031	0.157031	1.076713	0.000000
75		0.007031	0.161719	0.971435	0.000000
76		0.007031	0.166406	0.873962	0.000000
77		0.007031	0.171094	0.784441	0.000000
78		0.007031	0.175781	0.702785	0.000000
79		0.007031	0.180469	0.628731	0.000000
80		0.007031	0.185156	0.561894	0.000000
81		0.011719	0.002344	0.645276	0.000000
82		0.011719	0.007031	0.723734	0.000000
83		0.011719	0.011719	0.810957	0.000000
84		0.011719	0.016406	0.907469	0.000000
85		0.011719	0.021094	1.013655	0.000000
86		0.011719	0.025781	1.129699	0.000000
87		0.011719	0.030469	1.255505	0.000000
88		0.011719	0.035156	1.390611	0.000000
89		0.011719	0.039844	1.534103	0.000000
90		0.011719	0.044531	1.684526	0.000000
91		0.011719	0.049219	1.839819	4.385097
92		0.011719	0.053906	1.997272	4.385097
93		0.011719	0.058594	2.153530	4.385097
94		0.011719	0.063281	2.304662	4.385097
95		0.011719	0.067969	2.446288	4.385097
96		0.011719	0.072656	2.573792	4.385097
97		0.011719	0.077344	2.682592	4.385097
98		0.011719	0.082031	2.768464	4.385097
99		0.011719	0.086719	2.827863	4.385097
100		0.011719	0.091406	2.858233	4.385097
101		0.011719	0.096094	2.858233	4.385097
102		0.011719	0.100781	2.827863	4.385097
103		0.011719	0.105469	2.768464	4.385097
104		0.011719	0.110156	2.682592	4.385097
105		0.011719	0.114844	2.573792	4.385097
106		0.011719	0.119531	2.446288	4.385097
107		0.011719	0.124219	2.304662	4.385097
108		0.011719	0.128906	2.153530	4.385097
109		0.011719	0.133594	1.997272	4.385097
110		0.011719	0.138281	1.839819	4.385097
111		0.011719	0.142969	1.684526	0.000000
112		0.011719	0.147656	1.534103	0.000000
113		0.011719	0.152344	1.390611	0.000000
114		0.011719	0.157031	1.255505	0.000000
115		0.011719	0.161719	1.129699	0.000000
116		0.011719	0.166406	1.013655	0.000000
117		0.011719	0.171094	0.907469	0.000000
118		0.011719	0.175781	0.810957	0.000000
119		0.011719	0.180469	0.723734	0.000000
120		0.011719	0.185156	0.645276	0.000000
121		0.016406	0.002344	0.735525	0.000000
122		0.016406	0.007031	0.826746	0.000000
123		0.016406	0.011719	0.928473	0.000000
124		0.016406	0.016406	1.041394	0.000000
125		0.016406	0.021094	1.166047	0.000000
126		0.016406	0.025781	1.302737	0.000000
127		0.016406	0.030469	1.451440	0.000000
128		0.016406	0.035156	1.611700	0.000000
129		0.016406	0.039844	1.782511	0.000000
130		0.016406	0.044531	1.962205	3.057402
131		0.016406	0.049219	2.148361	3.057402
132		0.016406	0.053906	2.337744	3.057402
133		0.016406	0.058594	2.526298	3.057402
134		0.016406	0.063281	2.709217	3.057402
135		0.016406	0.067969	2.881106	3.057402
136		0.016406	0.072656	3.036236	3.057402
137		0.016406	0.077344	3.168888	3.057402
138		0.016406	0.082031	3.273760	3.057402
139		0.016406	0.086719	3.346393	3.057402
140		0.016406	0.091406	3.383557	3.057402
141		0.016406	0.096094	3.383557	3.057402
142		0.016406	0.100781	3.346393	3.057402
143		0.016406	0.105469	3.273760	3.057402
144		0.016406	0.110156	3.168888	3.057402
145		0.016406	0.114844	3.036236	3.057402
146		0.016406	0.119531	2.881106	3.057402
147		0.016406	0.124219	2.709217	3.057402
148		0.016406	0.128906	2.526298	3.057402
149		0.016406	0.133594	2.337744	3.057402
150		0.016406	0.138281	2.148361	3.057402
151		0.016406	0.142969	1.962205	3.057402
152		0.016406	0.147656	1.782511	0.000000
153		0.016406	0.152344	1.611700	0.000000
154		0.016406	0.157031	1.451440	0.000000
155		0.016406	0.161719	1.302737	0.000000
156		0.016406	0.166406	1.166047	0.000000
157		0.016406	0.171094	1.041394	0.000000
158		0.016406	0.175781	0.928473	0.000000
159		0.016406	0.180469	0.826746	0.000000
160		0.016406	0.185156	0.735525	0.000000
161		0.021094	0.002344	0.832033	0.000000
162		0.021094	0.007031	0.937052	0.000000
163		0.021094	0.011719	1.054491	0.000000
164		0.021094	0.016406	1.185234	0.000000
165		0.021094	0.021094	1.329992	0.000000
166		0.021094	0.025781	1.489219	0.000000
167		0.021094	0.030469	1.662989	0.000000
168		0.021094	0.035156	1.850863	1.729708
169		0.021094	0.039844	2.051753	1.729708
170		0.021094	0.044531	2.263773	1.729708
171		0.021094	0.049219	2.484117	1.729708
172		0.021094	0.053906	2.708974	1.729708
173		0.021094	0.058594	2.933510	1.729708
174		0.021094	0.063281	3.151943	1.729708
175		0.021094	0.067969	3.357729	1.729708
176		0.021094	0.072656	3.543872	1.729708
177		0.021094	0.077344	3.703352	1.729708
178		0.021094	0.082031	3.829631	1.729708
179		0.021094	0.086719	3.917189	1.729708
180		0.021094	0.091406	3.962021	1.729708
181		0.021094	0.096094	3.962021	1.729708
182		0.021094	0.100781	3.917189	1.729708
183		0.021094	0.105469	3.829631	1.729708
184		0.021094	0.110156	3.703352	1.729708
185		0.021094	0.114844	3.543872	1.729708
186		0.021094	0.119531	3.357729	1.729708
187		0.021094	0.124219	3.151943	1.729708
188		0.021094	0.128906	2.933510	1.729708
189		0.021094	0.133594	2.708974	1.729708
190		0.021094	0.138281	2.484117	1.729708
191		0.021094	0.142969	2.263773	1.729708
192		0.021094	0.147656	2.051753	1.729708
193		0.021094	0.152344	1.850863	1.729708
194		0.021094	0.157031	1.662989	0.000000
195		0.021094	0.161719	1.489219	0.000000
196		0.021094	0.166406	1.329992	0.000000
197		0.021094	0.171094	1.185234	0.000000
198		0.021094	0.175781	1.054491	0.000000
199		0.021094	0.180469	0.937052	0.000000
200		0.021094	0.185156	0.832033	0.000000
201		0.025781	0.002344	0.933924	0.000000
202		0.025781	0.007031	1.053606	0.000000
203		0.025781	0.011719	1.187771	0.000000
204		0.025781	0.016406	1.337514	0.000000
205		0.025781	0.021094	1.503749	0.000000
206		0.025781	0.025781	1.687097	0.000000
207		0.025781	0.030469	1.887747	0.402013
208		0.025781	0.035156	2.105301	0.402013
209		0.025781	0.039844	2.338593	0.402013
210		0.025781	0.044531	2.585514	0.402013
211		0.025781	0.049219	2.842856	0.402013
212		0.025781	0.053906	3.106193	0.402013
213		0.025781	0.058594	3.369850	0.402013
214		0.025781	0.063281	3.626979	0.402013
215		0.025781	0.067969	3.869773	0.402013
216		0.025781	0.072656	4.089839	0.402013
217		0.025781	0.077344	4.278711	0.402013
218		0.025781	0.082031	4.428471	0.402013
219		0.025781	0.086719	4.532418	0.402013
220		0.025781	0.091406	4.585675	0.402013
221		0.025781	0.096094	4.585675	0.402013
222		0.025781	0.100781	4.532418	0.402013
223		0.025781	0.105469	4.428471	0.402013
224		0.025781	0.110156	4.278711	0.402013
225		0.025781	0.114844	4.089839	0.402013
226		0.025781	0.119531	3.869773	0.402013
227		0.025781	0.124219	3.626979	0.402013
228		0.025781	0.128906	3.369850	0.402013
229		0.025781	0.133594	3.106193	0.402013
230		0.025781	0.138281	2.842856	0.402013
231		0.025781	0.142969	2.585514	0.402013
232		0.025781	0.147656	2.338593	0.402013
233		0.025781	0.152344	2.105301	0.402013
234		0.025781	0.157031	1.887747	0.402013
235		0.025781	0.161719	1.687097	0.000000
236		0.025781	0.166406	1.503749	0.000000
237		0.025781	0.171094	1.337514	0.000000
238		0.025781	0.175781	1.187771	0.000000
239		0.025781	0.180469	1.053606	0.000000
240		0.025781	0.185156	0.933924	0.000000
241		0.030469	0.002344	1.040052	0.000000
242		0.030469	0.007031	1.175035	0.000000
243		0.030469	0.011719	1.326667	0.000000
244		0.030469	0.016406	1.496270	0.000000
245		0.030469	0.021094	1.684973	0.000000
246		0.030469	0.025781	1.893584	5.357504
247		0.030469	0.030469	2.122424	5.357504
248		0.030469	0.035156	2.371142	5.357504
249		0.030469	0.039844	2.638504	5.357504
250		0.030469	0.044531	2.922178	5.357504
251		0.030469	0.049219	3.218540	5.357504
252		0.030469	0.053906	3.522523	5.357504
253		0.030469	0.058594	3.827567	5.357504
254		0.030469	0.063281	4.125694	5.357504
255		0.030469	0.067969	4.407754	5.357504
256		0.030469	0.072656	4.663858	5.357504
257		0.030469	0.077344	4.883989	5.357504
258		0.030469	0.082031	5.058746	5.357504
259		0.030469	0.086719	5.180150	5.357504
260		0.030469	0.091406	5.242385	5.357504
261		0.030469	0.096094	5.242385	5.357504
262		0.030469	0.100781	5.180150	5.357504
263		0.030469	0.105469	5.058746	5.357504
264		0.030469	0.110156	4.883989	5.357504
265		0.030469	0.114844	4.663858	5.357504
266		0.030469	0.119531	4.407754	5.357504
267		0.030469	0.124219	4.125694	5.357504
268		0.030469	0.128906	3.827567	5.357504
269		0.030469	0.133594	3.522523	5.357504
270		0.030469	0.138281	3.218540	5.357504
271		0.030469	0.142969	2.922178	5.357504
272		0.030469	0.147656	2.638504	5.357504
273		0.030469	0.152344	2.371142	5.357504
274		0.030469	0.157031	2.122424	5.357504
275		0.030469	0.161719	1.893584	5.357504
276		0.030469	0.166406	1.684973	0.000000
277		0.030469	0.171094	1.496270	0.000000
278		0.030469	0.175781	1.326667	0.000000
279		0.030469	0.180469	1.175035	0.000000
280		0.030469	0.185156	1.040052	0.000000
281		0.035156	0.002344	1.149020	0.000000
282		0.035156	0.007031	1.299656	0.000000
283		0.035156	0.011719	1.469152	0.000000
284		0.035156	0.016406	1.659067	0.000000
285		0.035156	0.021094	1.870752	4.029810
286		0.035156	0.025781	2.105205	4.029810
287		0.035156	0.030469	2.362885	4.029810
288		0.035156	0.035156	2.643495	4.029810
289		0.035156	0.039844	2.945737	4.029810
290		0.035156	0.044531	3.267054	4.029810
291		0.035156	0.049219	3.603402	4.029810
292		0.035156	0.053906	3.949062	4.029810
293		0.035156	0.058594	4.296569	4.029810
294		0.035156	0.063281	4.636787	4.029810
295		0.035156	0.067969	4.959186	4.029810
296		0.035156	0.072656	5.252335	4.029810
297		0.035156	0.077344	5.504615	4.029810
298		0.035156	0.082031	5.705093	4.029810
299		0.035156	0.086719	5.844466	4.029810
300		0.035156	0.091406	5.915945	4.029810
301		0.035156	0.096094	5.915945	4.029810
302		0.035156	0.100781	5.844466	4.029810
303		0.035156	0.105469	5.705093	4.029810
304		0.035156	0.110156	5.504615	4.029810
305		0.035156	0.114844	5.252335	4.029810
306		0.035156	0.119531	4.959186	4.029810
307		0.035156	0.124219	4.636787	4.029810
308		0.035156	0.128906	4.296569	4.029810
309		0.035156	0.133594	3.949062	4.029810
310		0.035156	0.138281	3.603402	4.029810
311		0.035156	0.142969	3.267054	4.029810
312		0.035156	0.147656	2.945737	4.029810
313		0.035156	0.152344	2.643495	4.029810
314		0.035156	0.157031	2.362885	4.029810
315		0.035156	0.161719	2.105205	4.029810
316		0.035156	0.166406	1.870752	4.029810
317		0.035156	0.171094	1.659067	0.000000
318		0.035156	0.175781	1.469152	0.000000
319		0.035156	0.180469	1.299656	0.000000
320		0.035156	0.185156	1.149020	0.000000
321		0.039844	0.002344	1.259209	0.000000
322		0.039844	0.007031	1.425516	0.000000
323		0.039844	0.011719	1.612878	0.000000
324		0.039844	0.016406	1.823079	0.000000
325		0.039844	0.021094	2.057690	2.702115
326		0.039844	0.025781	2.317893	2.702115
327		0.039844	0.030469	2.604282	2.702115
328		0.039844	0.035156	2.916609	2.702115
329		0.039844	0.039844	3.253507	2.702115
330		0.039844	0.044531	3.612198	2.702115
331		0.039844	0.049219	3.988216	2.702115
332		0.039844	0.053906	4.375198	2.702115
333		0.039844	0.058594	4.764785	2.702115
334		0.039844	0.063281	5.146697	2.702115
335		0.039844	0.067969	5.509039	2.702115
336		0.039844	0.072656	5.838861	2.702115
337		0.039844	0.077344	6.122961	2.702115
338		0.039844	0.082031	6.348893	2.702115
339		0.039844	0.086719	6.506047	2.702115
340		0.039844	0.091406	6.586671	2.702115
341		0.039844	0.096094	6.586671	2.702115
342		0.039844	0.100781	6.506047	2.702115
343		0.039844	0.105469	6.348893	2.702115
344		0.039844	0.110156	6.122961	2.702115
345		0.039844	0.114844	5.838861	2.702115
346		0.039844	0.119531	5.509039	2.702115
347		0.039844	0.124219	5.146697	2.702115
348		0.039844	0.128906	4.764785	2.702115
349		0.039844	0.133594	4.375198	2.702115
350		0.039844	0.138281	3.988216	2.702115
351		0.039844	0.142969	3.612198	2.702115
352		0.039844	0.147656	3.253507	2.702115
353		0.039844	0.152344	2.916609	2.702115
354		0.039844	0.157031	2.604282	2.702115
355		0.039844	0.161719	2.317893	2.702115
356		0.039844	0.166406	2.057690	2.702115
357		0.039844	0.171094	1.823079	0.000000
358		0.039844	0.175781	1.612878	0.000000
359		0.039844	0.180469	1.425516	0.000000
360		0.039844	0.185156	1.259209	0.000000
361		0.044531	0.002344	1.368833	0.000000
362		0.044531	0.007031	1.550463	0.000000
363		0.044531	0.011719	1.755247	0.000000
364		0.044531	0.016406	1.985182	1.374421
365		0.044531	0.021094	2.242035	1.374421
366		0.044531	0.025781	2.527158	1.374421
367		0.044531	0.030469	2.841256	1.374421
368		0.044531	0.035156	3.184119	1.374421
369		0.044531	0.039844	3.554301	1.374421
370		0.044531	0.044531	3.948799	1.374421
371		0.044531	0.049219	4.362739	1.374421
372		0.044531	0.053906	4.789138	1.374421
373		0.044531	0.058594	5.218784	1.374421
374		0.044531	0.063281	5.640316	1.374421
375		0.044531	0.067969	6.040554	1.374421
376		0.044531	0.072656	6.405119	1.374421
377		0.044531	0.077344	6.719330	1.374421
378		0.044531	0.082031	6.969326	1.374421
379		0.044531	0.086719	7.143279	1.374421
380		0.044531	0.091406	7.232540	1.374421
381		0.044531	0.096094	7.232540	1.374421
382		0.044531	0.100781	7.143279	1.374421
383		0.044531	0.105469	6.969326	1.374421
384		0.044531	0.110156	6.719330	1.374421
385		0.044531	0.114844	6.405119	1.374421
386		0.044531	0.119531	6.040554	1.374421
387		0.044531	0.124219	5.640316	1.374421
388		0.044531	0.128906	5.218784	1.374421
389		0.044531	0.133594	4.789138	1.374421
390		0.044531	0.138281	4.362739	1.374421
391		0.044531	0.142969	3.948799	1.374421
392		0.044531	0.147656	3.554301	1.374421
393		0.044531	0.152344	3.184119	1.374421
394		0.044531	0.157031	2.841256	1.374421
395		0.044531	0.161719	2.527158	1.374421
396		0.044531	0.166406	2.242035	1.374421
397		0.044531	0.171094	1.985182	1.374421
398		0.044531	0.175781	1.755247	0.000000
399		0.044531	0.180469	1.550463	0.000000
400		0.044531	0.185156	1.368833	0.000000
401		0.049219	0.002344	1.476004	0.000000
402		0.049219	0.007031	1.672224	0.000000
403		0.049219	0.011719	1.893527	0.046726
404		0.049219	0.016406	2.142093	0.046726
405		0.049219	0.021094	2.419853	0.046726
406		0.049219	0.025781	2.728292	0.046726
407		0.049219	0.030469	3.068203	0.046726
408		0.049219	0.035156	3.439379	0.046726
409		0.049219	0.039844	3.840284	0.046726
410		0.049219	0.044531	4.267684	0.046726
411		0.049219	0.049219	4.716319	0.046726
412		0.049219	0.053906	5.178628	0.046726
413		0.049219	0.058594	5.644624	0.046726
414		0.049219	0.063281	6.101974	0.046726
415		0.049219	0.067969	6.536355	0.046726
416		0.049219	0.072656	6.932131	0.046726
417		0.049219	0.077344	7.273323	0.046726
418		0.049219	0.082031	7.544838	0.046726
419		0.049219	0.086719	7.733791	0.046726
420		0.049219	0.091406	7.830758	0.046726
421		0.049219	0.096094	7.830758	0.046726
422		0.049219	0.100781	7.733791	0.046726
423		0.049219	0.105469	7.544838	0.046726
424		0.049219	0.110156	7.273323	0.046726
425		0.049219	0.114844	6.932131	0.046726
426		0.049219	0.119531	6.536355	0.046726
427		0.049219	0.124219	6.101974	0.046726
428		0.049219	0.128906	5.644624	0.046726
429		0.049219	0.133594	5.178628	0.046726
430		0.049219	0.138281	4.716319	0.046726
431		0.049219	0.142969	4.267684	0.046726
432		0.049219	0.147656	3.840284	0.046726
433		0.049219	0.152344	3.439379	0.046726
434		0.049219	0.157031	3.068203	0.046726
435		0.049219	0.161719	2.728292	0.046726
436		0.049219	0.166406	2.419853	0.046726
437		0.049219	0.171094	2.142093	0.046726
438		0.049219	0.175781	1.893527	0.046726
439		0.049219	0.180469	1.672224	0.000000
440		0.049219	0.185156	1.476004	0.000000
441		0.053906	0.002344	1.578809	0.000000
442		0.053906	0.007031	1.788504	0.000000
443		0.053906	0.011719	2.024970	5.002217
444		0.053906	0.016406	2.290523	5.002217
445		0.053906	0.021094	2.587216	5.002217
446		0.053906	0.025781	2.916623	5.002217
447		0.053906	0.030469	3.279576	5.002217
448		0.053906	0.035156	3.675843	5.002217
449		0.053906	0.039844	4.103769	5.002217
450		0.053906	0.044531	4.559892	5.002217
451		0.053906	0.049219	5.038589	5.002217
452		0.053906	0.053906	5.531787	5.002217
453		0.053906	0.058594	6.028833	5.002217
454		0.053906	0.063281	6.516576	5.002217
455		0.053906	0.067969	6.979756	5.002217
456		0.053906	0.072656	7.401713	5.002217
457		0.053906	0.077344	7.765433	5.002217
458		0.053906	0.082031	8.054849	5.002217
459		0.053906	0.086719	8.256246	5.002217
460		0.053906	0.091406	8.359594	5.002217
461		0.053906	0.096094	8.359594	5.002217
462		0.053906	0.100781	8.256246	5.002217
463		0.053906	0.105469	8.054849	5.002217
464		0.053906	0.110156	7.765433	5.002217
465		0.053906	0.114844	7.401713	5.002217
466		0.053906	0.119531	6.979756	5.002217
467		0.053906	0.124219	6.516576	5.002217
468		0.053906	0.128906	6.028833	5.002217
469		0.053906	0.133594	5.531787	5.002217
470		0.053906	0.138281	5.038589	5.002217
471		0.053906	0.142969	4.559892	5.002217
472		0.053906	0.147656	4.103769	5.002217
473		0.053906	0.152344	3.675843	5.002217
474		0.053906	0.157031	3.279576	5.002217
475		0.053906	0.161719	2.916623	5.002217
476		0.053906	0.166406	2.587216	5.002217
477		0.053906	0.171094	2.290523	5.002217
478		0.053906	0.175781	2.024970	5.002217
479		0.053906	0.180469	1.788504	0.000000
480		0.053906	0.185156	1.578809	0.000000
481		0.058594	0.002344	1.675389	0.000000
482		0.058594	0.007031	1.897091	3.674523
483		0.058594	0.011719	2.146941	3.674523
484		0.058594	0.016406	2.427343	3.674523
485		0.058594	0.021094	2.740415	3.674523
486		0.058594	0.025781	3.087765	3.674523
487		0.058594	0.030469	3.470214	3.674523
488		0.058594	0.035156	3.887461	3.674523
489		0.058594	0.039844	4.337706	3.674523
490		0.058594	0.044531	4.817263	3.674523
491		0.058594	0.049219	5.320180	3.674523
492		0.058594	0.053906	5.837956	3.674523
493		0.058594	0.058594	6.359407	3.674523
494		0.058594	0.063281	6.870761	3.674523
495		0.058594	0.067969	7.356066	3.674523
496		0.058594	0.072656	7.797939	3.674523
497		0.058594	0.077344	8.178650	3.674523
498		0.058594	0.082031	8.481471	3.674523
499		0.058594	0.086719	8.692137	3.674523
500		0.058594	0.091406	8.800224	3.674523
501		0.058594	0.096094	8.800224	3.674523
502		0.058594	0.100781	8.692137	3.674523
503		0.058594	0.105469	8.481471	3.674523
504		0.058594	0.110156	8.178650	3.674523
505		0.058594	0.114844	7.797939	3.674523
506		0.058594	0.119531	7.356066	3.674523
507		0.058594	0.124219	6.870761	3.674523
508		0.058594	0.128906	6.359407	3.674523
509		0.058594	0.133594	5.837956	3.674523
510		0.058594	0.138281	5.320180	3.674523
511		0.058594	0.142969	4.817263	3.674523
512		0.058594	0.147656	4.337706	3.674523
513		0.058594	0.152344	3.887461	3.674523
514		0.058594	0.157031	3.470214	3.674523
515		0.058594	0.161719	3.087765	3.674523
516		0.058594	0.166406	2.740415	3.674523
517		0.058594	0.171094	2.427343	3.674523
518		0.058594	0.175781	2.146941	3.674523
519		0.058594	0.180469	1.897091	3.674523
520		0.058594	0.185156	1.675389	0.000000
521		0.063281	0.002344	1.764023	0.000000
522		0.063281	0.007031	1.995952	2.346828
523		0.063281	0.011719	2.257046	2.346828
524		0.063281	0.016406	2.549738	2.346828
525		0.063281	0.021094	2.876151	2.346828
526		0.063281	0.025781	3.237865	2.346828
527		0.063281	0.030469	3.635634	2.346828
528		0.063281	0.035156	4.069043	2.346828
529		0.063281	0.039844	4.536129	2.346828
530		0.063281	0.044531	5.032979	2.346828
531		0.063281	0.049219	5.553365	2.346828
532		0.063281	0.053906	6.088455	2.346828
533		0.063281	0.058594	6.626692	2.346828
534		0.063281	0.063281	7.153905	2.346828
535		0.063281	0.067969	7.653737	2.346828
536		0.063281	0.072656	8.108409	2.346828
537		0.063281	0.077344	8.499833	2.346828
538		0.063281	0.082031	8.810973	2.346828
539		0.063281	0.086719	9.027324	2.346828
540		0.063281	0.091406	9.138295	2.346828
541		0.063281	0.096094	9.138295	2.346828
542		0.063281	0.100781	9.027324	2.346828
543		0.063281	0.105469	8.810973	2.346828
544		0.063281	0.110156	8.499833	2.346828
545		0.063281	0.114844	8.108409	2.346828
546		0.063281	0.119531	7.653737	2.346828
547		0.063281	0.124219	7.153905	2.346828
548		0.063281	0.128906	6.626692	2.346828
549		0.063281	0.133594	6.088455	2.346828
550		0.063281	0.138281	5.553365	2.346828
551		0.063281	0.142969	5.032979	2.346828
552		0.063281	0.147656	4.536129	2.346828
553		0.063281	0.152344	4.069043	2.346828
554		0.063281	0.157031	3.635634	2.346828
555		0.063281	0.161719	3.237865	2.346828
556		0.063281	0.166406	2.876151	2.346828
557		0.063281	0.171094	2.549738	2.346828
558		0.063281	0.175781	2.257046	2.346828
559		0.063281	0.180469	1.995952	2.346828
560		0.063281	0.185156	1.764023	0.000000
561		0.067969	0.002344	1.843197	0.000000
562		0.067969	0.007031	2.083327	1.019134
563		0.067969	0.011719	2.353244	1.019134
564		0.067969	0.016406	2.655348	1.019134
565		0.067969	0.021094	2.991704	1.019134
566		0.067969	0.025781	3.363803	1.019134
567		0.067969	0.030469	3.772279	1.019134
568		0.067969	0.035156	4.216562	1.019134
569		0.067969	0.039844	4.694504	1.019134
570		0.067969	0.044531	5.201983	1.019134
571		0.067969	0.049219	5.732550	1.019134
572		0.067969	0.053906	6.277152	1.019134
573		0.067969	0.058594	6.824034	1.019134
574		0.067969	0.063281	7.358864	1.019134
575		0.067969	0.067969	7.865174	1.019134
576		0.067969	0.072656	8.325137	1.019134
577		0.067969	0.077344	8.720673	1.019134
578		0.067969	0.082031	9.034799	1.019134
579		0.067969	0.086719	9.253080	1.019134
580		0.067969	0.091406	9.364996	1.019134
581		0.067969	0.096094	9.364996	1.019134
582		0.067969	0.100781	9.253080	1.019134
583		0.067969	0.105469	9.034799	1.019134
584		0.067969	0.110156	8.720673	1.019134
585		0.067969	0.114844	8.325137	1.019134
586		0.067969	0.119531	7.865174	1.019134
587		0.067969	0.124219	7.358864	1.019134
588		0.067969	0.128906	6.824034	1.019134
589		0.067969	0.133594	6.277152	1.019134
590		0.067969	0.138281	5.732550	1.019134
591		0.067969	0.142969	5.201983	1.019134
592		0.067969	0.147656	4.694504	1.019134
593		0.067969	0.152344	4.216562	1.019134
594		0.067969	0.157031	3.772279	1.019134
595		0.067969	0.161719	3.363803	1.019134
596		0.067969	0.166406	2.991704	1.019134
597		0.067969	0.171094	2.655348	1.019134
598		0.067969	0.175781	2.353244	1.019134
599		0.067969	0.180469	2.083327	1.019134
600		0.067969	0.185156	1.843197	0.000000
601		0.072656	0.002344	1.911668	0.000000
602		0.072656	0.007031	2.157801	5.974625
603		0.072656	0.011719	2.433930	5.974625
604		0.072656	0.016406	2.742367	5.974625
605		0.072656	0.021094	3.085055	5.974625
606		0.072656	0.025781	3.463342	5.974625
607		0.072656	0.030469	3.877692	5.974625
608		0.072656	0.035156	4.327347	5.974625
609		0.072656	0.039844	4.809963	5.974625
610		0.072656	0.044531	5.321236	5.974625
611		0.072656	0.049219	5.854558	5.974625
612		0.072656	0.053906	6.400780	5.974625
613		0.072656	0.058594	6.948123	5.974625
614		0.072656	0.063281	7.482332	5.974625
615		0.072656	0.067969	7.987123	5.974625
616		0.072656	0.072656	8.444954	5.974625
617		0.072656	0.077344	8.838103	5.974625
618		0.072656	0.082031	9.149979	5.974625
619		0.072656	0.086719	9.366516	5.974625
620		0.072656	0.091406	9.477482	5.974625
621		0.072656	0.096094	9.477482	5.974625
622		0.072656	0.100781	9.366516	5.974625
623		0.072656	0.105469	9.149979	5.974625
624		0.072656	0.110156	8.838103	5.974625
625		0.072656	0.114844	8.444954	5.974625
626		0.072656	0.119531	7.987123	5.974625
627		0.072656	0.124219	7.482332	5.974625
628		0.072656	0.128906	6.948123	5.974625
629		0.072656	0.133594	6.400780	5.974625
630		0.072656	0.138281	5.854558	5.974625
631		0.072656	0.142969	5.321236	5.974625
632		0.072656	0.147656	4.809963	5.974625
633		0.072656	0.152344	4.327347	5.974625
634		0.072656	0.157031	3.877692	5.974625
635		0.072656	0.161719	3.463342	5.974625
636		0.072656	0.166406	3.085055	5.974625
637		0.072656	0.171094	2.742367	5.974625
638		0.072656	0.175781	2.433930	5.974625
639		0.072656	0.180469	2.157801	5.974625
640		0.072656	0.185156	1.911668	0.000000
641		0.077344	0.002344	1.968504	4.646930
642		0.077344	0.007031	2.218352	4.646930
643		0.077344	0.011719	2.497998	4.646930
644		0.077344	0.016406	2.809610	4.646930
645		0.077344	0.021094	3.154960	4.646930
646		0.077344	0.025781	3.535203	4.646930
647		0.077344	0.030469	3.950594	4.646930
648		0.077344	0.035156	4.400166	4.646930
649		0.077344	0.039844	4.881383	4.646930
650		0.077344	0.044531	5.389788	4.646930
651		0.077344	0.049219	5.918694	4.646930
652		0.077344	0.053906	6.458974	4.646930
653		0.077344	0.058594	6.999001	4.646930
654		0.077344	0.063281	7.524822	4.646930
655		0.077344	0.067969	8.020606	4.646930
656		0.077344	0.072656	8.469398	4.646930
657		0.077344	0.077344	8.854146	4.646930
658		0.077344	0.082031	9.158950	4.646930
659		0.077344	0.086719	9.370371	4.646930
660		0.077344	0.091406	9.478649	4.646930
661		0.077344	0.096094	9.478649	4.646930
662		0.077344	0.100781	9.370371	4.646930
663		0.077344	0.105469	9.158950	4.646930
664		0.077344	0.110156	8.854146	4.646930
665		0.077344	0.114844	8.469398	4.646930
666		0.077344	0.119531	8.020606	4.646930
667		0.077344	0.124219	7.524822	4.646930
668		0.077344	0.128906	6.999001	4.646930
669		0.077344	0.133594	6.458974	4.646930
670		0.077344	0.138281	5.918694	4.646930
671		0.077344	0.142969	5.389788	4.646930
672		0.077344	0.147656	4.881383	4.646930
673		0.077344	0.152344	4.400166	4.646930
674		0.077344	0.157031	3.950594	4.646930
675		0.077344	0.161719	3.535203	4.646930
676		0.077344	0.166406	3.154960	4.646930
677		0.077344	0.171094	2.809610	4.646930
678		0.077344	0.175781	2.497998	4.646930
679		0.077344	0.180469	2.218352	4.646930
680		0.077344	0.185156	1.968504	4.646930
681		0.082031	0.002344	2.013111	3.319236
682		0.082031	0.007031	2.264376	3.319236
683		0.082031	0.011719	2.544859	3.319236
684		0.082031	0.016406	2.856534	3.319236
685		0.082031	0.021094	3.200963	3.319236
686		0.082031	0.025781	3.579070	3.319236
687		0.082031	0.030469	3.990876	3.319236
688		0.082031	0.035156	4.435198	3.319236
689		0.082031	0.039844	4.909321	3.319236
690		0.082031	0.044531	5.408679	3.319236
691		0.082031	0.049219	5.926586	3.319236
692		0.082031	0.053906	6.454056	3.319236
693		0.082031	0.058594	6.979774	3.319236
694		0.082031	0.063281	7.490291	3.319236
695		0.082031	0.067969	7.970462	3.319236
696		0.082031	0.072656	8.404168	3.319236
697		0.082031	0.077344	8.775289	3.319236
698		0.082031	0.082031	9.068855	3.319236
699		0.082031	0.086719	9.272255	3.319236
700		0.082031	0.091406	9.376356	3.319236
701		0.082031	0.096094	9.376356	3.319236
702		0.082031	0.100781	9.272255	3.319236
703		0.082031	0.105469	9.068855	3.319236
704		0.082031	0.110156	8.775289	3.319236
705		0.082031	0.114844	8.404168	3.319236
706		0.082031	0.119531	7.970462	3.319236
707		0.082031	0.124219	7.490291	3.319236
708		0.082031	0.128906	6.979774	3.319236
709		0.082031	0.133594	6.454056	3.319236
710		0.082031	0.138281	5.926586	3.319236
711		0.082031	0.142969	5.408679	3.319236
712		0.082031	0.147656	4.909321	3.319236
713		0.082031	0.152344	4.435198	3.319236
714		0.082031	0.157031	3.990876	3.319236
715		0.082031	0.161719	3.579070	3.319236
716		0.082031	0.166406	3.200963	3.319236
717		0.082031	0.171094	2.856534	3.319236
718		0.082031	0.175781	2.544859	3.319236
719		0.082031	0.180469	2.264376	3.319236
720		0.082031	0.185156	2.013111	3.319236
721		0.086719	0.002344	2.045231	1.991542
722		0.086719	0.007031	2.295689	1.991542
723		0.086719	0.011719	2.574435	1.991542
724		0.086719	0.016406	2.883219	1.991542
725		0.086719	0.021094	3.223360	1.991542
726		0.086719	0.025781	3.595531	1.991542
727		0.086719	0.030469	3.999510	1.991542
728		0.086719	0.035156	4.433900	1.991542
729		0.086719	0.039844	4.895833	1.991542
730		0.086719	0.044531	5.380689	1.991542
731		0.086719	0.049219	5.881861	1.991542
732		0.086719	0.053906	6.390614	1.991542
733		0.086719	0.058594	6.896089	1.991542
734		0.086719	0.063281	7.385504	1.991542
735		0.086719	0.067969	7.844587	1.991542
736		0.086719	0.072656	8.258254	1.991542
737		0.086719	0.077344	8.611505	1.991542
738		0.086719	0.082031	8.890476	1.991542
739		0.086719	0.086719	9.083531	1.991542
740		0.086719	0.091406	9.182265	1.991542
741		0.086719	0.096094	9.182265	1.991542
742		0.086719	0.100781	9.083531	1.991542
743		0.086719	0.105469	8.890476	1.991542
744		0.086719	0.110156	8.611505	1.991542
745		0.086719	0.114844	8.258254	1.991542
746		0.086719	0.119531	7.844587	1.991542
747		0.086719	0.124219	7.385504	1.991542
748		0.086719	0.128906	6.896089	1.991542
749		0.086719	0.133594	6.390614	1.991542
750		0.086719	0.138281	5.881861	1.991542
751		0.086719	0.142969	5.380689	1.991542
752		0.086719	0.147656	4.895833	1.991542
753		0.086719	0.152344	4.433900	1.991542
754		0.086719	0.157031	3.999510	1.991542
755		0.086719	0.161719	3.595531	1.991542
756		0.086719	0.166406	3.223360	1.991542
757		0.086719	0.171094	2.883219	1.991542
758		0.086719	0.175781	2.574435	1.991542
759		0.086719	0.180469	2.295689	1.991542
760		0.086719	0.185156	2.045231	1.991542
761		0.091406	0.002344	2.064935	0.663847
762		0.091406	0.007031	2.312497	0.663847
763		0.091406	0.011719	2.587119	0.663847
764		0.091406	0.016406	2.890307	0.663847
765		0.091406	0.021094	3.223118	0.663847
766		0.091406	0.025781	3.585967	0.663847
767		0.091406	0.030469	3.978391	0.663847
768		0.091406	0.035156	4.398797	0.663847
769		0.091406	0.039844	4.844203	0.663847
770		0.091406	0.044531	5.309988	0.663847
771		0.091406	0.049219	5.789702	0.663847
772		0.091406	0.053906	6.274959	0.663847
773		0.091406	0.058594	6.755470	0.663847
774		0.091406	0.063281	7.219250	0.663847
775		0.091406	0.067969	7.653035	0.663847
776		0.091406	0.072656	8.042909	0.663847
777		0.091406	0.077344	8.375118	0.663847
778		0.091406	0.082031	8.637013	0.663847
779		0.091406	0.086719	8.818020	0.663847
780		0.091406	0.091406	8.910519	0.663847
781		0.091406	0.096094	8.910519	0.663847
782		0.091406	0.100781	8.818020	0.663847
783		0.091406	0.105469	8.637013	0.663847
784		0.091406	0.110156	8.375118	0.663847
785		0.091406	0.114844	8.042909	0.663847
786		0.091406	0.119531	7.653035	0.663847
787		0.091406	0.124219	7.219250	0.663847
788		0.091406	0.128906	6.755470	0.663847
789		0.091406	0.133594	6.274959	0.663847
790		0.091406	0.138281	5.789702	0.663847
791		0.091406	0.142969	5.309988	0.663847
792		0.091406	0.147656	4.844203	0.663847
793		0.091406	0.152344	4.398797	0.663847
794		0.091406	0.157031	3.978391	0.663847
795		0.091406	0.161719	3.585967	0.663847
796		0.091406	0.166406	3.223118	0.663847
797		0.091406	0.171094	2.890307	0.663847
798		0.091406	0.175781	2.587119	0.663847
799		0.091406	0.180469	2.312497	0.663847
800		0.091406	0.185156	2.064935	0.663847
801		0.096094	0.002344	2.072586	5.619338
802		0.096094	0.007031	2.315356	5.619338
803		0.096094	0.011719	2.583718	5.619338
804		0.096094	0.016406	2.878922	5.619338
805		0.096094	0.021094	3.201763	5.619338
806		0.096094	0.025781	3.552398	5.619338
807		0.096094	0.030469	3.930142	5.619338
808		0.096094	0.035156	4.333235	5.619338
809		0.096094	0.039844	4.758620	5.619338
810		0.096094	0.044531	5.201735	5.619338
811		0.096094	0.049219	5.656356	5.619338
812		0.096094	0.053906	6.114526	5.619338
813		0.096094	0.058594	6.566614	5.619338
814		0.096094	0.063281	7.001522	5.619338
815		0.096094	0.067969	7.407077	5.619338
816		0.096094	0.072656	7.770606	5.619338
817		0.096094	0.077344	8.079664	5.619338
818		0.096094	0.082031	8.322864	5.619338
819		0.096094	0.086719	8.490725	5.619338
820		0.096094	0.091406	8.576437	5.619338
821		0.096094	0.096094	8.576437	5.619338
822		0.096094	0.100781	8.490725	5.619338
823		0.096094	0.105469	8.322864	5.619338
824		0.096094	0.110156	8.079664	5.619338
825		0.096094	0.114844	7.770606	5.619338
826		0.096094	0.119531	7.407077	5.619338
827		0.096094	0.124219	7.001522	5.619338
828		0.096094	0.128906	6.566614	5.619338
829		0.096094	0.133594	6.114526	5.619338
830		0.096094	0.138281	5.656356	5.619338
831		0.096094	0.142969	5.201735	5.619338
832		0.096094	0.147656	4.758620	5.619338
833		0.096094	0.152344	4.333235	5.619338
834		0.096094	0.157031	3.930142	5.619338
835		0.096094	0.161719	3.552398	5.619338
836		0.096094	0.166406	3.201763	5.619338
837		0.096094	0.171094	2.878922	5.619338
838		0.096094	0.175781	2.583718	5.619338
839		0.096094	0.180469	2.315356	5.619338
840		0.096094	0.185156	2.072586	5.619338
841		0.100781	0.002344	2.068803	4.291644
842		0.100781	0.007031	2.305117	4.291644
843		0.100781	0.011719	2.565376	4.291644
844		0.100781	0.016406	2.850574	4.291644
845		0.100781	0.021094	3.161248	4.291644
846		0.100781	0.025781	3.497320	4.291644
847		0.100781	0.030469	3.857902	4.291644
848		0.100781	0.035156	4.241106	4.291644
849		0.100781	0.039844	4.643847	4.291644
850		0.100781	0.044531	5.061673	4.291644
851		0.100781	0.049219	5.488646	4.291644
852		0.100781	0.053906	5.917303	4.291644
853		0.100781	0.058594	6.338727	4.291644
854		0.100781	0.063281	6.742757	4.291644
855		0.100781	0.067969	7.118350	4.291644
856		0.100781	0.072656	7.454098	4.291644
857		0.100781	0.077344	7.738873	4.291644
858		0.100781	0.082031	7.962546	4.291644
859		0.100781	0.086719	8.116719	4.291644
860		0.100781	0.091406	8.195375	4.291644
861		0.100781	0.096094	8.195375	4.291644
862		0.100781	0.100781	8.116719	4.291644
863		0.100781	0.105469	7.962546	4.291644
864		0.100781	0.110156	7.738873	4.291644
865		0.100781	0.114844	7.454098	4.291644
866		0.100781	0.119531	7.118350	4.291644
867		0.100781	0.124219	6.742757	4.291644
868		0.100781	0.128906	6.338727	4.291644
869		0.100781	0.133594	5.917303	4.291644
870		0.100781	0.138281	5.488646	4.291644
871		0.100781	0.142969	5.061673	4.291644
872		0.100781	0.147656	4.643847	4.291644
873		0.100781	0.152344	4.241106	4.291644
874		0.100781	0.157031	3.857902	4.291644
875		0.100781	0.161719	3.497320	4.291644
876		0.100781	0.166406	3.161248	4.291644
877		0.100781	0.171094	2.850574	4.291644
878		0.100781	0.175781	2.565376	4.291644
879		0.100781	0.180469	2.305117	4.291644
880		0.100781	0.185156	2.068803	4.291644
881		0.105469	0.002344	2.054407	2.963949
882		0.105469	0.007031	2.282859	2.963949
883		0.105469	0.011719	2.533489	2.963949
884		0.105469	0.016406	2.807043	2.963949
885		0.105469	0.021094	3.103822	2.963949
886		0.105469	0.025781	3.423530	2.963949
887		0.105469	0.030469	3.765115	2.963949
888		0.105469	0.035156	4.126597	2.963949
889		0.105469	0.039844	4.504908	2.963949
890		0.105469	0.044531	4.895757	2.963949
891		0.105469	0.049219	5.293539	2.963949
892		0.105469	0.053906	5.691326	2.963949
893		0.105469	0.058594	6.080948	2.963949
894		0.105469	0.063281	6.453194	2.963949
895		0.105469	0.067969	6.798151	2.963949
896		0.105469	0.072656	7.105657	2.963949
897		0.105469	0.077344	7.365862	2.963949
898		0.105469	0.082031	7.569851	2.963949
899		0.105469	0.086719	7.710262	2.963949
900		0.105469	0.091406	7.781837	2.963949
901		0.105469	0.096094	7.781837	2.963949
902		0.105469	0.100781	7.710262	2.963949
903		0.105469	0.105469	7.569851	2.963949
904		0.105469	0.110156	7.365862	2.963949
905		0.105469	0.114844	7.105657	2.963949
906		0.105469	0.119531	6.798151	2.963949
907		0.105469	0.124219	6.453194	2.963949
908		0.105469	0.128906	6.080948	2.963949
909		0.105469	0.133594	5.691326	2.963949
910		0.105469	0.138281	5.293539	2.963949
911		0.105469	0.142969	4.895757	2.963949
912		0.105469	0.147656	4.504908	2.963949
913		0.105469	0.152344	4.126597	2.963949
914		0.105469	0.157031	3.765115	2.963949
915		0.105469	0.161719	3.423530	2.963949
916		0.105469	0.166406	3.103822	2.963949
917		0.105469	0.171094	2.807043	2.963949
918		0.105469	0.175781	2.533489	2.963949
919		0.105469	0.180469	2.282859	2.963949
920		0.105469	0.185156	2.054407	2.963949
921		0.110156	0.002344	2.030374	1.636255
922		0.110156	0.007031	2.249826	1.636255
923		0.110156	0.011719	2.489623	1.636255
924		0.110156	0.016406	2.750284	1.636255
925		0.110156	0.021094	3.031893	1.636255
926		0.110156	0.025781	3.333971	1.636255
927		0.110156	0.030469	3.655335	1.636255
928		0.110156	0.035156	3.993954	1.636255
929		0.110156	0.039844	4.346821	1.636255
930		0.110156	0.044531	4.709843	1.636255
931		0.110156	0.049219	5.077786	1.636255
932		0.110156	0.053906	5.444278	1.636255
933		0.110156	0.058594	5.801903	1.636255
934		0.110156	0.063281	6.142390	1.636255
935		0.110156	0.067969	6.456919	1.636255
936		0.110156	0.072656	6.736520	1.636255
937		0.110156	0.077344	6.972554	1.636255
938		0.110156	0.082031	7.157245	1.636255
939		0.110156	0.086719	7.284198	1.636255
940		0.110156	0.091406	7.348858	1.636255
941		0.110156	0.096094	7.348858	1.636255
942		0.110156	0.100781	7.284198	1.636255
943		0.110156	0.105469	7.157245	1.636255
944		0.110156	0.110156	6.972554	1.636255
945		0.110156	0.114844	6.736520	1.636255
946		0.110156	0.119531	6.456919	1.636255
947		0.110156	0.124219	6.142390	1.636255
948		0.110156	0.128906	5.801903	1.636255
949		0.110156	0.133594	5.444278	1.636255
950		0.110156	0.138281	5.077786	1.636255
951		0.110156	0.142969	4.709843	1.636255
952		0.110156	0.147656	4.346821	1.636255
953		0.110156	0.152344	3.993954	1.636255
954		0.110156	0.157031	3.655335	1.636255
955		0.110156	0.161719	3.333971	1.636255
956		0.110156	0.166406	3.031893	1.636255
957		0.110156	0.171094	2.750284	1.636255
958		0.110156	0.175781	2.489623	1.636255
959		0.110156	0.180469	2.249826	1.636255
960		0.110156	0.185156	2.030374	1.636255
961		0.114844	0.002344	1.997780	0.000000
962		0.114844	0.007031	2.207359	0.308560
963		0.114844	0.011719	2.435436	0.308560
964		0.114844	0.016406	2.682323	0.308560
965		0.114844	0.021094	2.947919	0.308560
966		0.114844	0.025781	3.231593	0.308560
967		0.114844	0.030469	3.532067	0.308560
968		0.114844	0.035156	3.847300	0.308560
969		0.114844	0.039844	4.174380	0.308560
970		0.114844	0.044531	4.509446	0.308560
971		0.114844	0.049219	4.847655	0.308560
972		0.114844	0.053906	5.183198	0.308560
973		0.114844	0.058594	5.509399	0.308560
974		0.114844	0.063281	5.818893	0.308560
975		0.114844	0.067969	6.103894	0.308560
976		0.114844	0.072656	6.356546	0.308560
977		0.114844	0.077344	6.569332	0.308560
978		0.114844	0.082031	6.735521	0.308560
979		0.114844	0.086719	6.849600	0.308560
980		0.114844	0.091406	6.907656	0.308560
981		0.114844	0.096094	6.907656	0.308560
982		0.114844	0.100781	6.849600	0.308560
983		0.114844	0.105469	6.735521	0.308560
984		0.114844	0.110156	6.569332	0.308560
985		0.114844	0.114844	6.356546	0.308560
986		0.114844	0.119531	6.103894	0.308560
987		0.114844	0.124219	5.818893	0.308560
988		0.114844	0.128906	5.509399	0.308560
989		0.114844	0.133594	5.183198	0.308560
990		0.114844	0.138281	4.847655	0.308560
991		0.114844	0.142969	4.509446	0.308560
992		0.114844	0.147656	4.174380	0.308560
993		0.114844	0.152344	3.847300	0.308560
994		0.114844	0.157031	3.532067	0.308560
995		0.114844	0.161719	3.231593	0.308560
996		0.114844	0.166406	2.947919	0.308560
997		0.114844	0.171094	2.682323	0.308560
998		0.114844	0.175781	2.435436	0.308560
999		0.114844	0.180469	2.207359	0.308560
1000		0.114844	0.185156	1.997780	0.000000
1001		0.119531	0.002344	1.957755	0.000000
1002		0.119531	0.007031	2.156840	5.264051
1003		0.119531	0.011719	2.372604	5.264051
1004		0.119531	0.016406	2.605180	5.264051
1005		0.119531	0.021094	2.854308	5.264051
1006		0.119531	0.025781	3.119240	5.264051
1007		0.119531	0.030469	3.398639	5.264051
1008		0.119531	0.035156	3.690488	5.264051
1009		0.119531	0.039844	3.992000	5.264051
1010		0.119531	0.044531	4.299572	5.264051
1011		0.119531	0.049219	4.608756	5.264051
1012		0.119531	0.053906	4.914302	5.264051
1013		0.119531	0.058594	5.210242	5.264051
1014		0.119531	0.063281	5.490065	5.264051
1015		0.119531	0.067969	5.746946	5.264051
1016		0.119531	0.072656	5.974050	5.264051
1017		0.119531	0.077344	6.164881	5.264051
1018		0.119531	0.082031	6.313650	5.264051
1019		0.119531	0.086719	6.415635	5.264051
1020		0.119531	0.091406	6.467494	5.264051
1021		0.119531	0.096094	6.467494	5.264051
1022		0.119531	0.100781	6.415635	5.264051
1023		0.119531	0.105469	6.313650	5.264051
1024		0.119531	0.110156	6.164881	5.264051
1025		0.119531	0.114844	5.974050	5.264051
1026		0.119531	0.119531	5.746946	5.264051
1027		0.119531	0.124219	5.490065	5.264051
1028		0.119531	0.128906	5.210242	5.264051
1029		0.119531	0.133594	4.914302	5.264051
1030		0.119531	0.138281	4.608756	5.264051
1031		0.119531	0.142969	4.299572	5.264051
1032		0.119531	0.147656	3.992000	5.264051
1033		0.119531	0.152344	3.690488	5.264051
1034		0.119531	0.157031	3.398639	5.264051
1035		0.119531	0.161719	3.119240	5.264051
1036		0.119531	0.166406	2.854308	5.264051
1037		0.119531	0.171094	2.605180	5.264051
1038		0.119531	0.175781	2.372604	5.264051
1039		0.119531	0.180469	2.156840	5.264051
1040		0.119531	0.185156	1.957755	0.000000
1041		0.124219	0.002344	1.911440	0.000000
1042		0.124219	0.007031	2.099644	3.936357
1043		0.124219	0.011719	2.302770	3.936357
1044		0.124219	0.016406	2.520797	3.936357
1045		0.124219	0.021094	2.753340	3.936357
1046		0.124219	0.025781	2.999565	3.936357
1047		0.124219	0.030469	3.258109	3.936357
1048		0.124219	0.035156	3.527006	3.936357
1049		0.124219	0.039844	3.803621	3.936357
1050		0.124219	0.044531	4.084617	3.936357
1051		0.124219	0.049219	4.365946	3.936357
1052		0.124219	0.053906	4.642891	3.936357
1053		0.124219	0.058594	4.910156	3.936357
1054		0.124219	0.063281	5.162018	3.936357
1055		0.124219	0.067969	5.392531	3.936357
1056		0.124219	0.072656	5.595783	3.936357
1057		0.124219	0.077344	5.766189	3.936357
1058		0.124219	0.082031	5.898798	3.936357
1059		0.124219	0.086719	5.989586	3.936357
1060		0.124219	0.091406	6.035715	3.936357
1061		0.124219	0.096094	6.035715	3.936357
1062		0.124219	0.100781	5.989586	3.936357
1063		0.124219	0.105469	5.898798	3.936357
1064		0.124219	0.110156	5.766189	3.936357
1065		0.124219	0.114844	5.595783	3.936357
1066		0.124219	0.119531	5.392531	3.936357
1067		0.124219	0.124219	5.162018	3.936357
1068		0.124219	0.128906	4.910156	3.936357
1069		0.124219	0.133594	4.642891	3.936357
1070		0.124219	0.138281	4.365946	3.936357
1071		0.124219	0.142969	4.084617	3.936357
1072		0.124219	0.147656	3.803621	3.936357
1073		0.124219	0.152344	3.527006	3.936357
1074		0.124219	0.157031	3.258109	3.936357
1075		0.124219	0.161719	2.999565	3.936357
1076		0.124219	0.166406	2.753340	3.936357
1077		0.124219	0.171094	2.520797	3.936357
1078		0.124219	0.175781	2.302770	3.936357
1079		0.124219	0.180469	2.099644	3.936357
1080		0.124219	0.185156	1.911440	0.000000
1081		0.128906	0.002344	1.859951	0.000000
1082		0.128906	0.007031	2.037094	2.608662
1083		0.128906	0.011719	2.227490	2.608662
1084		0.128906	0.016406	2.430993	2.608662
1085		0.128906	0.021094	2.647118	2.608662
1086		0.128906	0.025781	2.874976	2.608662
1087		0.128906	0.030469	3.113208	2.608662
1088		0.128906	0.035156	3.359921	2.608662
1089		0.128906	0.039844	3.612650	2.608662
1090		0.128906	0.044531	3.868328	2.608662
1091		0.128906	0.049219	4.123296	2.608662
1092		0.128906	0.053906	4.373342	2.608662
1093		0.128906	0.058594	4.613795	2.608662
1094		0.128906	0.063281	4.839649	2.608662
1095		0.128906	0.067969	5.045750	2.608662
1096		0.128906	0.072656	5.227009	2.608662
1097		0.128906	0.077344	5.378646	2.608662
1098		0.128906	0.082031	5.496446	2.608662
1099		0.128906	0.086719	5.576994	2.608662
1100		0.128906	0.091406	5.617888	2.608662
1101		0.128906	0.096094	5.617888	2.608662
1102		0.128906	0.100781	5.576994	2.608662
1103		0.128906	0.105469	5.496446	2.608662
1104		0.128906	0.110156	5.378646	2.608662
1105		0.128906	0.114844	5.227009	2.608662
1106		0.128906	0.119531	5.045750	2.608662
1107		0.128906	0.124219	4.839649	2.608662
1108		0.128906	0.128906	4.613795	2.608662
1109		0.128906	0.133594	4.373342	2.608662
1110		0.128906	0.138281	4.123296	2.608662
1111		0.128906	0.142969	3.868328	2.608662
1112		0.128906	0.147656	3.612650	2.608662
1113		0.128906	0.152344	3.359921	2.608662
1114		0.128906	0.157031	3.113208	2.608662
1115		0.128906	0.161719	2.874976	2.608662
1116		0.128906	0.166406	2.647118	2.608662
1117		0.128906	0.171094	2.430993	2.608662
1118		0.128906	0.175781	2.227490	2.608662
1119		0.128906	0.180469	2.037094	2.608662
1120		0.128906	0.185156	1.859951	0.000000
1121		0.133594	0.002344	1.804354	0.000000
1122		0.133594	0.007031	1.970436	0.000000
1123		0.133594	0.011719	2.148208	1.280968
1124		0.133594	0.016406	2.337423	1.280968
1125		0.133594	0.021094	2.537528	1.280968
1126		0.133594	0.025781	2.747602	1.280968
1127		0.133594	0.030469	2.966311	1.280968
1128		0.133594	0.035156	3.191858	1.280968
1129		0.133594	0.039844	3.421954	1.280968
1130		0.133594	0.044531	3.653801	1.280968
1131		0.133594	0.049219	3.884111	1.280968
1132		0.133594	0.053906	4.109146	1.280968
1133		0.133594	0.058594	4.324803	1.280968
1134		0.133594	0.063281	4.526726	1.280968
1135		0.133594	0.067969	4.710464	1.280968
1136		0.133594	0.072656	4.871653	1.280968
1137		0.133594	0.077344	5.006218	1.280968
1138		0.133594	0.082031	5.110580	1.280968
1139		0.133594	0.086719	5.181854	1.280968
1140		0.133594	0.091406	5.218014	1.280968
1141		0.133594	0.096094	5.218014	1.280968
1142		0.133594	0.100781	5.181854	1.280968
1143		0.133594	0.105469	5.110580	1.280968
1144		0.133594	0.110156	5.006218	1.280968
1145		0.133594	0.114844	4.871653	1.280968
1146		0.133594	0.119531	4.710464	1.280968
1147		0.133594	0.124219	4.526726	1.280968
1148		0.133594	0.128906	4.324803	1.280968
1149		0.133594	0.133594	4.109146	1.280968
1150		0.133594	0.138281	3.884111	1.280968
1151		0.133594	0.142969	3.653801	1.280968
1152		0.133594	0.147656	3.421954	1.280968
1153		0.133594	0.152344	3.191858	1.280968
1154		0.133594	0.157031	2.966311	1.280968
1155		0.133594	0.161719	2.747602	1.280968
1156		0.133594	0.166406	2.537528	1.280968
1157		0.133594	0.171094	2.337423	1.280968
1158		0.133594	0.175781	2.148208	1.280968
1159		0.133594	0.180469	1.970436	0.000000
1160		0.133594	0.185156	1.804354	0.000000
1161		0.138281	0.002344	1.745642	0.000000
1162		0.138281	0.007031	1.900811	0.000000
1163		0.138281	0.011719	2.066227	6.236459
1164		0.138281	0.016406	2.241566	6.236459
1165		0.138281	0.021094	2.426225	6.236459
1166		0.138281	0.025781	2.619277	6.236459
1167		0.138281	0.030469	2.819433	6.236459
1168		0.138281	0.035156	3.025001	6.236459
1169		0.138281	0.039844	3.233873	6.236459
1170		0.138281	0.044531	3.443514	6.236459
1171		0.138281	0.049219	3.650985	6.236459
1172		0.138281	0.053906	3.852984	6.236459
1173		0.138281	0.058594	4.045920	6.236459
1174		0.138281	0.063281	4.226018	6.236459
1175		0.138281	0.067969	4.389446	6.236459
1176		0.138281	0.072656	4.532475	6.236459
1177		0.138281	0.077344	4.651640	6.236459
1178		0.138281	0.082031	4.743910	6.236459
1179		0.138281	0.086719	4.806853	6.236459
1180		0.138281	0.091406	4.838764	6.236459
1181		0.138281	0.096094	4.838764	6.236459
1182		0.138281	0.100781	4.806853	6.236459
1183		0.138281	0.105469	4.743910	6.236459
1184		0.138281	0.110156	4.651640	6.236459
1185		0.138281	0.114844	4.532475	6.236459
1186		0.138281	0.119531	4.389446	6.236459
1187		0.138281	0.124219	4.226018	6.236459
1188		0.138281	0.128906	4.045920	6.236459
1189		0.138281	0.133594	3.852984	6.236459
1190		0.138281	0.138281	3.650985	6.236459
1191		0.138281	0.142969	3.443514	6.236459
1192		0.138281	0.147656	3.233873	6.236459
1193		0.138281	0.152344	3.025001	6.236459
1194		0.138281	0.157031	2.819433	6.236459
1195		0.138281	0.161719	2.619277	6.236459
1196		0.138281	0.166406	2.426225	6.236459
1197		0.138281	0.171094	2.241566	6.236459
1198		0.138281	0.175781	2.066227	6.236459
1199		0.138281	0.180469	1.900811	0.000000
1200		0.138281	0.185156	1.745642	0.000000
1201		0.142969	0.002344	1.684719	0.000000
1202		0.142969	0.007031	1.829249	0.000000
1203		0.142969	0.011719	1.982705	0.000000
1204		0.142969	0.016406	2.144707	4.908764
1205		0.142969	0.021094	2.314626	4.908764
1206		0.142969	0.025781	2.491547	4.908764
1207		0.142969	0.030469	2.674236	4.908764
1208		0.142969	0.035156	2.861118	4.908764
1209		0.142969	0.039844	3.050263	4.908764
1210		0.142969	0.044531	3.239388	4.908764
1211		0.142969	0.049219	3.425876	4.908764
1212		0.142969	0.053906	3.606823	4.908764
1213		0.142969	0.058594	3.779098	4.908764
1214		0.142969	0.063281	3.939437	4.908764
1215		0.142969	0.067969	4.084553	4.908764
1216		0.142969	0.072656	4.211264	4.908764
1217		0.142969	0.077344	4.316630	4.908764
1218		0.142969	0.082031	4.398092	4.908764
1219		0.142969	0.086719	4.453600	4.908764
1220		0.142969	0.091406	4.481722	4.908764
1221		0.142969	0.096094	4.481722	4.908764
1222		0.142969	0.100781	4.453600	4.908764
1223		0.142969	0.105469	4.398092	4.908764
1224		0.142969	0.110156	4.316630	4.908764
1225		0.142969	0.114844	4.211264	4.908764
1226		0.142969	0.119531	4.084553	4.908764
1227		0.142969	0.124219	3.939437	4.908764
1228		0.142969	0.128906	3.779098	4.908764
1229		0.142969	0.133594	3.606823	4.908764
1230		0.142969	0.138281	3.425876	4.908764
1231		0.142969	0.142969	3.239388	4.908764
1232		0.142969	0.147656	3.050263	4.908764
1233		0.142969	0.152344	2.861118	4.908764
1234		0.142969	0.157031	2.674236	4.908764
1235		0.142969	0.161719	2.491547	4.908764
1236		0.142969	0.166406	2.314626	4.908764
1237		0.142969	0.171094	2.144707	4.908764
1238		0.142969	0.175781	1.982705	0.000000
1239		0.142969	0.180469	1.829249	0.000000
1240		0.142969	0.185156	1.684719	0.000000
1241		0.147656	0.002344	1.622398	0.000000
1242		0.147656	0.007031	1.756655	0.000000
1243		0.147656	0.011719	1.898642	0.000000
1244		0.147656	0.016406	2.047944	0.000000
1245		0.147656	0.021094	2.203920	3.581070
1246		0.147656	0.025781	2.365680	3.581070
1247		0.147656	0.030469	2.532057	3.581070
1248		0.147656	0.035156	2.701596	3.581070
1249		0.147656	0.039844	2.872540	3.581070
1250		0.147656	0.044531	3.042843	3.581070
1251		0.147656	0.049219	3.210185	3.581070
1252		0.147656	0.053906	3.372019	3.581070
1253		0.147656	0.058594	3.525624	3.581070
1254		0.147656	0.063281	3.668184	3.581070
1255		0.147656	0.067969	3.796885	3.581070
1256		0.147656	0.072656	3.909016	3.581070
1257		0.147656	0.077344	4.002086	3.581070
1258		0.147656	0.082031	4.073937	3.581070
1259		0.147656	0.086719	4.122845	3.581070
1260		0.147656	0.091406	4.147607	3.581070
1261		0.147656	0.096094	4.147607	3.581070
1262		0.147656	0.100781	4.122845	3.581070
1263		0.147656	0.105469	4.073937	3.581070
1264		0.147656	0.110156	4.002086	3.581070
1265		0.147656	0.114844	3.909016	3.581070
1266		0.147656	0.119531	3.796885	3.581070
1267		0.147656	0.124219	3.668184	3.581070
1268		0.147656	0.128906	3.525624	3.581070
1269		0.147656	0.133594	3.372019	3.581070
1270		0.147656	0.138281	3.210185	3.581070
1271		0.147656	0.142969	3.042843	3.581070
1272		0.147656	0.147656	2.872540	3.581070
1273		0.147656	0.152344	2.701596	3.581070
1274		0.147656	0.157031	2.532057	3.581070
1275		0.147656	0.161719	2.365680	3.581070
1276		0.147656	0.166406	2.203920	3.581070
1277		0.147656	0.171094	2.047944	0.000000
1278		0.147656	0.175781	1.898642	0.000000
1279		0.147656	0.180469	1.756655	0.000000
1280		0.147656	0.185156	1.622398	0.000000
1281		0.152344	0.002344	1.559391	0.000000
1282		0.152344	0.007031	1.683813	0.000000
1283		0.152344	0.011719	1.814894	0.000000
1284		0.152344	0.016406	1.952194	0.000000
1285		0.152344	0.021094	2.095078	2.253376
1286		0.152344	0.025781	2.242690	2.253376
1287		0.152344	0.030469	2.393938	2.253376
1288		0.152344	0.035156	2.547484	2.253376
1289		0.152344	0.039844	2.701740	2.253376
1290		0.152344	0.044531	2.854878	2.253376
1291		0.152344	0.049219	3.004849	2.253376
1292		0.152344	0.053906	3.149424	2.253376
1293		0.152344	0.058594	3.286244	2.253376
1294		0.152344	0.063281	3.412885	2.253376
1295		0.152344	0.067969	3.526939	2.253376
1296		0.152344	0.072656	3.626102	2.253376
1297		0.152344	0.077344	3.708265	2.253376
1298		0.152344	0.082031	3.771607	2.253376
1299		0.152344	0.086719	3.814680	2.253376
1300		0.152344	0.091406	3.836475	2.253376
1301		0.152344	0.096094	3.836475	2.253376
1302		0.152344	0.100781	3.814680	2.253376
1303		0.152344	0.105469	3.771607	2.253376
1304		0.152344	0.110156	3.708265	2.253376
1305		0.152344	0.114844	3.626102	2.253376
1306		0.152344	0.119531	3.526939	2.253376
1307		0.152344	0.124219	3.412885	2.253376
1308		0.152344	0.128906	3.286244	2.253376
1309		0.152344	0.133594	3.149424	2.253376
1310		0.152344	0.138281	3.004849	2.253376
1311		0.152344	0.142969	2.854878	2.253376
1312		0.152344	0.147656	2.701740	2.253376
1313		0.152344	0.152344	2.547484	2.253376
1314		0.152344	0.157031	2.393938	2.253376
1315		0.152344	0.161719	2.242690	2.253376
1316		0.152344	0.166406	2.095078	2.253376
1317		0.152344	0.171094	1.952194	0.000000
1318		0.152344	0.175781	1.814894	0.000000
1319		0.152344	0.180469	1.683813	0.000000
1320		0.152344	0.185156	1.559391	0.000000
1321		0.157031	0.002344	1.496315	0.000000
1322		0.157031	0.007031	1.611390	0.000000
1323		0.157031	0.011719	1.732170	0.000000
1324		0.157031	0.016406	1.858206	0.000000
1325		0.157031	0.021094	1.988874	0.000000
1326		0.157031	0.025781	2.123363	0.925681
1327		0.157031	0.030469	2.260659	0.925681
1328		0.157031	0.035156	2.399539	0.925681
1329		0.157031	0.039844	2.538573	0.925681
1330		0.157031	0.044531	2.676133	0.925681
1331		0.157031	0.049219	2.810416	0.925681
1332		0.157031	0.053906	2.939475	0.925681
1333		0.157031	0.058594	3.061269	0.925681
1334		0.157031	0.063281	3.173713	0.925681
1335		0.157031	0.067969	3.274749	0.925681
1336		0.157031	0.072656	3.362419	0.925681
1337		0.157031	0.077344	3.434938	0.925681
1338		0.157031	0.082031	3.490773	0.925681
1339		0.157031	0.086719	3.528704	0.925681
1340		0.157031	0.091406	3.547886	0.925681
1341		0.157031	0.096094	3.547886	0.925681
1342		0.157031	0.100781	3.528704	0.925681
1343		0.157031	0.105469	3.490773	0.925681
1344		0.157031	0.110156	3.434938	0.925681
1345		0.157031	0.114844	3.362419	0.925681
1346		0.157031	0.119531	3.274749	0.925681
1347		0.157031	0.124219	3.173713	0.925681
1348		0.157031	0.128906	3.061269	0.925681
1349		0.157031	0.133594	2.939475	0.925681
1350		0.157031	0.138281	2.810416	0.925681
1351		0.157031	0.142969	2.676133	0.925681
1352		0.157031	0.147656	2.538573	0.925681
1353		0.157031	0.152344	2.399539	0.925681
1354		0.157031	0.157031	2.260659	0.925681
1355		0.157031	0.161719	2.123363	0.925681
1356		0.157031	0.166406	1.988874	0.000000
1357		0.157031	0.171094	1.858206	0.000000
1358		0.157031	0.175781	1.732170	0.000000
1359		0.157031	0.180469	1.611390	0.000000
1360		0.157031	0.185156	1.496315	0.000000
1361		0.161719	0.002344	1.433694	0.000000
1362		0.161719	0.007031	1.539942	0.000000
1363		0.161719	0.011719	1.651051	0.000000
1364		0.161719	0.016406	1.766572	0.000000
1365		0.161719	0.021094	1.885905	0.000000
1366		0.161719	0.025781	2.008285	0.000000
1367		0.161719	0.030469	2.132777	5.881172
1368		0.161719	0.035156	2.258269	5.881172
1369		0.161719	0.039844	2.383478	5.881172
1370		0.161719	0.044531	2.506959	5.881172
1371		0.161719	0.049219	2.627127	5.881172
1372		0.161719	0.053906	2.742288	5.881172
1373		0.161719	0.058594	2.850674	5.881172
1374		0.161719	0.063281	2.950496	5.881172
1375		0.161719	0.067969	3.039995	5.881172
1376		0.161719	0.072656	3.117508	5.881172
1377		0.161719	0.077344	3.181525	5.881172
1378		0.161719	0.082031	3.230752	5.881172
1379		0.161719	0.086719	3.264164	5.881172
1380		0.161719	0.091406	3.281052	5.881172
1381		0.161719	0.096094	3.281052	5.881172
1382		0.161719	0.100781	3.264164	5.881172
1383		0.161719	0.105469	3.230752	5.881172
1384		0.161719	0.110156	3.181525	5.881172
1385		0.161719	0.114844	3.117508	5.881172
1386		0.161719	0.119531	3.039995	5.881172
1387		0.161719	0.124219	2.950496	5.881172
1388		0.161719	0.128906	2.850674	5.881172
1389		0.161719	0.133594	2.742288	5.881172
1390		0.161719	0.138281	2.627127	5.881172
1391		0.161719	0.142969	2.506959	5.881172
1392		0.161719	0.147656	2.383478	5.881172
1393		0.161719	0.152344	2.258269	5.881172
1394		0.161719	0.157031	2.132777	5.881172
1395		0.161719	0.161719	2.008285	0.000000
1396		0.161719	0.166406	1.885905	0.000000
1397		0.161719	0.171094	1.766572	0.000000
1398		0.161719	0.175781	1.651051	0.000000
1399		0.161719	0.180469	1.539942	0.000000
1400		0.161719	0.185156	1.433694	0.000000
1401		0.166406	0.002344	1.371963	0.000000
1402		0.166406	0.007031	1.469920	0.000000
1403		0.166406	0.011719	1.571997	0.000000
1404		0.166406	0.016406	1.677752	0.000000
1405		0.166406	0.021094	1.786614	0.000000
1406		0.166406	0.025781	1.897869	0.000000
1407		0.166406	0.030469	2.010658	0.000000
1408		0.166406	0.035156	2.123975	4.553478
1409		0.166406	0.039844	2.236673	4.553478
1410		0.166406	0.044531	2.347471	4.553478
1411		0.166406	0.049219	2.454981	4.553478
1412		0.166406	0.053906	2.557727	4.553478
1413		0.166406	0.058594	2.654182	4.553478
1414		0.166406	0.063281	2.742810	4.553478
1415		0.166406	0.067969	2.822109	4.553478
1416		0.166406	0.072656	2.890664	4.553478
1417		0.166406	0.077344	2.947199	4.553478
1418		0.166406	0.082031	2.990621	4.553478
1419		0.166406	0.086719	3.020068	4.553478
1420		0.166406	0.091406	3.034944	4.553478
1421		0.166406	0.096094	3.034944	4.553478
1422		0.166406	0.100781	3.020068	4.553478
1423		0.166406	0.105469	2.990621	4.553478
1424		0.166406	0.110156	2.947199	4.553478
1425		0.166406	0.114844	2.890664	4.553478
1426		0.166406	0.119531	2.822109	4.553478
1427		0.166406	0.124219	2.742810	4.553478
1428		0.166406	0.128906	2.654182	4.553478
1429		0.166406	0.133594	2.557727	4.553478
1430		0.166406	0.138281	2.454981	4.553478
1431		0.166406	0.142969	2.347471	4.553478
1432		0.166406	0.147656	2.236673	4.553478
1433		0.166406	0.152344	2.123975	4.553478
1434		0.166406	0.157031	2.010658	0.000000
1435		0.166406	0.161719	1.897869	0.000000
1436		0.166406	0.166406	1.786614	0.000000
1437		0.166406	0.171094	1.677752	0.000000
1438		0.166406	0.175781	1.571997	0.000000
1439		0.166406	0.180469	1.469920	0.000000
1440		0.166406	0.185156	1.371963	0.000000
1441		0.171094	0.002344	1.311478	0.000000
1442		0.171094	0.007031	1.401684	0.000000
1443		0.171094	0.011719	1.495362	0.000000
1444		0.171094	0.016406	1.592086	0.000000
1445		0.171094	0.021094	1.691314	0.000000
1446		0.171094	0.025781	1.792385	0.000000
1447		0.171094	0.030469	1.894514	0.000000
1448		0.171094	0.035156	1.996794	0.000000
1449		0.171094	0.039844	2.098202	0.000000
1450		0.171094	0.044531	2.197607	3.225783
1451		0.171094	0.049219	2.293791	3.225783
1452		0.171094	0.053906	2.385472	3.225783
1453		0.171094	0.058594	2.471332	3.225783
1454		0.171094	0.063281	2.550050	3.225783
1455		0.171094	0.067969	2.620344	3.225783
1456		0.171094	0.072656	2.681013	3.225783
1457		0.171094	0.077344	2.730973	3.225783
1458		0.171094	0.082031	2.769302	3.225783
1459		0.171094	0.086719	2.795274	3.225783
1460		0.171094	0.091406	2.808389	3.225783
1461		0.171094	0.096094	2.808389	3.225783
1462		0.171094	0.100781	2.795274	3.225783
1463		0.171094	0.105469	2.769302	3.225783
1464		0.171094	0.110156	2.730973	3.225783
1465		0.171094	0.114844	2.681013	3.225783
1466		0.171094	0.119531	2.620344	3.225783
1467		0.171094	0.124219	2.550050	3.225783
1468		0.171094	0.128906	2.471332	3.225783
1469		0.171094	0.133594	2.385472	3.225783
1470		0.171094	0.138281	2.293791	3.225783
1471		0.171094	0.142969	2.197607	3.225783
1472		0.171094	0.147656	2.098202	0.000000
1473		0.171094	0.152344	1.996794	0.000000
1474		0.171094	0.157031	1.894514	0.000000
1475		0.171094	0.161719	1.792385	0.000000
1476		0.171094	0.166406	1.691314	0.000000
1477		0.171094	0.171094	1.592086	0.000000
1478		0.171094	0.175781	1.495362	0.000000
1479		0.171094	0.180469	1.401684	0.000000
1480		0.171094	0.185156	1.311478	0.000000
1481		0.175781	0.002344	1.252524	0.000000
1482		0.175781	0.007031	1.335512	0.000000
1483		0.175781	0.011719	1.421410	0.000000
1484		0.175781	0.016406	1.509809	0.000000
1485		0.175781	0.021094	1.600202	0.000000
1486		0.175781	0.025781	1.691979	0.000000
1487		0.175781	0.030469	1.784426	0.000000
1488		0.175781	0.035156	1.876727	0.000000
1489		0.175781	0.039844	1.967971	0.000000
1490		0.175781	0.044531	2.057162	0.000000
1491		0.175781	0.049219	2.143233	1.898089
1492		0.175781	0.053906	2.225070	1.898089
1493		0.175781	0.058594	2.301533	1.898089
1494		0.175781	0.063281	2.371491	1.898089
1495		0.175781	0.067969	2.433847	1.898089
1496		0.175781	0.072656	2.487577	1.898089
1497		0.175781	0.077344	2.531765	1.898089
1498		0.175781	0.082031	2.565630	1.898089
1499		0.175781	0.086719	2.588560	1.898089
1500		0.175781	0.091406	2.600133	1.898089
1501		0.175781	0.096094	2.600133	1.898089
1502		0.175781	0.100781	2.588560	1.898089
1503		0.175781	0.105469	2.565630	1.898089
1504		0.175781	0.110156	2.531765	1.898089
1505		0.175781	0.114844	2.487577	1.898089
1506		0.175781	0.119531	2.433847	1.898089
1507		0.175781	0.124219	2.371491	1.898089
1508		0.175781	0.128906	2.301533	1.898089
1509		0.175781	0.133594	2.225070	1.898089
1510		0.175781	0.138281	2.143233	1.898089
1511		0.175781	0.142969	2.057162	0.000000
1512		0.175781	0.147656	1.967971	0.000000
1513		0.175781	0.152344	1.876727	0.000000
1514		0.175781	0.157031	1.784426	0.000000
1515		0.175781	0.161719	1.691979	0.000000
1516		0.175781	0.166406	1.600202	0.000000
1517		0.175781	0.171094	1.509809	0.000000
1518		0.175781	0.175781	1.421410	0.000000
1519		0.175781	0.180469	1.335512	0.000000
1520		0.175781	0.185156	1.252524	0.000000
1521		0.180469	0.002344	1.195319	0.000000
1522		0.180469	0.007031	1.271610	0.000000
1523		0.180469	0.011719	1.350324	0.000000
1524		0.180469	0.016406	1.431074	0.000000
1525		0.180469	0.021094	1.513388	0.000000
1526		0.180469	0.025781	1.596704	0.000000
1527		0.180469	0.030469	1.680376	0.000000
1528		0.180469	0.035156	1.763673	0.000000
1529		0.180469	0.039844	1.845785	0.000000
1530		0.180469	0.044531	1.925834	0.000000
1531		0.180469	0.049219	2.002887	0.000000
1532		0.180469	0.053906	2.075975	0.000000
1533		0.180469	0.058594	2.144116	0.570394
1534		0.180469	0.063281	2.206336	0.570394
1535		0.180469	0.067969	2.261698	0.570394
1536		0.180469	0.072656	2.309329	0.570394
1537		0.180469	0.077344	2.348451	0.570394
1538		0.180469	0.082031	2.378405	0.570394
1539		0.180469	0.086719	2.398671	0.570394
1540		0.180469	0.091406	2.408896	0.570394
1541		0.180469	0.096094	2.408896	0.570394
1542		0.180469	0.100781	2.398671	0.570394
1543		0.180469	0.105469	2.378405	0.570394
1544		0.180469	0.110156	2.348451	0.570394
1545		0.180469	0.114844	2.309329	0.570394
1546		0.180469	0.119531	2.261698	0.570394
1547		0.180469	0.124219	2.206336	0.570394
1548		0.180469	0.128906	2.144116	0.570394
1549		0.180469	0.133594	2.075975	0.000000
1550		0.180469	0.138281	2.002887	0.000000
1551		0.180469	0.142969	1.925834	0.000000
1552		0.180469	0.147656	1.845785	0.000000
1553		0.180469	0.152344	1.763673	0.000000
1554		0.180469	0.157031	1.680376	0.000000
1555		0.180469	0.161719	1.596704	0.000000
1556		0.180469	0.166406	1.513388	0.000000
1557		0.180469	0.171094	1.431074	0.000000
1558		0.180469	0.175781	1.350324	0.000000
1559		0.180469	0.180469	1.271610	0.000000
1560		0.180469	0.185156	1.195319	0.000000
1561		0.185156	0.002344	1.140027	0.000000
1562		0.185156	0.007031	1.210122	0.000000
1563		0.185156	0.011719	1.282222	0.000000
1564		0.185156	0.016406	1.355961	0.000000
1565		0.185156	0.021094	1.430902	0.000000
1566		0.185156	0.025781	1.506533	0.000000
1567		0.185156	0.030469	1.582268	0.000000
1568		0.185156	0.035156	1.657454	0.000000
1569		0.185156	0.039844	1.731372	0.000000
1570		0.185156	0.044531	1.803248	0.000000
1571		0.185156	0.049219	1.872268	0.000000
1572		0.185156	0.053906	1.937589	0.000000
1573		0.185156	0.058594	1.998363	0.000000
1574		0.185156	0.063281	2.053751	0.000000
1575		0.185156	0.067969	2.102953	0.000000
1576		0.185156	0.072656	2.145224	0.000000
1577		0.185156	0.077344	2.179902	5.525885
1578		0.185156	0.082031	2.206428	5.525885
1579		0.185156	0.086719	2.224363	5.525885
1580		0.185156	0.091406	2.233408	5.525885
1581		0.185156	0.096094	2.233408	5.525885
1582		0.185156	0.100781	2.224363	5.525885
1583		0.185156	0.105469	2.206428	5.525885
1584		0.185156	0.110156	2.179902	5.525885
1585		0.185156	0.114844	2.145224	0.000000
1586		0.185156	0.119531	2.102953	0.000000
1587		0.185156	0.124219	2.053751	0.000000
1588		0.185156	0.128906	1.998363	0.000000
1589		0.185156	0.133594	1.937589	0.000000
1590		0.185156	0.138281	1.872268	0.000000
1591		0.185156	0.142969	1.803248	0.000000
1592		0.185156	0.147656	1.731372	0.000000
1593		0.185156	0.152344	1.657454	0.000000
1594		0.185156	0.157031	1.582268	0.000000
1595		0.185156	0.161719	1.506533	0.000000
1596		0.185156	0.166406	1.430902	0.000000
1597		0.185156	0.171094	1.355961	0.000000
1598		0.185156	0.175781	1.282222	0.000000
1599		0.185156	0.180469	1.210122	0.000000
1600		0.185156	0.185156	1.140027	0.000000
