-868
-876
-884
-894
-903
-912
-924
-933
-942
-952
-959
-969
-977
-986
-993
-1001
-1007
-1013
-1018
-1026
-1030
-1036
-1042
-1044
-1048
-1052
-1057
-1063
-1067
-1074
-1082
-1090
-1101
-1111
-1124
-1136
-1150
-1165
-1182
-1197
-1210
-1223
-1235
-1246
-1255
-1262
-1268
-1273
-1276
-1278
-1278
-1275
-1271
-1261
-1248
-1231
-1204
-1170
-1126
-1069
-1001
-918
-824
-719
-607
-495
-389
-294
-215
-152
-101
-54
1
95
257
531
960
1591
2047
2047
2047
2047
2047
2047
2047
2047
2047
2047
2047
2047
2047
2047
2047
2047
2047
2047
2047
2047
2047
2047
2047
2047
2047
2047
2047
2047
2047
2047
2047
2047
2047
2047
2047
2047
2047
2047
2047
2047
2047
2047
2047
2047
2047
2047
2047
2047
2047
2047
2047
2047
2047
2047
2047
2047
2047
2047
2047
2047
2047
2047
2047
1522
751
170
-245
-529
-720
-853
-953
-1044
-1133
-1231
-1339
-1451
-1565
-1676
-1780
-1875
-1956
-2024
-2048
-2048
-2048
-2048
-2048
-2048
-2048
-2048
-2048
-2048
-2048
-2048
-2048
-2048
-2048
-2048
-2048
-2048
-2048
-2048
-2048
-2034
-2020
-2004
-1992
-1980
-1967
-1957
-1948
-1940
-1932
-1926
-1920
-1916
-1912
-1908
-1907
-1905
-1904
-1903
-1901
-1904
-1903
-1905
-1908
-1909
-1912
-1916
-1920
-1925
-1930
-1936
-1942
-1950
-1959
-1969
-1978
-1987
-1997
-2006
-2015
-2024
-2029
-2032
-2033
-2031
-2028
-2019
-2011
-1999
-1987
-1975
-1964
-1954
-1948
-1941
-1935
-1933
-1932
-1934
-1938
-1941
-1944
-1948
-1951
-1956
-1960
-1964
-1967
-1970
-1973
-1979
-1981
-1986
-1990
-1995
-2001
-2008
-2013
-2024
-2025
-2031
-2038
-2045
-2048
-2048
-2048
-2048
-2048
-2048
-2048
-2048
-2048
-2048
-2048
-2048
-2048
-2048
-2048
-2048
-2048
-2048
-2048
-2048
-2048
-2048
-2048
-2048
-2048
-2048
-2048
-2048
-2048
-2048
-2048
-2048
-2048
-2048
-2048
-2048
-2048
-2048
-2048
-2048
-2048
-2048
-2048
-2048
-2048
-2048
-2048
-2048
-2048
-2048
-2048
-2048
-2048
-2048
-2048
-2048
-2048
-2048
-2048
-2048
-2047
-2047
-2048
-2047
-2048
-2048
-2048
-2048
-2048
-2048
-2048
-2048
-2048
-2048
-2048
-2048
-2048
-2048
-2048
-2048
-2048
-2048
-2048
-2048
-2048
-2048
-2048
-2048
-2048
-2044
-2042
-2035
-2030
-2023
-2016
-2010
-2004
-2000
-1995
-1991
-1988
-1986
-1985
-1986
-1985
-1986
-1987
-1990
-1992
-1995
-1998
-2002
-2005
-2006
-2009
-2011
-2012
-2012
-2012
-2009
-2007
-2002
-1999
-1994
-1988
-1982
-1976
-1970
-1965
-1959
-1954
-1949
-1944
-1940
-1935
-1931
-1924
-1919
-1913
-1907
-1901
-1894
-1887
-1880
-1875
-1867
-1860
-1854
-1849
-1841
-1835
-1829
-1823
-1815
-1807
-1797
-1788
-1777
-1765
-1752
-1737
-1722
-1706
-1689
-1672
-1656
-1638
-1622
-1605
-1590
-1577
-1561
-1546
-1532
-1517
-1501
-1488
-1475
-1460
-1446
-1433
-1422
-1412
-1404
-1397
-1392
-1389
-1389
-1390
-1395
-1400
-1404
-1408
-1414
-1419
-1422
-1422
-1422
-1420
-1417
-1413
-1408
-1404
-1397
-1390
-1383
-1376
-1366
-1357
-1345
-1332
-1318
-1300
-1284
-1266
-1246
-1226
-1207
-1189
-1173
-1158
-1144
-1131
-1122
-1112
-1108
-1101
-1097
-1092
-1087
-1084
-1080
-1077
-1073
-1068
-1065
-1063
-1060
-1057
-1053
-1051
-1051
-1050
-1050
-1050
-1051
-1051
-1051
-1053
-1055
-1055
-1056
-1055
-1054
-1053
-1051
-1048
-1045
-1041
-1036
-1032
-1030
-1027
-1026
-1026
-1024
-1028
-1032
-1037
-1044
-1050
-1056
-1065
-1070
-1078
-1084
-1089
-1091
-1095
-1098
-1101
-1104
-1107
-1107
-1108
-1110
-1109
-1112
-1111
-1111
-1111
-1110
-1110
-1109
-1108
-1105
-1101
-1098
-1092
-1086
-1077
-1068
-1058
-1045
-1032
-1018
-1004
-989
-973
-959
-944
-931
-917
-904
-891
-880
-869
-855
-844
-831
-821
-811
-799
-789
-778
-767
-755
-743
-733
-722
-711
-699
-687
-675
-666
-655
-646
-636
-627
-621
-616
-610
-607
-603
-600
-596
-593
-591
-587
-583
-579
-575
-570
-563
-560
-552
-544
-537
-530
-521
-514
-506
-500
-494
-489
-484
-481
-478
-473
-469
-467
-463
-459
-455
-449
-443
-435
-428
-421
-412
-404
-396
-388
-383
-377
-371
-366
-362
-357
-354
-351
-350
-345
-344
-342
-339
-340
-338
-339
-339
-341
-344
-348
-352
-357
-361
-366
-371
-377
-381
-383
-386
-388
-390
-393
-394
-396
-397
-399
-403
-405
-410
-415
-421
-426
-432
-438
-444
-450
-452
-455
-458
-460
-462
-462
-465
-464
-467
-472
-476
-479
-484
-490
-496
-503
-508
-514
-520
-523
-529
-535
-540
-547
-553
-557
-563
-570
-575
-583
-590
-596
-602
-607
-615
-622
-629
-636
-644
-651
-661
-670
-679
-688
-696
-703
-713
-720
-728
-735
-745
-753
-764
-773
-783
-792
-805
-817
-829
-841
-856
-867
-880
-893
-905
-917
-929
-940
-951
-961
-972
-983
-993
-1003
-1010
-1019
-1029
-1037
-1045
-1053
-1061
-1071
-1081
-1092
-1103
-1118
-1131
-1145
-1162
-1181
-1199
-1218
-1236
-1253
-1269
-1285
-1299
-1312
-1322
-1329
-1336
-1341
-1346
-1348
-1347
-1344
-1335
-1325
-1308
-1284
-1251
-1207
-1153
-1086
-1004
-909
-803
-690
-576
-468
-370
-285
-218
-165
-119
-60
32
191
462
889
1516
2047
2047
2047
2047
2047
2047
2047
2047
2047
2047
2047
2047
2047
2047
2047
2047
2047
2047
2047
2047
2047
2047
2047
2047
2047
2047
2047
2047
2047
2047
2047
2047
2047
2047
2047
2047
2047
2047
2047
2047
2047
2047
2047
2047
2047
2047
2047
2047
2047
2047
2047
2047
2047
2047
2047
2047
2047
2047
2047
2047
2047
2047
2047
1339
608
62
-325
-590
-767
-890
-988
-1075
-1164
-1262
-1367
-1479
-1591
-1699
-1801
-1892
-1968
-2033
-2048
-2048
-2048
-2048
-2048
-2048
-2048
-2048
-2048
-2048
-2048
-2048
-2048
-2048
-2048
-2048
-2048
-2048
-2043
-2024
-2006
-1987
-1969
-1951
-1935
-1920
-1905
-1894
-1883
-1873
-1864
-1855
-1848
-1842
-1838
-1834
-1830
-1827
-1824
-1822
-1823
-1822
-1824
-1824
-1826
-1828
-1834
-1838
-1843
-1848
-1855
-1862
-1871
-1881
-1891
-1902
-1915
-1928
-1941
-1953
-1967
-1978
-1987
-1996
-2001
-2005
-2005
-2001
-1998
-1991
-1984
-1977
-1970
-1965
-1960
-1958
-1958
-1960
-1962
-1966
-1974
-1981
-1988
-1995
-2005
-2013
-2018
-2025
-2033
-2039
-2045
-2048
-2048
-2048
-2048
-2048
-2048
-2048
-2048
-2048
-2048
-2048
-2048
-2048
-2048
-2048
-2048
-2048
-2048
-2048
-2048
-2048
-2048
-2048
-2048
-2048
-2048
-2048
-2048
-2048
-2048
-2048
-2048
-2048
-2048
-2048
-2048
-2048
-2048
-2048
-2048
-2048
-2048
-2048
-2048
-2048
-2048
-2048
-2048
-2048
-2048
-2048
-2048
-2048
-2048
-2048
-2048
-2048
-2048
-2048
-2048
-2048
-2048
-2048
-2048
-2048
-2045
-2036
-2030
-2022
-2016
-2012
-2008
-2005
-2004
-2003
-2005
-2007
-2008
-2012
-2016
-2018
-2022
-2026
-2029
-2032
-2034
-2036
-2036
-2038
-2041
-2040
-2042
-2043
-2043
-2043
-2045
-2045
-2046
-2044
-2043
-2040
-2039
-2036
-2031
-2027
-2021
-2014
-2010
-2005
-1997
-1993
-1988
-1984
-1981
-1979
-1976
-1975
-1973
-1972
-1973
-1974
-1974
-1976
-1975
-1975
-1977
-1977
-1976
-1977
-1975
-1971
-1970
-1965
-1960
-1954
-1946
-1938
-1930
-1922
-1914
-1908
-1899
-1893
-1885
-1877
-1872
-1866
-1861
-1854
-1848
-1842
-1837
-1830
-1824
-1816
-1809
-1803
-1797
-1791
-1785
-1779
-1772
-1768
-1762
-1758
-1752
-1747
-1740
-1733
-1726
-1718
-1706
-1696
-1684
-1672
-1657
-1644
-1629
-1615
-1600
-1586
-1573
-1560
-1547
-1535
-1522
-1510
-1499
-1487
-1476
-1463
-1452
-1441
-1431
-1422
-1412
-1406
-1401
-1397
-1397
-1399
-1403
-1406
-1413
-1419
-1424
-1431
-1438
-1441
-1445
-1445
-1444
-1441
-1439
-1434
-1429
-1423
-1417
-1408
-1403
-1393
-1382
-1371
-1357
-1343
-1327
-1309
-1290
-1270
-1250
-1231
-1214
-1197
-1180
-1167
-1153
-1142
-1134
-1127
-1120
-1115
-1109
-1104
-1101
-1095
-1093
-1088
-1084
-1080
-1077
-1073
-1070
-1068
-1067
-1065
-1064
-1065
-1065
-1066
-1070
-1069
-1073
-1072
-1074
-1076
-1076
-1076
-1076
-1078
-1075
-1073
-1069
-1068
-1065
-1065
-1063
-1062
-1065
-1067
-1071
-1077
-1085
-1093
-1099
-1108
-1117
-1126
-1133
-1138
-1143
-1148
-1152
-1156
-1159
-1162
-1163
-1166
-1167
-1170
-1169
-1171
-1171
-1172
-1170
-1170
-1168
-1167
-1164
-1159
-1155
-1150
-1143
-1135
-1124
-1113
-1099
-1085
-1071
-1055
-1036
-1018
-1003
-985
-967
-951
-935
-919
-903
-888
-873
-858
-843
-829
-813
-799
-784
-769
-754
-740
-725
-711
-697
-682
-667
-652
-635
-620
-609
-594
-581
-569
-559
-549
-541
-532
-525
-519
-515
-509
-502
-498
-492
-486
-483
-476
-471
-465
-457
-448
-442
-435
-429
-422
-415
-409
-403
-400
-396
-393
-391
-391
-390
-390
-390
-390
-389
-388
-387
-386
-383
-380
-377
-374
-371
-366
-364
-362
-361
-359
-359
-358
-359
-360
-361
-363
-364
-366
-368
-371
-375
-376
-381
-384
-389
-396
-401
-407
-414
-421
-428
-434
-439
-444
-450
-453
-458
-459
-460
-461
-462
-464
-465
-468
-469
-473
-477
-482
-485
-489
-494
-497
-499
-502
-504
-505
-504
-503
-500
-500
-498
-501
-501
-502
-505
-507
-511
-516
-520
-523
-528
-532
-536
-541
-546
-550
-555
-561
-567
-574
-580
-586
-593
-600
-607
-615
-623
-630
-638
-647
-656
-666
-675
-686
-695
-706
-715
-726
-737
-745
-754
-763
-772
-783
-795
-805
-814
-828
-837
-850
-864
-877
-889
-903
-915
-927
-941
-953
-962
-974
-985
-996
-1006
-1015
-1024
-1032
-1040
-1049
-1055
-1061
-1067
-1074
-1078
-1084
-1091
-1098
-1106
-1113
-1122
-1134
-1146
-1159
-1173
-1186
-1200
-1215
-1229
-1242
-1253
-1262
-1269
-1275
-1280
-1284
-1286
-1285
-1283
-1280
-1274
-1265
-1251
-1230
-1206
-1171
-1128
-1074
-1005
-923
-829
-723
-611
-497
-387
-286
-200
-131
-76
-30
25
109
255
506
903
1491
2047
2047
2047
2047
2047
2047
2047
2047
2047
2047
2047
2047
2047
2047
2047
2047
2047
2047
2047
2047
2047
2047
2047
2047
2047
2047
2047
2047
2047
2047
2047
2047
2047
2047
2047
2047
2047
2047
2047
2047
2047
2047
2047
2047
2047
2047
2047
2047
2047
2047
2047
2047
2047
2047
2047
2047
2047
2047
2047
2047
2047
2047
2047
1286
550
2
-384
-648
-822
-943
-1037
-1123
-1211
-1309
-1414
-1522
-1633
-1739
-1839
-1928
-2001
-2048
-2048
-2048
-2048
-2048
-2048
-2048
-2048
-2048
-2048
-2048
-2048
-2048
-2048
-2048
-2048
-2048
-2048
-2048
-2029
-2008
-1989
-1969
-1951
-1934
-1916
-1902
-1887
-1876
-1864
-1854
-1844
-1836
-1829
-1825
-1819
-1815
-1811
-1809
-1808
-1807
-1807
-1808
-1809
-1812
-1815
-1819
-1825
-1830
-1837
-1843
-1851
-1860
-1870
-1881
-1890
-1903
-1916
-1930
-1945
-1959
-1971
-1982
-1992
-1999
-2005
-2007
-2006
-2004
-1998
-1991
-1984
-1975
-1968
-1961
-1957
-1953
-1953
-1953
-1956
-1958
-1964
-1968
-1974
-1980
-1985
-1991
-1996
-2002
-2005
-2010
-2013
-2017
-2021
-2026
-2029
-2033
-2038
-2043
-2046
-2048
-2048
-2048
-2048
-2048
-2048
-2048
-2048
-2048
-2048
-2048
-2048
-2048
-2048
-2048
-2048
-2048
-2048
-2048
-2048
-2048
-2048
-2048
-2048
-2048
-2048
-2048
-2048
-2048
-2048
-2048
-2048
-2048
-2048
-2048
-2048
-2048
-2048
-2048
-2048
-2048
-2048
-2048
-2048
-2048
-2048
-2048
-2048
-2048
-2048
-2048
-2048
-2048
-2048
-2048
-2048
-2048
-2048
-2048
-2048
-2048
-2048
-2048
-2048
-2048
-2048
-2048
-2048
-2048
-2048
-2048
-2048
-2048
-2048
-2048
-2048
-2048
-2048
-2048
-2048
-2048
-2048
-2048
-2048
-2048
-2048
-2048
-2048
-2048
-2048
-2048
-2048
-2048
-2048
-2048
-2048
-2048
-2048
-2048
-2048
-2048
-2042
-2032
-2026
-2019
-2013
-2009
-2003
-1999
-1995
-1994
-1991
-1990
-1988
-1987
-1985
-1985
-1984
-1983
-1981
-1979
-1976
-1973
-1970
-1965
-1958
-1953
-1945
-1936
-1931
-1922
-1912
-1906
-1899
-1892
-1886
-1881
-1875
-1869
-1865
-1860
-1855
-1849
-1844
-1837
-1833
-1827
-1821
-1816
-1811
-1806
-1801
-1796
-1792
-1788
-1783
-1779
-1775
-1769
-1764
-1757
-1750
-1741
-1731
-1719
-1707
-1695
-1681
-1667
-1652
-1637
-1621
-1608
-1594
-1580
-1566
-1554
-1540
-1528
-1515
-1501
-1489
-1476
-1463
-1452
-1440
-1429
-1418
-1412
-1404
-1400
-1399
-1399
-1398
-1400
-1405
-1411
-1415
-1418
-1421
-1421
-1421
-1420
-1417
-1412
-1405
-1398
-1391
-1383
-1374
-1364
-1354
-1343
-1330
-1317
-1303
-1286
-1268
-1247
-1228
-1207
-1188
-1167
-1147
-1129
-1113
-1098
-1087
-1076
-1067
-1059
-1053
-1048
-1044
-1040
-1038
-1033
-1030
-1028
-1025
-1023
-1022
-1019
-1018
-1018
-1017
-1019
-1021
-1024
-1026
-1030
-1033
-1038
-1042
-1046
-1051
-1054
-1058
-1061
-1064
-1065
-1066
-1066
-1066
-1066
-1065
-1066
-1065
-1067
-1071
-1076
-1082
-1088
-1097
-1106
-1115
-1126
-1135
-1143
-1152
-1159
-1165
-1170
-1174
-1179
-1180
-1183
-1185
-1189
-1190
-1191
-1191
-1192
-1191
-1193
-1193
-1190
-1189
-1186
-1183
-1181
-1176
-1169
-1163
-1154
-1143
-1132
-1121
-1106
-1091
-1075
-1058
-1042
-1026
-1007
-992
-976
-960
-945
-931
-917
-903
-890
-875
-862
-850
-838
-824
-811
-798
-786
-774
-761
-748
-735
-720
-708
-696
-684
-670
-660
-649
-638
-631
-623
-617
-612
-606
-601
-599
-595
-592
-588
-585
-580
-578
-572
-567
-562
-557
-549
-543
-536
-529
-521
-514
-510
-503
-499
-496
-492
-489
-487
-484
-482
-480
-477
-473
-468
-466
-458
-454
-446
-438
-430
-422
-415
-409
-402
-395
-389
-384
-380
-374
-371
-366
-361
-358
-355
-352
-350
-346
-344
-343
-343
-342
-343
-344
-344
-347
-350
-354
-356
-357
-359
-361
-362
-363
-363
-363
-361
-362
-361
-363
-363
-367
-370
-373
-378
-383
-389
-393
-399
-403
-408
-411
-415
-416
-420
-421
-423
-427
-431
-434
-441
-448
-455
-464
-473
-481
-488
-496
-506
-514
-524
-531
-541
-550
-560
-571
-582
-591
-602
-612
-622
-633
-645
-654
-665
-675
-687
-700
-712
-724
-736
-748
-759
-771
-783
-793
-804
-815
-824
-835
-844
-854
-866
-876
-887
-899
-911
-924
-935
-948
-959
-971
-982
-993
-1005
-1015
-1024
-1034
-1041
-1049
-1057
-1063
-1070
-1076
-1081
-1086
-1090
-1094
-1098
-1102
-1107
-1111
-1116
-1123
-1129
-1138
-1148
-1159
-1170
-1184
-1197
-1210
-1223
-1236
-1246
-1256
-1265
-1271
-1277
-1279
-1283
-1282
-1283
-1282
-1277
-1270
-1258
-1243
-1222
-1194
-1158
-1110
-1051
-978
-892
-794
-687
-575
-462
-356
-263
-183
-123
-74
-26
35
137
314
610
1070
1734
2047
2047
2047
2047
2047
2047
2047
2047
2047
2047
2047
2047
2047
2047
2047
2047
2047
2047
2047
2047
2047
2047
2047
2047
2047
2047
2047
2047
2047
2047
2047
2047
2047
2047
2047
2047
2047
2047
2047
2047
2047
2047
2047
2047
2047
2047
2047
2047
2047
2047
2047
2047
2047
2047
2047
2047
2047
2047
2047
2047
2047
2047
2047
1407
665
107
-289
-557
-738
-862
-959
-1047
-1135
-1231
-1336
-1445
-1559
-1668
-1770
-1861
-1939
-2005
-2048
-2048
-2048
-2048
-2048
-2048
-2048
-2048
-2048
-2048
-2048
-2048
-2048
-2048
-2048
-2048
-2048
-2048
-2046
-2030
-2013
-1998
-1984
-1970
-1958
-1947
-1938
-1930
-1923
-1916
-1910
-1906
-1904
-1901
-1900
-1898
-1898
-1899
-1900
-1901
-1902
-1905
-1908
-1913
-1917
-1920
-1926
-1932
-1937
-1945
-1952
-1960
-1967
-1978
-1987
-1998
-2010
-2021
-2033
-2044
-2048
-2048
-2048
-2048
-2048
-2048
-2048
-2048
-2048
-2048
-2038
-2027
-2015
-2006
-1998
-1993
-1989
-1986
-1986
-1986
-1989
-1991
-1995
-1998
-2002
-2003
-2008
-2010
-2013
-2015
-2017
-2019
-2022
-2026
-2028
-2030
-2035
-2038
-2042
-2046
-2048
-2048
-2048
-2048
-2048
-2048
-2048
-2048
-2048
-2048
-2048
-2048
-2048
-2048
-2048
-2048
-2048
-2048
-2048
-2048
-2048
-2048
-2048
-2048
-2048
-2048
-2048
-2048
-2048
-2048
-2048
-2048
-2048
-2048
-2048
-2048
-2048
-2048
-2048
-2048
-2048
-2048
-2048
-2048
-2048
-2048
-2048
-2048
-2048
-2048
-2048
-2048
-2048
-2048
-2048
-2048
-2048
-2048
-2048
-2048
-2048
-2046
-2041
-2039
-2038
-2038
-2039
-2042
-2043
-2045
-2048
-2048
-2048
-2048
-2048
-2048
-2048
-2048
-2048
-2048
-2048
-2048
-2048
-2048
-2048
-2048
-2048
-2048
-2048
-2048
-2048
-2045
-2042
-2037
-2031
-2024
-2018
-2011
-2005
-1997
-1993
-1986
-1982
-1978
-1975
-1971
-1969
-1968
-1969
-1967
-1968
-1970
-1972
-1974
-1976
-1980
-1982
-1983
-1985
-1986
-1987
-1987
-1986
-1984
-1981
-1976
-1972
-1966
-1960
-1955
-1948
-1943
-1938
-1932
-1927
-1925
-1920
-1915
-1910
-1906
-1903
-1898
-1894
-1887
-1883
-1878
-1873
-1867
-1861
-1856
-1850
-1845
-1840
-1836
-1830
-1825
-1819
-1814
-1806
-1798
-1790
-1780
-1768
-1755
-1743
-1728
-1713
-1696
-1680
-1663
-1647
-1633
-1615
-1601
-1586
-1571
-1558
-1543
-1529
-1516
-1502
-1488
-1474
-1461
-1449
-1438
-1428
-1420
-1413
-1408
-1406
-1406
-1407
-1411
-1415
-1421
-1425
-1431
-1434
-1436
-1438
-1437
-1434
-1431
-1427
-1422
-1416
-1408
-1402
-1395
-1386
-1379
-1368
-1355
-1342
-1327
-1311
-1294
-1276
-1256
-1237
-1218
-1202
-1186
-1171
-1159
-1148
-1139
-1132
-1125
-1121
-1118
-1114
-1110
-1107
-1104
-1101
-1099
-1096
-1092
-1090
-1086
-1086
-1084
-1083
-1081
-1081
-1082
-1084
-1084
-1085
-1088
-1087
-1089
-1090
-1092
-1092
-1091
-1090
-1086
-1084
-1080
-1076
-1073
-1068
-1065
-1062
-1060
-1057
-1058
-1060
-1063
-1068
-1073
-1078
-1084
-1090
-1095
-1101
-1105
-1108
-1109
-1112
-1113
-1115
-1115
-1116
-1115
-1114
-1114
-1114
-1113
-1113
-1111
-1109
-1106
-1103
-1101
-1097
-1091
-1087
-1080
-1073
-1064
-1055
-1043
-1031
-1016
-1001
-986
-971
-956
-938
-923
-908
-893
-880
-866
-854
-842
-829
-819
-808
-798
-787
-776
-765
-757
-747
-737
-727
-717
-709
-699
-688
-679
-671
-661
-652
-645
-636
-631
-624
-620
-616
-614
-611
-609
-609
-607
-605
-604
-603
-601
-597
-595
-593
-587
-583
-578
-571
-564
-559
-553
-546
-541
-534
-529
-525
-520
-517
-515
-512
-508
-503
-500
-497
-493
-486
-479
-470
-463
-453
-447
-438
-428
-419
-412
-404
-399
-393
-387
-381
-376
-371
-367
-364
-359
-356
-353
-349
-348
-346
-348
-346
-350
-352
-355
-358
-362
-365
-371
-373
-378
-382
-384
-387
-387
-390
-390
-393
-395
-397
-401
-405
-411
-417
-423
-430
-436
-442
-449
-455
-461
-465
-468
-469
-472
-476
-480
-482
-486
-491
-496
-504
-510
-518
-525
-532
-540
-547
-555
-561
-566
-572
-580
-589
-596
-601
-609
-617
-622
-632
-639
-646
-652
-660
-667
-675
-682
-691
-699
-706
-715
-723
-731
-738
-746
-752
-759
-765
-771
-778
-783
-792
-798
-804
-813
-822
-832
-841
-850
-860
-871
-882
-891
-901
-910
-920
-928
-939
-946
-953
-963
-969
-976
-985
-991
-997
-1003
-1009
-1016
-1022
-1029
-1036
-1044
-1054
-1064
-1076
-1089
-1103
-1120
-1137
-1155
-1172
-1189
-1208
-1224
-1240
-1253
-1267
-1276
-1287
-1293
-1300
-1304
-1309
-1308
-1306
-1300
-1290
-1273
-1251
-1220
-1178
-1125
-1058
-977
-884
-781
-669
-559
-452
-358
-277
-213
-164
-118
-61
30
193
468
904
1540
2047
2047
2047
2047
2047
2047
2047
2047
2047
2047
2047
2047
2047
2047
2047
2047
2047
2047
2047
2047
2047
2047
2047
2047
2047
2047
2047
2047
2047
2047
2047
2047
2047
2047
2047
2047
2047
2047
2047
2047
2047
2047
2047
2047
2047
2047
2047
2047
2047
2047
2047
2047
2047
2047
2047
2047
2047
2047
2047
2047
2047
2047
2047
1220
520
1
-364
-611
-777
-893
-987
-1073
-1165
-1263
-1370
-1482
-1594
-1703
-1802
-1891
-1967
-2029
-2048
-2048
-2048
-2048
-2048
-2048
-2048
-2048
-2048
-2048
-2048
-2048
-2048
-2048
-2048
-2048
-2048
-2048
-2048
-2035
-2018
-2002
-1984
-1970
-1955
-1943
-1933
-1920
-1910
-1901
-1895
-1888
-1884
-1878
-1875
-1871
-1869
-1865
-1865
-1864
-1863
-1864
-1865
-1867
-1868
-1873
-1876
-1881
-1885
-1891
-1896
-1904
-1912
-1920
-1931
-1942
-1953
-1963
-1976
-1988
-1999
-2008
-2017
-2023
-2027
-2028
-2027
-2023
-2016
-2007
-1999
-1992
-1983
-1977
-1970
-1966
-1963
-1964
-1965
-1969
-1974
-1979
-1986
-1991
-1998
-2006
-2012
-2017
-2024
-2029
-2034
-2042
-2048
-2048
-2048
-2048
-2048
-2048
-2048
-2048
-2048
-2048
-2048
-2048
-2048
-2048
-2048
-2048
-2048
-2048
-2048
-2048
-2048
-2048
-2048
-2048
-2048
-2048
-2048
-2048
-2048
-2048
-2048
-2048
-2048
-2048
-2048
-2048
-2048
-2048
-2048
-2048
-2048
-2048
-2048
-2048
-2048
-2048
-2048
-2048
-2048
-2048
-2048
-2048
-2048
-2048
-2048
-2048
-2048
-2048
-2048
-2048
-2048
-2048
-2048
-2048
-2048
-2048
-2048
-2048
-2048
-2048
-2048
-2048
-2048
-2047
-2047
-2048
-2048
-2048
-2048
-2048
-2048
-2048
-2048
-2048
-2048
-2048
-2048
-2048
-2048
-2048
-2048
-2048
-2048
-2048
-2048
-2048
-2048
-2048
-2048
-2048
-2048
-2048
-2046
-2041
-2037
-2029
-2024
-2019
-2013
-2008
-2004
-2002
-2000
-1997
-1995
-1995
-1994
-1997
-1997
-1998
-1998
-2001
-2003
-2003
-2005
-2006
-2006
-2007
-2005
-2003
-2000
-1995
-1992
-1986
-1979
-1972
-1964
-1956
-1948
-1941
-1933
-1926
-1918
-1912
-1906
-1900
-1893
-1885
-1879
-1872
-1867
-1858
-1852
-1845
-1836
-1828
-1821
-1816
-1808
-1801
-1795
-1788
-1781
-1777
-1770
-1763
-1756
-1749
-1737
-1728
-1718
-1705
-1692
-1677
-1661
-1646
-1632
-1616
-1601
-1587
-1571
-1557
-1545
-1533
-1521
-1507
-1494
-1482
-1470
-1458
-1446
-1435
-1425
-1414
-1406
-1401
-1396
-1394
-1395
-1397
-1400
-1407
-1412
-1420
-1428
-1434
-1441
-1446
-1448
-1450
-1450
-1448
-1446
-1443
-1439
-1433
-1428
-1423
-1416
-1408
-1399
-1387
-1376
-1362
-1346
-1330
-1311
-1292
-1273
-1254
-1238
-1221
-1206
-1193
-1181
-1171
-1163
-1156
-1149
-1145
-1141
-1135
-1132
-1128
-1123
-1118
-1115
-1110
-1106
-1103
-1100
-1097
-1095
-1092
-1091
-1093
-1092
-1092
-1093
-1093
-1095
-1096
-1096
-1098
-1096
-1097
-1095
-1093
-1091
-1089
-1085
-1081
-1078
-1076
-1074
-1074
-1074
-1077
-1081
-1085
-1093
-1099
-1108
-1117
-1124
-1131
-1138
-1142
-1148
-1152
-1155
-1158
-1162
-1162
-1165
-1167
-1168
-1170
-1170
-1171
-1171
-1171
-1171
-1169
-1169
-1166
-1163
-1160
-1156
-1150
-1144
-1136
-1125
-1113
-1102
-1088
-1076
-1060
-1045
-1029
-1012
-997
-984
-969
-953
-942
-927
-915
-903
-889
-875
-863
-851
-838
-824
-813
-799
-788
-774
-761
-747
-735
-722
-708
-696
-680
-667
-654
-642
-631
-621
-611
-603
-595
-588
-580
-575
-568
-562
-555
-550
-542
-535
-527
-518
-511
-502
-492
-483
-472
-463
-454
-444
-434
-426
-419
-412
-407
-402
-396
-393
-389
-386
-381
-378
-372
-367
-362
-357
-351
-344
-336
-332
-326
-321
-318
-315
-311
-310
-308
-308
-309
-309
-309
-311
-312
-314
-316
-319
-323
-328
-331
-337
-343
-352
-360
-367
-377
-385
-395
-403
-410
-419
-424
-430
-436
-442
-447
-450
-455
-461
-466
-474
-481
-485
-496
-504
-512
-519
-527
-532
-538
-542
-546
-549
-552
-554
-556
-558
-561
-565
-569
-574
-580
-586
-591
-597
-602
-605
-611
-616
-621
-626
-631
-635
-639
-645
-649
-655
-660
-664
-669
-675
-681
-684
-692
-697
-703
-709
-717
-725
-728
-740
-747
-753
-760
-766
-772
-778
-786
-791
-798
-806
-815
-823
-831
-841
-850
-861
-873
-883
-894
-905
-916
-927
-938
-949
-959
-969
-978
-987
-997
-1006
-1014
-1020
-1028
-1035
-1042
-1050
-1056
-1061
-1069
-1077
-1084
-1094
-1105
-1117
-1130
-1143
-1157
-1175
-1189
-1206
-1222
-1236
-1251
-1261
-1273
-1283
-1291
-1296
-1301
-1303
-1304
-1304
-1302
-1295
-1286
-1272
-1253
-1226
-1190
-1145
-1085
-1016
-932
-835
-726
-615
-501
-395
-299
-218
-152
-101
-53
7
104
272
554
996
1638
2047
2047
2047
2047
2047
2047
2047
2047
2047
2047
2047
2047
2047
2047
2047
2047
2047
2047
2047
2047
2047
2047
2047
2047
2047
2047
2047
2047
2047
2047
2047
2047
2047
2047
2047
2047
2047
2047
2047
2047
2047
2047
2047
2047
2047
2047
2047
2047
2047
2047
2047
2047
2047
2047
2047
2047
2047
2047
2047
2047
2047
2047
2047
1190
477
-50
-421
-672
-839
-959
-1052
-1140
-1231
-1330
-1437
-1549
-1661
-1768
-1868
-1956
-2032
-2048
-2048
-2048
-2048
-2048
-2048
-2048
-2048
-2048
-2048
-2048
-2048
-2048
-2048
-2048
-2048
-2048
-2048
-2048
-2048
-2048
-2037
-2018
-2001
-1983
-1967
-1952
-1938
-1927
-1915
-1906
-1898
-1890
-1882
-1876
-1871
-1868
-1864
-1862
-1860
-1858
-1858
-1858
-1860
-1862
-1863
-1867
-1870
-1875
-1881
-1886
-1893
-1900
-1909
-1918
-1928
-1940
-1953
-1964
-1977
-1989
-2000
-2010
-2020
-2024
-2027
-2031
-2027
-2022
-2018
-2009
-2000
-1993
-1983
-1978
-1973
-1969
-1967
-1967
-1971
-1974
-1978
-1984
-1991
-1997
-2002
-2008
-2012
-2018
-2022
-2027
-2030
-2033
-2039
-2042
-2047
-2048
-2048
-2048
-2048
-2048
-2048
-2048
-2048
-2048
-2048
-2048
-2048
-2048
-2048
-2048
-2048
-2048
-2048
-2048
-2048
-2048
-2048
-2048
-2048
-2048
-2048
-2048
-2048
-2048
-2048
-2048
-2048
-2048
-2048
-2048
-2048
-2048
-2048
-2048
-2048
-2048
-2048
-2048
-2048
-2048
-2048
-2048
-2048
-2048
-2048
-2048
-2048
-2048
-2048
-2048
-2048
-2048
-2048
-2048
-2048
-2048
-2048
-2048
-2048
-2048
-2048
-2048
-2048
-2048
-2048
-2048
-2048
-2048
-2048
-2048
-2048
-2048
-2048
-2048
-2048
-2048
-2048
-2048
-2048
-2048
-2048
-2048
-2048
-2048
-2048
-2048
-2048
-2048
-2048
-2048
-2048
-2048
-2048
-2048
-2048
-2048
-2048
-2048
-2048
-2048
-2048
-2048
-2048
-2048
-2048
-2046
-2041
-2038
-2035
-2032
-2030
-2028
-2027
-2025
-2025
-2023
-2023
-2021
-2018
-2016
-2013
-2009
-2005
-1999
-1991
-1984
-1977
-1967
-1958
-1949
-1940
-1930
-1922
-1915
-1908
-1900
-1894
-1887
-1879
-1873
-1865
-1861
-1854
-1848
-1841
-1835
-1829
-1823
-1817
-1810
-1805
-1800
-1795
-1790
-1787
-1781
-1775
-1770
-1764
-1758
-1751
-1743
-1732
-1721
-1709
-1697
-1684
-1671
-1656
-1641
-1627
-1615
-1603
-1590
-1577
-1565
-1553
-1542
-1531
-1518
-1507
-1495
-1483
-1472
-1462
-1453
-1444
-1437
-1432
-1428
-1427
-1428
-1431
-1434
-1438
-1445
-1451
-1455
-1458
-1460
-1461
-1459
-1457
-1453
-1446
-1441
-1432
-1425
-1415
-1408
-1397
-1385
-1374
-1357
-1342
-1325
-1304
-1285
-1263
-1241
-1219
-1197
-1177
-1156
-1138
-1122
-1108
-1094
-1084
-1075
-1065
-1058
-1053
-1048
-1042
-1036
-1031
-1025
-1021
-1016
-1011
-1008
-1004
-1001
-999
-999
-998
-997
-998
-1000
-1001
-1003
-1006
-1009
-1012
-1013
-1015
-1017
-1018
-1019
-1018
-1017
-1016
-1015
-1015
-1015
-1015
-1017
-1019
-1025
-1030
-1039
-1047
-1057
-1068
-1078
-1090
-1098
-1107
-1118
-1123
-1131
-1138
-1144
-1150
-1155
-1159
-1164
-1169
-1172
-1177
-1179
-1182
-1184
-1187
-1187
-1188
-1189
-1188
-1185
-1183
-1180
-1174
-1168
-1159
-1150
-1137
-1125
-1112
-1095
-1080
-1063
-1048
-1032
-1016
-1001
-987
-972
-957
-943
-930
-915
-902
-887
-872
-860
-845
-831
-816
-802
-788
-774
-759
-744
-729
-714
-699
-685
-671
-657
-644
-631
-620
-611
-602
-594
-587
-580
-573
-569
-564
-558
-553
-547
-541
-534
-527
-520
-513
-504
-497
-488
-481
-473
-466
-459
-453
-448
-444
-440
-438
-436
-434
-432
-430
-428
-426
-424
-419
-415
-410
-405
-400
-394
-388
-383
-379
-374
-370
-367
-364
-361
-359
-358
-357
-356
-354
-353
-353
-352
-352
-352
-352
-354
-355
-359
-361
-366
-370
-374
-380
-383
-388
-391
-395
-396
-399
-399
-400
-399
-402
-401
-402
-402
-405
-409
-411
-415
-419
-424
-428
-433
-437
-439
-442
-444
-445
-446
-447
-446
-447
-450
-452
-456
-461
-466
-472
-478
-485
-490
-497
-503
-508
-515
-521
-529
-539
-545
-553
-562
-569
-578
-586
-596
-605
-613
-623
-633
-644
-654
-665
-677
-687
-698
-710
-723
-735
-746
-757
-768
-779
-790
-801
-813
-825
-836
-849
-863
-877
-890
-904
-918
-932
-947
-961
-973
-988
-1001
-1014
-1024
-1035
-1046
-1056
-1066
-1075
-1083
-1091
-1098
-1106
-1112
-1118
-1124
-1129
-1135
-1141
-1149
-1157
-1166
-1176
-1187
-1199
-1211
-1226
-1241
-1253
-1269
-1281
-1294
-1305
-1314
-1321
-1327
-1331
-1332
-1333
-1334
-1330
-1326
-1318
-1306
-1289
-1269
-1238
-1200
-1152
-1091
-1014
-930
-829
-719
-604
-491
-383
-288
-208
-145
-94
-46
18
126
309
614
1087
1768
2047
2047
2047
2047
2047
2047
2047
2047
2047
2047
2047
2047
2047
2047
2047
2047
2047
2047
2047
2047
2047
2047
2047
2047
2047
2047
2047
2047
2047
2047
2047
2047
2047
2047
2047
2047
2047
2047
2047
2047
2047
2047
2047
2047
2047
2047
2047
2047
2047
2047
2047
2047
2047
2047
2047
2047
2047
2047
2047
2047
2047
2047
2047
1349
618
71
-315
-578
-756
-879
-974
-1062
-1149
-1246
-1350
-1461
-1572
-1680
-1782
-1872
-1948
-2012
-2048
-2048
-2048
-2048
-2048
-2048
-2048
-2048
-2048
-2048
-2048
-2048
-2048
-2048
-2048
-2048
-2048
-2048
-2045
-2029
-2012
-1996
-1982
-1968
-1954
-1943
-1933
-1925
-1916
-1910
-1903
-1899
-1897
-1894
-1893
-1892
-1891
-1890
-1891
-1894
-1897
-1898
-1903
-1907
-1912
-1918
-1924
-1931
-1936
-1945
-1953
-1962
-1971
-1982
-1995
-2006
-2019
-2032
-2043
-2048
-2048
-2048
-2048
-2048
-2048
-2048
-2048
-2048
-2048
-2048
-2048
-2048
-2045
-2037
-2029
-2025
-2021
-2021
-2020
-2024
-2026
-2031
-2035
-2038
-2042
-2047
-2048
-2048
-2048
-2048
-2048
-2048
-2048
-2048
-2048
-2048
-2048
-2048
-2048
-2048
-2048
-2048
-2048
-2048
-2048
-2048
-2048
-2048
-2048
-2048
-2048
-2048
-2048
-2048
-2048
-2048
-2048
-2048
-2048
-2048
-2048
-2048
-2048
-2048
-2048
-2048
-2048
-2048
-2048
-2048
-2048
-2048
-2048
-2048
-2048
-2048
-2048
-2048
-2048
-2048
-2048
-2048
-2048
-2048
-2048
-2048
-2048
-2048
-2048
-2048
-2048
-2048
-2048
-2048
-2048
-2048
-2048
-2048
-2048
-2048
-2048
-2048
-2048
-2048
-2048
-2048
-2048
-2048
-2048
-2048
-2048
-2048
-2048
-2048
-2048
-2048
-2048
-2048
-2048
-2048
-2048
-2048
-2048
-2048
-2048
-2048
-2048
-2048
-2048
-2048
-2048
-2048
-2048
-2048
-2043
-2035
-2026
-2018
-2010
-2001
-1993
-1986
-1978
-1973
-1967
-1962
-1959
-1956
-1952
-1951
-1951
-1950
-1950
-1950
-1953
-1953
-1954
-1955
-1955
-1955
-1955
-1955
-1953
-1950
-1947
-1943
-1939
-1933
-1927
-1922
-1918
-1912
-1909
-1904
-1901
-1897
-1892
-1891
-1888
-1885
-1882
-1879
-1877
-1873
-1870
-1867
-1864
-1859
-1856
-1855
-1850
-1847
-1844
-1840
-1838
-1835
-1831
-1828
-1823
-1817
-1810
-1802
-1794
-1783
-1772
-1759
-1746
-1731
-1717
-1702
-1689
-1673
-1660
-1645
-1633
-1618
-1605
-1592
-1578
-1566
-1551
-1537
-1524
-1511
-1499
-1486
-1475
-1467
-1460
-1454
-1452
-1450
-1452
-1452
-1456
-1458
-1462
-1465
-1467
-1468
-1467
-1464
-1460
-1454
-1447
-1440
-1433
-1423
-1414
-1405
-1395
-1383
-1370
-1357
-1340
-1324
-1308
-1288
-1268
-1248
-1229
-1208
-1190
-1173
-1158
-1145
-1134
-1122
-1116
-1110
-1104
-1101
-1097
-1093
-1089
-1086
-1084
-1081
-1078
-1075
-1073
-1073
-1071
-1070
-1069
-1070
-1070
-1073
-1074
-1078
-1081
-1083
-1086
-1091
-1093
-1096
-1098
-1100
-1100
-1100
-1099
-1097
-1097
-1094
-1091
-1090
-1088
-1088
-1090
-1091
-1095
-1101
-1106
-1112
-1119
-1126
-1133
-1139
-1145
-1149
-1153
-1156
-1158
-1161
-1161
-1162
-1162
-1162
-1161
-1161
-1159
-1157
-1156
-1154
-1151
-1148
-1144
-1140
-1136
-1130
-1124
-1116
-1108
-1098
-1087
-1075
-1060
-1044
-1029
-1011
-994
-975
-956
-939
-921
-904
-887
-872
-857
-840
-827
-812
-798
-784
-770
-756
-744
-731
-718
-708
-693
-681
-670
-657
-644
-632
-621
-610
-599
-588
-579
-571
-564
-556
-552
-548
-545
-544
-542
-541
-539
-539
-539
-537
-535
-533
-531
-527
-524
-520
-516
-513
-508
-504
-500
-497
-493
-491
-489
-487
-487
-487
-487
-488
-487
-487
-484
-484
-480
-477
-474
-469
-462
-459
-453
-447
-442
-439
-432
-430
-428
-423
-422
-419
-415
-414
-412
-411
-408
-407
-404
-405
-404
-404
-405
-406
-407
-410
-413
-417
-421
-423
-425
-428
-430
-431
-431
-432
-430
-430
-430
-431
-431
-433
-435
-436
-441
-445
-448
-455
-459
-463
-466
-470
-473
-474
-474
-476
-476
-477
-479
-482
-486
-489
-494
-501
-507
-515
-520
-527
-533
-538
-546
-553
-560
-566
-574
-582
-589
-598
-606
-614
-622
-632
-640
-648
-658
-665
-675
-682
-692
-701
-711
-721
-730
-739
-747
-755
-765
-772
-779
-787
-796
-803
-809
-819
-827
-836
-846
-856
-867
-877
-887
-898
-909
-920
-930
-939
-948
-958
-967
-975
-984
-991
-998
-1005
-1012
-1019
-1024
-1031
-1035
-1040
-1047
-1052
-1059
-1066
-1073
-1083
-1094
-1105
-1119
-1133
-1147
-1163
-1180
-1196
-1211
-1226
-1240
-1252
-1263
-1271
-1280
-1286
-1290
-1295
-1295
-1295
-1293
-1286
-1277
-1260
-1238
-1204
-1164
-1112
-1046
-967
-873
-770
-660
-549
-443
-346
-265
-201
-151
-108
-53
33
187
449
866
1481
2047
2047
2047
2047
2047
2047
2047
2047
2047
2047
2047
2047
2047
2047
2047
2047
2047
2047
2047
2047
2047
2047
2047
2047
2047
2047
2047
2047
2047
2047
2047
2047
2047
2047
2047
2047
2047
2047
2047
2047
2047
2047
2047
2047
2047
2047
2047
2047
2047
2047
2047
2047
2047
2047
2047
2047
2047
2047
2047
2047
2047
2047
2047
1209
504
-17
-384
-633
-797
-914
-1007
-1094
-1184
-1282
-1388
-1498
-1610
-1717
-1818
-1905
-1980
-2041
-2048
-2048
-2048
-2048
-2048
-2048
-2048
-2048
-2048
-2048
-2048
-2048
-2048
-2048
-2048
-2048
-2048
-2048
-2047
-2029
-2011
-1994
-1977
-1962
-1949
-1935
-1924
-1912
-1903
-1894
-1886
-1880
-1876
-1869
-1866
-1863
-1859
-1858
-1857
-1856
-1857
-1857
-1859
-1861
-1864
-1868
-1872
-1875
-1880
-1886
-1891
-1899
-1907
-1915
-1925
-1936
-1946
-1958
-1969
-1979
-1991
-2001
-2008
-2013
-2016
-2017
-2015
-2011
-2003
-1994
-1985
-1975
-1966
-1958
-1951
-1944
-1941
-1940
-1940
-1944
-1946
-1951
-1957
-1963
-1967
-1973
-1979
-1984
-1989
-1995
-1999
-2005
-2010
-2016
-2021
-2028
-2033
-2042
-2048
-2048
-2048
-2048
-2048
-2048
-2048
-2048
-2048
-2048
-2048
-2048
-2048
-2048
-2048
-2048
-2048
-2048
-2048
-2048
-2048
-2048
-2048
-2048
-2048
-2048
-2048
-2048
-2048
-2048
-2048
-2048
-2048
-2048
-2048
-2048
-2048
-2048
-2048
-2048
-2048
-2048
-2048
-2048
-2048
-2048
-2048
-2048
-2048
-2048
-2048
-2048
-2048
-2048
-2048
-2048
-2048
-2048
-2048
-2048
-2048
-2048
-2048
-2048
-2048
-2048
-2048
-2048
-2048
-2048
-2048
-2048
-2048
-2048
-2048
-2048
-2048
-2048
-2048
-2048
-2048
-2048
-2048
-2048
-2048
-2048
-2048
-2048
-2048
-2048
-2048
-2048
-2048
-2048
-2048
-2046
-2039
-2033
-2026
-2019
-2012
-2004
-1998
-1992
-1987
-1983
-1979
-1978
-1975
-1974
-1975
-1975
-1977
-1977
-1980
-1982
-1985
-1987
-1989
-1991
-1992
-1994
-1994
-1995
-1992
-1991
-1987
-1982
-1977
-1972
-1966
-1960
-1954
-1948
-1943
-1937
-1933
-1929
-1925
-1919
-1915
-1910
-1904
-1900
-1895
-1888
-1884
-1877
-1869
-1866
-1858
-1852
-1846
-1839
-1832
-1827
-1821
-1815
-1809
-1802
-1792
-1785
-1775
-1763
-1752
-1740
-1724
-1709
-1694
-1675
-1659
-1641
-1624
-1605
-1590
-1574
-1558
-1543
-1527
-1513
-1498
-1482
-1470
-1453
-1440
-1426
-1413
-1400
-1390
-1380
-1373
-1367
-1365
-1365
-1365
-1369
-1373
-1378
-1384
-1390
-1394
-1397
-1400
-1400
-1398
-1397
-1392
-1389
-1384
-1379
-1373
-1366
-1358
-1350
-1341
-1331
-1319
-1306
-1289
-1275
-1257
-1239
-1222
-1205
-1188
-1172
-1160
-1147
-1136
-1129
-1122
-1117
-1113
-1110
-1108
-1107
-1106
-1106
-1103
-1102
-1100
-1099
-1099
-1098
-1096
-1097
-1097
-1098
-1100
-1103
-1105
-1107
-1112
-1115
-1117
-1121
-1123
-1125
-1127
-1128
-1128
-1127
-1126
-1124
-1122
-1119
-1115
-1114
-1112
-1112
-1112
-1113
-1117
-1121
-1126
-1133
-1140
-1148
-1154
-1159
-1165
-1169
-1172
-1175
-1176
-1178
-1180
-1180
-1181
-1182
-1181
-1181
-1179
-1180
-1176
-1177
-1174
-1172
-1169
-1165
-1162
-1158
-1152
-1145
-1139
-1129
-1118
-1107
-1094
-1081
-1065
-1050
-1033
-1017
-1002
-986
-971
-957
-942
-927
-914
-902
-889
-876
-863
-851
-839
-828
-816
-805
-793
-782
-770
-759
-747
-734
-723
-710
-697
-686
-673
-663
-650
-640
-632
-624
-616
-610
-605
-599
-594
-589
-584
-579
-575
-569
-563
-556
-551
-542
-535
-526
-517
-506
-497
-487
-478
-470
-460
-453
-446
-438
-434
-427
-422
-418
-413
-408
-404
-398
-391
-386
-378
-369
-362
-353
-345
-338
-331
-324
-318
-314
-309
-305
-302
-299
-297
-294
-292
-291
-290
-290
-291
-292
-293
-295
-300
-304
-310
-314
-321
-329
-336
-343
-350
-357
-363
-368
-373
-378
-382
-386
-389
-394
-399
-404
-410
-419
-425
-434
-442
-451
-460
-469
-476
-483
-490
-494
-498
-502
-507
-510
-514
-518
-524
-531
-537
-544
-552
-559
-565
-573
-580
-586
-593
-599
-605
-612
-619
-625
-632
-638
-645
-652
-659
-666
-672
-679
-687
-693
-700
-708
-715
-723
-731
-739
-747
-755
-763
-770
-777
-784
-791
-798
-804
-811
-818
-826
-835
-843
-853
-863
-873
-883
-894
-904
-916
-927
-936
-946
-956
-966
-973
-982
-991
-999
-1007
-1014
-1020
-1028
-1033
-1039
-1047
-1052
-1058
-1064
-1071
-1078
-1087
-1097
-1108
-1121
-1134
-1146
-1163
-1178
-1192
-1208
-1223
-1236
-1249
-1259
-1269
-1275
-1282
-1286
-1290
-1290
-1290
-1287
-1282
-1272
-1258
-1239
-1213
-1178
-1134
-1075
-1006
-923
-826
-720
-609
-493
-385
-287
-205
-139
-86
-37
19
111
272
540
962
1582
2047
2047
2047
2047
2047
2047
2047
2047
2047
2047
2047
2047
2047
2047
2047
2047
2047
2047
2047
2047
2047
2047
2047
2047
2047
2047
2047
2047
2047
2047
2047
2047
2047
2047
2047
2047
2047
2047
2047
2047
2047
2047
2047
2047
2047
2047
2047
2047
2047
2047
2047
2047
2047
2047
2047
2047
2047
2047
2047
2047
2047
2047
2047
1369
623
64
-333
-603
-784
-909
-1007
-1096
-1189
-1286
-1392
-1504
-1619
-1730
-1831
-1920
-1999
-2048
-2048
-2048
-2048
-2048
-2048
-2048
-2048
-2048
-2048
-2048
-2048
-2048
-2048
-2048
-2048
-2048
-2048
-2048
-2048
-2048
-2030
-2011
-1992
-1975
-1959
-1944
-1931
-1918
-1906
-1896
-1886
-1879
-1871
-1865
-1859
-1856
-1851
-1846
-1844
-1843
-1841
-1842
-1842
-1844
-1844
-1847
-1850
-1853
-1858
-1863
-1869
-1877
-1883
-1892
-1902
-1912
-1924
-1936
-1947
-1959
-1970
-1980
-1988
-1993
-1996
-1996
-1994
-1989
-1982
-1975
-1966
-1956
-1949
-1942
-1938
-1936
-1934
-1935
-1938
-1940
-1945
-1952
-1960
-1965
-1973
-1978
-1986
-1992
-1997
-2002
-2008
-2013
-2017
-2024
-2030
-2035
-2042
-2047
-2048
-2048
-2048
-2048
-2048
-2048
-2048
-2048
-2048
-2048
-2048
-2048
-2048
-2048
-2048
-2048
-2048
-2048
-2048
-2048
-2048
-2048
-2048
-2048
-2048
-2048
-2048
-2048
-2048
-2048
-2048
-2048
-2048
-2048
-2048
-2048
-2048
-2048
-2048
-2048
-2048
-2048
-2048
-2048
-2048
-2048
-2048
-2048
-2048
-2048
-2048
-2048
-2048
-2048
-2048
-2048
-2048
-2048
-2048
-2048
-2045
-2039
-2037
-2033
-2031
-2028
-2028
-2030
-2034
-2037
-2041
-2046
-2048
-2048
-2048
-2048
-2048
-2048
-2048
-2048
-2048
-2048
-2048
-2048
-2048
-2048
-2048
-2048
-2048
-2048
-2048
-2048
-2048
-2048
-2048
-2048
-2048
-2048
-2048
-2048
-2048
-2048
-2048
-2048
-2048
-2046
-2043
-2041
-2039
-2037
-2036
-2037
-2036
-2037
-2038
-2039
-2041
-2041
-2042
-2042
-2042
-2041
-2040
-2037
-2034
-2029
-2023
-2017
-2008
-2000
-1991
-1982
-1974
-1965
-1955
-1948
-1940
-1931
-1925
-1917
-1909
-1903
-1895
-1888
-1879
-1871
-1861
-1855
-1847
-1837
-1828
-1822
-1813
-1806
-1798
-1790
-1783
-1777
-1769
-1760
-1753
-1743
-1734
-1724
-1712
-1699
-1685
-1671
-1656
-1641
-1624
-1609
-1594
-1579
-1564
-1551
-1537
-1524
-1512
-1500
-1487
-1475
-1463
-1450
-1439
-1427
-1417
-1408
-1400
-1395
-1390
-1388
-1387
-1389
-1393
-1398
-1403
-1411
-1419
-1424
-1429
-1434
-1435
-1435
-1433
-1432
-1430
-1424
-1419
-1414
-1406
-1400
-1392
-1382
-1373
-1361
-1347
-1333
-1316
-1298
-1279
-1259
-1239
-1220
-1201
-1184
-1167
-1153
-1142
-1129
-1121
-1112
-1105
-1099
-1091
-1087
-1081
-1076
-1070
-1066
-1061
-1054
-1050
-1045
-1040
-1037
-1035
-1031
-1030
-1028
-1028
-1027
-1027
-1027
-1029
-1029
-1028
-1029
-1028
-1027
-1026
-1024
-1020
-1017
-1014
-1010
-1007
-1005
-1003
-1003
-1002
-1004
-1009
-1013
-1021
-1028
-1036
-1043
-1053
-1059
-1067
-1073
-1081
-1086
-1089
-1096
-1100
-1103
-1107
-1110
-1113
-1117
-1119
-1122
-1124
-1126
-1127
-1129
-1128
-1129
-1129
-1128
-1125
-1123
-1119
-1114
-1107
-1098
-1088
-1077
-1064
-1053
-1039
-1024
-1011
-997
-983
-970
-957
-944
-931
-919
-907
-895
-885
-874
-862
-851
-839
-826
-815
-804
-792
-780
-768
-755
-743
-730
-718
-704
-694
-682
-670
-659
-651
-642
-633
-629
-621
-617
-611
-607
-602
-596
-593
-586
-579
-574
-567
-558
-550
-542
-535
-523
-517
-506
-499
-492
-484
-478
-472
-466
-462
-458
-455
-451
-448
-445
-441
-436
-431
-425
-419
-413
-405
-399
-391
-384
-378
-371
-365
-361
-359
-355
-351
-350
-347
-344
-342
-341
-341
-340
-339
-339
-342
-343
-345
-348
-350
-355
-362
-366
-369
-375
-379
-384
-389
-391
-393
-394
-396
-396
-398
-400
-400
-403
-407
-408
-412
-418
-424
-428
-432
-437
-441
-444
-446
-448
-449
-448
-448
-447
-449
-451
-452
-456
-460
-464
-469
-474
-479
-484
-490
-496
-501
-507
-512
-518
-525
-532
-538
-545
-553
-560
-567
-576
-584
-591
-600
-607
-616
-625
-635
-646
-655
-668
-678
-689
-700
-710
-720
-731
-741
-752
-762
-774
-784
-795
-808
-820
-834
-848
-861
-875
-889
-905
-919
-933
-947
-959
-972
-986
-998
-1010
-1021
-1032
-1040
-1052
-1061
-1069
-1077
-1085
-1091
-1098
-1106
-1114
-1120
-1129
-1136
-1146
-1158
-1171
-1183
-1198
-1212
-1228
-1243
-1258
-1273
-1286
-1299
-1307
-1317
-1324
-1329
-1332
-1335
-1335
-1334
-1330
-1323
-1314
-1298
-1278
-1250
-1216
-1170
-1112
-1040
-956
-858
-751
-635
-521
-411
-311
-228
-161
-108
-59
-1
95
264
543
981
1621
2047
2047
2047
2047
2047
2047
2047
2047
2047
2047
2047
2047
2047
2047
2047
2047
2047
2047
2047
2047
2047
2047
2047
2047
2047
2047
2047
2047
2047
2047
2047
2047
2047
2047
2047
2047
2047
2047
2047
2047
2047
2047
2047
2047
2047
2047
2047
2047
2047
2047
2047
2047
2047
2047
2047
2047
2047
2047
2047
2047
2047
2047
2047
1447
692
122
-282
-561
-746
-873
-971
-1055
-1144
-1238
-1340
-1449
-1558
-1664
-1767
-1859
-1936
-2001
-2048
-2048
-2048
-2048
-2048
-2048
-2048
-2048
-2048
-2048
-2048
-2048
-2048
-2048
-2048
-2048
-2048
-2032
-2011
-1993
-1975
-1958
-1940
-1924
-1909
-1895
-1883
-1873
-1862
-1854
-1847
-1842
-1838
-1833
-1830
-1827
-1827
-1824
-1826
-1827
-1829
-1831
-1835
-1837
-1845
-1850
-1856
-1866
-1872
-1880
-1888
-1897
-1908
-1920
-1934
-1947
-1961
-1975
-1991
-2007
-2019
-2036
-2045
-2048
-2048
-2048
-2048
-2048
-2048
-2048
-2045
-2038
-2030
-2023
-2018
-2015
-2013
-2013
-2017
-2019
-2024
-2031
-2036
-2041
-2047
-2048
-2048
-2048
-2048
-2048
-2048
-2048
-2048
-2048
-2048
-2048
-2048
-2048
-2048
-2048
-2048
-2048
-2048
-2048
-2048
-2048
-2048
-2048
-2048
-2048
-2048
-2048
-2048
-2048
-2048
-2048
-2048
-2048
-2048
-2048
-2048
-2048
-2048
-2048
-2048
-2048
-2048
-2048
-2048
-2048
-2048
-2048
-2048
-2048
-2048
-2048
-2048
-2048
-2048
-2048
-2048
-2048
-2048
-2048
-2048
-2048
-2048
-2048
-2048
-2048
-2048
-2048
-2048
-2048
-2046
-2041
-2037
-2032
-2028
-2024
-2023
-2021
-2020
-2020
-2021
-2024
-2027
-2031
-2035
-2041
-2046
-2048
-2048
-2048
-2048
-2048
-2048
-2048
-2048
-2048
-2048
-2048
-2048
-2048
-2048
-2048
-2048
-2048
-2048
-2048
-2048
-2048
-2048
-2048
-2048
-2048
-2048
-2042
-2034
-2026
-2017
-2011
-2004
-1999
-1993
-1989
-1983
-1980
-1979
-1975
-1974
-1972
-1969
-1970
-1970
-1969
-1969
-1967
-1967
-1965
-1964
-1959
-1956
-1951
-1944
-1937
-1931
-1922
-1913
-1906
-1897
-1889
-1884
-1877
-1868
-1863
-1856
-1851
-1846
-1841
-1835
-1830
-1825
-1820
-1816
-1811
-1805
-1801
-1795
-1791
-1787
-1784
-1780
-1777
-1773
-1770
-1767
-1764
-1759
-1753
-1746
-1741
-1733
-1722
-1712
-1702
-1688
-1675
-1663
-1650
-1636
-1623
-1610
-1597
-1586
-1575
-1563
-1553
-1541
-1528
-1517
-1506
-1495
-1484
-1473
-1464
-1454
-1449
-1444
-1440
-1439
-1440
-1442
-1446
-1453
-1457
-1462
-1468
-1472
-1474
-1475
-1476
-1474
-1469
-1465
-1459
-1452
-1447
-1439
-1430
-1418
-1410
-1398
-1384
-1371
-1354
-1335
-1317
-1297
-1276
-1254
-1234
-1214
-1195
-1179
-1164
-1151
-1140
-1129
-1120
-1113
-1108
-1101
-1097
-1091
-1087
-1083
-1077
-1072
-1068
-1063
-1060
-1057
-1055
-1053
-1051
-1050
-1050
-1050
-1051
-1053
-1053
-1056
-1057
-1058
-1060
-1062
-1062
-1062
-1060
-1060
-1057
-1054
-1053
-1050
-1048
-1048
-1048
-1050
-1053
-1057
-1063
-1071
-1078
-1086
-1097
-1103
-1112
-1118
-1127
-1131
-1137
-1140
-1144
-1145
-1149
-1152
-1154
-1156
-1157
-1157
-1159
-1159
-1159
-1158
-1156
-1154
-1152
-1149
-1146
-1142
-1135
-1128
-1120
-1108
-1098
-1084
-1070
-1055
-1037
-1019
-1002
-984
-965
-950
-931
-916
-899
-883
-869
-854
-839
-824
-809
-795
-781
-767
-754
-738
-726
-711
-697
-683
-668
-655
-640
-628
-615
-603
-589
-578
-569
-558
-551
-543
-537
-532
-529
-525
-521
-517
-516
-511
-510
-507
-502
-499
-494
-490
-485
-478
-474
-467
-461
-456
-452
-448
-444
-441
-438
-438
-438
-438
-438
-438
-437
-437
-437
-436
-432
-429
-425
-421
-417
-413
-410
-407
-403
-400
-399
-397
-396
-394
-394
-394
-393
-391
-392
-393
-394
-394
-393
-395
-395
-398
-400
-405
-408
-411
-417
-420
-424
-427
-430
-432
-434
-435
-435
-435
-435
-435
-435
-435
-435
-438
-441
-443
-448
-452
-455
-459
-462
-466
-468
-470
-470
-471
-471
-472
-473
-473
-475
-478
-481
-487
-491
-496
-502
-508
-513
-521
-525
-533
-538
-545
-552
-558
-566
-574
-581
-590
-597
-606
-615
-623
-631
-640
-649
-659
-667
-677
-688
-698
-709
-720
-729
-739
-749
-759
-768
-775
-785
-794
-802
-811
-821
-832
-841
-850
-860
-873
-883
-895
-905
-917
-928
-938
-950
-959
-968
-978
-985
-993
-1000
-1008
-1014
-1020
-1025
-1030
-1035
-1040
-1045
-1049
-1054
-1058
-1063
-1071
-1079
-1089
-1099
-1110
-1123
-1137
-1152
-1166
-1181
-1195
-1209
-1220
-1231
-1241
-1249
-1253
-1259
-1263
-1265
-1265
-1263
-1259
-1251
-1239
-1222
-1199
-1167
-1126
-1072
-1006
-927
-835
-732
-621
-508
-403
-306
-222
-157
-106
-61
-7
74
222
475
879
1478
2047
2047
2047
2047
2047
2047
2047
2047
2047
2047
2047
2047
2047
2047
2047
2047
2047
2047
2047
2047
2047
2047
2047
2047
2047
2047
2047
2047
2047
2047
2047
2047
2047
2047
2047
2047
2047
2047
2047
2047
2047
2047
2047
2047
2047
2047
2047
2047
2047
2047
2047
2047
2047
2047
2047
2047
2047
2047
2047
2047
2047
2047
2047
1254
538
4
-370
-621
-790
-907
-999
-1085
-1174
-1270
-1375
-1485
-1595
-1704
-1801
-1888
-1963
-2024
-2048
-2048
-2048
-2048
-2048
-2048
-2048
-2048
-2048
-2048
-2048
-2048
-2048
-2048
-2048
-2048
-2048
-2035
-2016
-1999
-1981
-1963
-1946
-1933
-1919
-1907
-1896
-1886
-1877
-1869
-1863
-1858
-1853
-1850
-1846
-1846
-1844
-1844
-1843
-1844
-1844
-1846
-1849
-1853
-1857
-1862
-1866
-1872
-1877
-1885
-1891
-1899
-1908
-1916
-1927
-1940
-1951
-1963
-1975
-1986
-1997
-2008
-2017
-2022
-2025
-2025
-2023
-2018
-2012
-2002
-1993
-1983
-1972
-1963
-1955
-1949
-1945
-1943
-1943
-1945
-1948
-1950
-1953
-1956
-1963
-1965
-1969
-1973
-1975
-1977
-1981
-1984
-1987
-1990
-1993
-1996
-2001
-2006
-2009
-2015
-2020
-2024
-2029
-2034
-2039
-2045
-2048
-2048
-2048
-2048
-2048
-2048
-2048
-2048
-2048
-2048
-2048
-2048
-2048
-2048
-2048
-2048
-2048
-2048
-2048
-2048
-2048
-2048
-2048
-2048
-2048
-2048
-2048
-2048
-2048
-2048
-2048
-2048
-2048
-2048
-2048
-2048
-2048
-2048
-2048
-2048
-2048
-2048
-2048
-2048
-2048
-2048
-2048
-2048
-2048
-2048
-2048
-2048
-2048
-2048
-2048
-2048
-2048
-2048
-2048
-2048
-2048
-2048
-2048
-2048
-2048
-2048
-2048
-2048
-2048
-2048
-2048
-2048
-2048
-2048
-2048
-2048
-2048
-2048
-2048
-2048
-2048
-2048
-2048
-2048
-2048
-2048
-2048
-2048
-2048
-2042
-2031
-2023
-2012
-2003
-1994
-1987
-1980
-1973
-1966
-1962
-1959
-1955
-1954
-1952
-1950
-1951
-1950
-1951
-1950
-1951
-1951
-1952
-1952
-1953
-1951
-1950
-1948
-1945
-1941
-1937
-1930
-1927
-1920
-1915
-1909
-1902
-1898
-1893
-1889
-1885
-1882
-1878
-1874
-1870
-1866
-1862
-1858
-1853
-1848
-1845
-1839
-1834
-1828
-1824
-1819
-1815
-1810
-1805
-1801
-1797
-1792
-1786
-1781
-1774
-1765
-1756
-1745
-1733
-1720
-1705
-1692
-1677
-1661
-1645
-1629
-1613
-1596
-1583
-1568
-1554
-1539
-1525
-1511
-1498
-1483
-1469
-1454
-1442
-1429
-1418
-1407
-1398
-1390
-1384
-1382
-1381
-1383
-1383
-1388
-1391
-1397
-1400
-1403
-1406
-1406
-1404
-1402
-1397
-1392
-1386
-1379
-1372
-1363
-1357
-1347
-1337
-1326
-1312
-1299
-1284
-1267
-1249
-1232
-1212
-1192
-1173
-1156
-1137
-1123
-1111
-1099
-1089
-1082
-1076
-1072
-1068
-1063
-1060
-1058
-1056
-1053
-1052
-1049
-1048
-1047
-1046
-1045
-1045
-1045
-1048
-1050
-1051
-1055
-1057
-1062
-1066
-1070
-1072
-1077
-1079
-1082
-1084
-1086
-1086
-1087
-1086
-1084
-1082
-1083
-1082
-1082
-1083
-1087
-1088
-1095
-1102
-1109
-1117
-1125
-1133
-1143
-1150
-1159
-1164
-1169
-1174
-1178
-1181
-1183
-1185
-1188
-1189
-1191
-1190
-1193
-1192
-1192
-1190
-1190
-1188
-1186
-1182
-1181
-1175
-1170
-1164
-1157
-1148
-1138
-1125
-1113
-1097
-1083
-1066
-1050
-1033
-1015
-1000
-984
-968
-952
-939
-923
-910
-896
-883
-870
-857
-844
-832
-818
-807
-793
-781
-768
-756
-743
-731
-718
-705
-693
-681
-668
-658
-646
-637
-627
-620
-614
-608
-603
-599
-594
-589
-586
-582
-578
-572
-567
-561
-556
-549
-540
-533
-525
-516
-508
-499
-492
-483
-477
-469
-464
-459
-455
-449
-445
-441
-437
-434
-428
-423
-417
-410
-402
-393
-384
-376
-367
-359
-351
-342
-336
-330
-323
-319
-316
-311
-307
-305
-302
-299
-295
-295
-294
-295
-294
-294
-297
-299
-302
-307
-310
-316
-322
-327
-333
-339
-344
-348
-353
-357
-359
-364
-366
-371
-376
-381
-388
-395
-402
-411
-418
-427
-436
-446
-451
-460
-465
-471
-476
-481
-485
-488
-493
-499
-507
-512
-521
-529
-538
-547
-555
-565
-574
-581
-589
-598
-606
-614
-622
-631
-639
-646
-655
-665
-673
-681
-689
-697
-704
-711
-721
-729
-738
-746
