-1882
-1878
-1873
-1868
-1864
-1858
-1852
-1847
-1842
-1836
-1829
-1824
-1816
-1813
-1806
-1802
-1794
-1788
-1781
-1772
-1763
-1753
-1739
-1724
-1708
-1690
-1672
-1653
-1633
-1613
-1593
-1573
-1555
-1537
-1519
-1500
-1483
-1466
-1446
-1429
-1413
-1394
-1381
-1368
-1357
-1350
-1346
-1344
-1345
-1348
-1351
-1354
-1358
-1360
-1359
-1356
-1352
-1347
-1339
-1330
-1320
-1310
-1299
-1288
-1273
-1257
-1240
-1221
-1200
-1177
-1152
-1130
-1107
-1085
-1067
-1050
-1037
-1025
-1017
-1009
-1006
-1002
-1000
-996
-994
-991
-990
-990
-987
-987
-988
-989
-990
-993
-996
-1002
-1008
-1013
-1018
-1024
-1030
-1035
-1039
-1042
-1045
-1046
-1047
-1047
-1047
-1046
-1048
-1051
-1055
-1062
-1070
-1079
-1091
-1101
-1112
-1121
-1130
-1138
-1145
-1150
-1154
-1158
-1161
-1162
-1163
-1166
-1168
-1166
-1166
-1164
-1162
-1160
-1156
-1152
-1146
-1140
-1130
-1119
-1105
-1090
-1072
-1053
-1034
-1014
-991
-971
-952
-932
-914
-896
-878
-861
-845
-827
-811
-795
-778
-762
-747
-731
-715
-700
-684
-667
-651
-636
-621
-604
-593
-581
-570
-562
-554
-548
-543
-539
-534
-530
-523
-520
-516
-509
-502
-495
-487
-478
-470
-463
-455
-447
-441
-436
-432
-429
-426
-425
-422
-421
-418
-415
-410
-405
-399
-393
-386
-378
-373
-367
-361
-357
-352
-349
-345
-345
-343
-340
-338
-337
-335
-336
-336
-338
-341
-343
-345
-351
-355
-359
-364
-369
-371
-374
-374
-374
-375
-374
-375
-374
-375
-376
-380
-384
-390
-394
-399
-402
-406
-407
-409
-409
-408
-408
-408
-411
-414
-418
-421
-428
-434
-440
-447
-453
-460
-466
-473
-480
-486
-496
-503
-509
-519
-530
-538
-547
-557
-569
-579
-591
-603
-616
-628
-641
-655
-669
-681
-693
-706
-719
-731
-744
-758
-773
-790
-805
-822
-839
-858
-875
-893
-911
-928
-943
-960
-974
-989
-1002
-1015
-1028
-1041
-1053
-1063
-1072
-1082
-1092
-1102
-1113
-1125
-1138
-1152
-1168
-1187
-1205
-1225
-1243
-1263
-1281
-1299
-1312
-1325
-1334
-1340
-1345
-1349
-1348
-1345
-1338
-1325
-1305
-1275
-1236
-1179
-1104
-1011
-898
-772
-638
-507
-385
-282
-204
-143
-86
1
169
484
1022
1855
2047
2047
2047
2047
2047
2047
2047
2047
2047
2047
2047
2047
2047
2047
2047
2047
2047
2047
2047
2047
2047
2047
2047
2047
2047
2047
2047
2047
2047
2047
2047
2047
2047
2047
2047
2047
2047
2047
2047
2047
2047
2047
2047
2047
2047
2047
2047
2047
2047
2047
2047
2047
1919
932
211
-273
-582
-773
-903
-1006
-1111
-1223
-1348
-1478
-1607
-1727
-1835
-1924
-1994
-2046
-2048
-2048
-2048
-2048
-2048
-2048
-2048
-2048
-2048
-2048
-2048
-2042
-2022
-1999
-1976
-1955
-1932
-1911
-1891
-1872
-1857
-1842
-1829
-1818
-1809
-1801
-1795
-1789
-1786
-1783
-1781
-1780
-1778
-1779
-1781
-1783
-1788
-1791
-1796
-1801
-1810
-1816
-1827
-1837
-1847
-1860
-1875
-1888
-1903
-1916
-1928
-1936
-1944
-1946
-1946
-1941
-1934
-1924
-1915
-1906
-1897
-1890
-1887
-1885
-1888
-1892
-1898
-1905
-1912
-1920
-1929
-1937
-1944
-1950
-1957
-1964
-1972
-1979
-1987
-1997
-2003
-2013
-2021
-2029
-2038
-2046
-2048
-2048
-2048
-2048
-2048
-2048
-2048
-2048
-2048
-2048
-2048
-2048
-2048
-2048
-2048
-2048
-2048
-2048
-2048
-2048
-2048
-2048
-2048
-2048
-2048
-2048
-2048
-2048
-2048
-2048
-2048
-2048
-2048
-2048
-2048
-2048
-2048
-2048
-2048
-2048
-2048
-2048
-2048
-2048
-2048
-2046
-2037
-2030
-2023
-2018
-2014
-2013
-2012
-2011
-2013
-2015
-2017
-2018
-2020
-2023
-2022
-2022
-2022
-2022
-2019
-2018
-2018
-2016
-2015
-2013
-2011
-2009
-2005
-2001
-1994
-1989
-1981
-1975
-1965
-1957
-1948
-1941
-1935
-1930
-1926
-1922
-1920
-1919
-1920
-1920
-1923
-1925
-1927
-1931
-1935
-1938
-1939
-1941
-1941
-1940
-1940
-1935
-1931
-1925
-1919
-1910
-1905
-1897
-1891
-1884
-1878
-1872
-1868
-1862
-1856
-1851
-1845
-1839
-1833
-1826
-1819
-1812
-1804
-1798
-1791
-1783
-1776
-1767
-1760
-1751
-1741
-1729
-1717
-1702
-1687
-1669
-1650
-1630
-1608
-1588
-1565
-1546
-1525
-1507
-1487
-1469
-1449
-1432
-1413
-1394
-1376
-1359
-1341
-1325
-1314
-1303
-1296
-1291
-1289
-1290
-1294
-1299
-1303
-1306
-1309
-1310
-1309
-1306
-1300
-1292
-1286
-1277
-1270
-1260
-1250
-1238
-1225
-1211
-1192
-1172
-1151
-1129
-1109
-1088
-1068
-1052
-1036
-1025
-1015
-1009
-1003
-1001
-1000
-998
-998
-996
-996
-995
-995
-996
-997
-997
-999
-1001
-1005
-1009
-1015
-1019
-1024
-1030
-1035
-1040
-1044
-1047
-1049
-1050
-1050
-1049
-1048
-1045
-1043
-1044
-1045
-1048
-1053
-1060
-1068
-1077
-1086
-1095
-1105
-1112
-1118
-1123
-1127
-1131
-1133
-1134
-1135
-1136
-1137
-1136
-1135
-1135
-1131
-1129
-1127
-1122
-1118
-1112
-1102
-1092
-1081
-1067
-1052
-1034
-1014
-994
-973
-952
-932
-911
-889
-869
-854
-836
-819
-804
-787
-772
-755
-740
-725
-709
-694
-679
-663
-648
-635
-619
-604
-589
-576
-564
-554
-545
-538
-531
-527
-523
-519
-517
-513
-510
-505
-500
-495
-489
-483
-476
-467
-460
-452
-447
-440
-435
-430
-428
-425
-424
-422
-421
-417
-416
-413
-408
-403
-396
-389
-382
-373
-367
-360
-353
-345
-341
-337
-334
-329
-327
-323
-320
-318
-316
-315
-314
-314
-316
-318
-321
-324
-327
-330
-334
-339
-341
-342
-343
-344
-343
-343
-343
-343
-345
-347
-351
-356
-362
-368
-373
-378
-382
-384
-387
-388
-387
-388
-390
-393
-396
-402
-407
-413
-420
-427
-434
-443
-451
-458
-466
-475
-484
-493
-504
-514
-523
-535
-545
-557
-570
-582
-594
-607
-620
-634
-649
-664
-677
-691
-705
-719
-731
-743
-757
-772
-786
-800
-817
-833
-850
-867
-884
-902
-919
-935
-949
-965
-981
-995
-1008
-1020
-1032
-1042
-1053
-1062
-1072
-1080
-1089
-1096
-1107
-1116
-1127
-1141
-1154
-1169
-1187
-1205
-1223
-1242
-1261
-1278
-1294
-1307
-1319
-1327
-1334
-1336
-1339
-1338
-1334
-1325
-1311
-1288
-1257
-1213
-1155
-1078
-981
-866
-738
-603
-469
-350
-250
-172
-113
-53
41
222
557
1126
1994
2047
2047
2047
2047
2047
2047
2047
2047
2047
2047
2047
2047
2047
2047
2047
2047
2047
2047
2047
2047
2047
2047
2047
2047
2047
2047
2047
2047
2047
2047
2047
2047
2047
2047
2047
2047
2047
2047
2047
2047
2047
2047
2047
2047
2047
2047
2047
2047
2047
2047
2047
2047
1850
873
163
-315
-617
-805
-931
-1034
-1138
-1250
-1373
-1502
-1630
-1749
-1854
-1941
-2009
-2048
-2048
-2048
-2048
-2048
-2048
-2048
-2048
-2048
-2048
-2048
-2048
-2046
-2025
-2003
-1981
-1959
-1938
-1916
-1898
-1880
-1864
-1850
-1837
-1828
-1818
-1810
-1804
-1799
-1796
-1792
-1792
-1791
-1791
-1793
-1796
-1799
-1802
-1808
-1814
-1822
-1829
-1839
-1849
-1861
-1874
-1888
-1905
-1919
-1935
-1949
-1963
-1974
-1981
-1985
-1985
-1982
-1975
-1966
-1958
-1949
-1941
-1937
-1932
-1932
-1936
-1939
-1947
-1955
-1963
-1972
-1979
-1988
-1994
-2002
-2008
-2015
-2021
-2029
-2036
-2044
-2048
-2048
-2048
-2048
-2048
-2048
-2048
-2048
-2048
-2048
-2048
-2048
-2048
-2048
-2048
-2048
-2048
-2048
-2048
-2048
-2048
-2048
-2048
-2048
-2048
-2048
-2048
-2048
-2048
-2048
-2048
-2048
-2048
-2048
-2048
-2048
-2048
-2048
-2048
-2048
-2048
-2048
-2048
-2048
-2048
-2048
-2048
-2048
-2048
-2045
-2038
-2028
-2021
-2013
-2007
-2002
-1999
-2000
-2000
-2003
-2006
-2007
-2011
-2015
-2017
-2022
-2022
-2024
-2024
-2026
-2027
-2030
-2030
-2030
-2030
-2031
-2031
-2030
-2028
-2027
-2022
-2018
-2013
-2006
-2000
-1992
-1986
-1979
-1974
-1972
-1967
-1966
-1964
-1964
-1965
-1967
-1971
-1973
-1975
-1979
-1983
-1984
-1987
-1988
-1988
-1986
-1983
-1978
-1973
-1966
-1957
-1948
-1942
-1931
-1924
-1916
-1908
-1901
-1894
-1887
-1881
-1872
-1862
-1856
-1848
-1839
-1830
-1821
-1813
-1804
-1796
-1788
-1780
-1772
-1763
-1752
-1742
-1730
-1718
-1703
-1687
-1669
-1649
-1630
-1610
-1588
-1568
-1547
-1528
-1510
-1492
-1475
-1456
-1437
-1421
-1404
-1386
-1371
-1356
-1341
-1329
-1320
-1316
-1313
-1314
-1317
-1323
-1327
-1334
-1341
-1344
-1346
-1345
-1345
-1340
-1337
-1330
-1324
-1316
-1308
-1300
-1291
-1278
-1264
-1247
-1229
-1210
-1189
-1170
-1150
-1132
-1115
-1102
-1092
-1083
-1076
-1073
-1069
-1066
-1065
-1063
-1062
-1059
-1057
-1056
-1054
-1053
-1053
-1054
-1053
-1055
-1057
-1061
-1064
-1066
-1070
-1073
-1076
-1078
-1080
-1080
-1079
-1077
-1075
-1073
-1069
-1068
-1066
-1067
-1069
-1073
-1081
-1086
-1096
-1102
-1112
-1118
-1126
-1130
-1134
-1136
-1138
-1138
-1141
-1140
-1138
-1137
-1136
-1134
-1134
-1131
-1126
-1123
-1118
-1114
-1107
-1098
-1087
-1075
-1061
-1045
-1028
-1009
-989
-968
-948
-928
-908
-889
-871
-854
-838
-821
-807
-792
-776
-761
-747
-732
-718
-705
-690
-675
-662
-646
-633
-618
-605
-592
-581
-569
-561
-555
-549
-544
-539
-536
-533
-531
-526
-522
-519
-512
-507
-499
-492
-483
-476
-467
-459
-453
-445
-439
-435
-431
-427
-425
-421
-417
-412
-407
-402
-395
-388
-378
-371
-363
-354
-346
-339
-332
-326
-321
-317
-313
-309
-306
-302
-299
-297
-296
-295
-294
-296
-299
-301
-305
-309
-314
-318
-322
-326
-328
-329
-330
-330
-329
-331
-332
-335
-337
-340
-346
-352
-358
-366
-371
-377
-381
-384
-386
-388
-391
-393
-398
-406
-411
-419
-429
-437
-446
-455
-465
-474
-485
-494
-504
-514
-525
-536
-547
-559
-571
-582
-594
-606
-619
-630
-644
-658
-672
-686
-700
-714
-728
-743
-755
-768
-780
-792
-806
-818
-834
-850
-863
-878
-895
-910
-927
-943
-958
-972
-987
-1000
-1014
-1026
-1037
-1047
-1056
-1066
-1075
-1084
-1091
-1099
-1106
-1114
-1123
-1132
-1143
-1157
-1169
-1185
-1201
-1218
-1235
-1252
-1266
-1282
-1294
-1304
-1310
-1316
-1317
-1317
-1315
-1310
-1301
-1286
-1264
-1233
-1191
-1131
-1055
-960
-849
-721
-586
-452
-332
-229
-148
-87
-29
59
224
536
1071
1895
2047
2047
2047
2047
2047
2047
2047
2047
2047
2047
2047
2047
2047
2047
2047
2047
2047
2047
2047
2047
2047
2047
2047
2047
2047
2047
2047
2047
2047
2047
2047
2047
2047
2047
2047
2047
2047
2047
2047
2047
2047
2047
2047
2047
2047
2047
2047
2047
2047
2047
2047
2047
2047
1076
307
-219
-556
-765
-902
-1006
-1105
-1216
-1335
-1463
-1592
-1714
-1822
-1912
-1984
-2038
-2048
-2048
-2048
-2048
-2048
-2048
-2048
-2048
-2048
-2048
-2048
-2034
-2013
-1991
-1967
-1945
-1923
-1902
-1882
-1865
-1847
-1833
-1821
-1813
-1802
-1795
-1789
-1785
-1782
-1780
-1779
-1779
-1780
-1783
-1788
-1792
-1797
-1804
-1811
-1819
-1828
-1838
-1851
-1865
-1877
-1892
-1909
-1927
-1944
-1960
-1974
-1986
-1995
-2001
-2004
-2000
-1995
-1988
-1979
-1970
-1963
-1956
-1952
-1951
-1954
-1959
-1965
-1973
-1979
-1987
-1995
-2001
-2008
-2015
-2020
-2025
-2031
-2038
-2044
-2048
-2048
-2048
-2048
-2048
-2048
-2048
-2048
-2048
-2048
-2048
-2048
-2048
-2048
-2048
-2048
-2048
-2048
-2048
-2048
-2048
-2048
-2048
-2048
-2048
-2048
-2048
-2048
-2048
-2048
-2048
-2048
-2048
-2048
-2048
-2048
-2048
-2048
-2048
-2048
-2048
-2048
-2048
-2048
-2048
-2048
-2042
-2032
-2024
-2017
-2007
-1998
-1990
-1983
-1978
-1973
-1969
-1967
-1966
-1969
-1972
-1977
-1980
-1986
-1991
-1996
-2001
-2006
-2011
-2013
-2015
-2018
-2021
-2024
-2027
-2027
-2029
-2029
-2030
-2031
-2030
-2026
-2022
-2018
-2011
-2006
-1998
-1991
-1984
-1978
-1973
-1968
-1965
-1964
-1961
-1961
-1961
-1962
-1964
-1965
-1967
-1970
-1970
-1971
-1971
-1971
-1968
-1964
-1958
-1952
-1945
-1936
-1926
-1917
-1907
-1898
-1889
-1880
-1871
-1862
-1855
-1848
-1840
-1832
-1823
-1815
-1806
-1797
-1789
-1780
-1771
-1765
-1755
-1748
-1740
-1732
-1722
-1713
-1704
-1691
-1678
-1662
-1646
-1628
-1610
-1591
-1571
-1552
-1532
-1514
-1496
-1480
-1464
-1450
-1432
-1417
-1401
-1386
-1372
-1358
-1346
-1335
-1328
-1322
-1320
-1322
-1325
-1330
-1339
-1344
-1353
-1358
-1363
-1365
-1365
-1363
-1359
-1354
-1349
-1342
-1335
-1328
-1318
-1306
-1293
-1276
-1258
-1238
-1217
-1196
-1176
-1156
-1138
-1123
-1109
-1098
-1090
-1084
-1078
-1075
-1071
-1071
-1067
-1063
-1061
-1058
-1057
-1056
-1055
-1054
-1054
-1055
-1056
-1058
-1060
-1063
-1066
-1069
-1071
-1074
-1074
-1074
-1072
-1071
-1068
-1064
-1060
-1056
-1052
-1052
-1052
-1055
-1059
-1064
-1070
-1078
-1086
-1094
-1101
-1106
-1111
-1113
-1117
-1117
-1119
-1120
-1119
-1119
-1119
-1119
-1117
-1116
-1114
-1111
-1108
-1104
-1100
-1093
-1085
-1075
-1064
-1050
-1036
-1019
-1000
-981
-963
-943
-926
-908
-890
-874
-859
-844
-829
-816
-801
-787
-773
-759
-746
-731
-718
-703
-690
-676
-661
-648
-633
-619
-606
-596
-586
-578
-568
-562
-557
-552
-547
-543
-536
-532
-526
-520
-512
-504
-495
-484
-475
-466
-454
-445
-436
-428
-421
-415
-410
-407
-403
-398
-393
-387
-382
-374
-367
-357
-347
-339
-330
-323
-314
-306
-298
-293
-289
-285
-283
-279
-276
-274
-272
-272
-271
-271
-272
-276
-280
-284
-290
-295
-300
-307
-313
-318
-323
-325
-327
-331
-334
-336
-340
-346
-353
-358
-369
-378
-386
-395
-403
-410
-417
-423
-426
-430
-434
-440
-447
-454
-464
-473
-481
-492
-503
-513
-523
-534
-544
-554
-565
-576
-587
-600
-611
-623
-634
-647
-659
-672
-683
-695
-708
-723
-736
-750
-762
-773
-786
-798
-810
-821
-831
-841
-852
-865
-878
-892
-905
-919
-933
-948
-962
-976
-989
-999
-1012
-1023
-1035
-1043
-1053
-1061
-1069
-1076
-1082
-1089
-1094
-1099
-1102
-1110
-1117
-1126
-1135
-1147
-1160
-1175
-1191
-1207
-1225
-1242
-1255
-1270
-1280
-1290
-1296
-1301
-1302
-1303
-1299
-1294
-1283
-1266
-1241
-1206
-1159
-1095
-1012
-911
-793
-664
-530
-401
-289
-196
-125
-71
-7
100
314
700
1338
2047
2047
2047
2047
2047
2047
2047
2047
2047
2047
2047
2047
2047
2047
2047
2047
2047
2047
2047
2047
2047
2047
2047
2047
2047
2047
2047
2047
2047
2047
2047
2047
2047
2047
2047
2047
2047
2047
2047
2047
2047
2047
2047
2047
2047
2047
2047
2047
2047
2047
2047
2047
2047
1704
763
88
-363
-645
-823
-942
-1044
-1146
-1260
-1383
-1514
-1640
-1757
-1858
-1942
-2006
-2048
-2048
-2048
-2048
-2048
-2048
-2048
-2048
-2048
-2048
-2048
-2048
-2036
-2015
-1993
-1971
-1951
-1929
-1911
-1895
-1877
-1863
-1850
-1840
-1833
-1824
-1820
-1815
-1812
-1812
-1810
-1812
-1813
-1814
-1819
-1824
-1828
-1835
-1842
-1848
-1857
-1868
-1879
-1892
-1904
-1919
-1936
-1951
-1970
-1987
-2002
-2016
-2027
-2035
-2039
-2039
-2035
-2029
-2020
-2011
-2003
-1995
-1990
-1987
-1987
-1990
-1994
-2000
-2006
-2013
-2019
-2026
-2031
-2037
-2041
-2046
-2048
-2048
-2048
-2048
-2048
-2048
-2048
-2048
-2048
-2048
-2048
-2048
-2048
-2048
-2048
-2048
-2048
-2048
-2048
-2048
-2048
-2048
-2048
-2048
-2048
-2048
-2048
-2048
-2048
-2048
-2048
-2048
-2048
-2048
-2048
-2048
-2048
-2048
-2048
-2048
-2048
-2048
-2048
-2048
-2048
-2048
-2048
-2048
-2048
-2048
-2048
-2048
-2045
-2038
-2030
-2022
-2015
-2009
-2005
-2002
-1999
-1998
-1999
-2001
-2006
-2012
-2015
-2021
-2027
-2032
-2036
-2041
-2043
-2045
-2048
-2048
-2048
-2048
-2048
-2048
-2048
-2048
-2048
-2048
-2048
-2042
-2037
-2030
-2024
-2016
-2006
-1997
-1989
-1982
-1976
-1970
-1965
-1962
-1959
-1958
-1958
-1956
-1956
-1957
-1959
-1959
-1960
-1959
-1959
-1955
-1952
-1948
-1941
-1934
-1925
-1915
-1904
-1896
-1887
-1878
-1870
-1861
-1853
-1847
-1840
-1833
-1826
-1818
-1811
-1804
-1796
-1789
-1781
-1773
-1767
-1760
-1755
-1750
-1744
-1736
-1731
-1721
-1713
-1703
-1691
-1677
-1662
-1647
-1629
-1613
-1595
-1577
-1561
-1545
-1530
-1516
-1502
-1487
-1472
-1460
-1445
-1434
-1420
-1408
-1397
-1388
-1383
-1381
-1380
-1383
-1386
-1394
-1402
-1409
-1417
-1422
-1424
-1426
-1425
-1421
-1417
-1411
-1403
-1396
-1388
-1379
-1367
-1353
-1337
-1318
-1299
-1277
-1255
-1233
-1208
-1190
-1171
-1156
-1141
-1132
-1122
-1115
-1109
-1105
-1100
-1096
-1092
-1087
-1083
-1080
-1076
-1072
-1068
-1065
-1065
-1065
-1065
-1066
-1066
-1067
-1067
-1070
-1071
-1073
-1071
-1069
-1067
-1063
-1061
-1057
-1053
-1049
-1046
-1047
-1049
-1054
-1059
-1065
-1073
-1082
-1091
-1100
-1106
-1110
-1114
-1119
-1122
-1124
-1127
-1128
-1128
-1129
-1130
-1130
-1130
-1129
-1128
-1127
-1124
-1121
-1116
-1110
-1101
-1092
-1079
-1065
-1049
-1032
-1014
-995
-975
-958
-938
-921
-904
-888
-871
-857
-842
-826
-810
-796
-781
-766
-752
-737
-720
-704
-690
-675
-659
-644
-629
-613
-601
-589
-578
-570
-561
-553
-547
-542
-537
-531
-525
-519
-513
-505
-497
-488
-478
-467
-457
-446
-436
-427
-416
-409
-402
-395
-391
-386
-381
-377
-371
-366
-359
-352
-343
-334
-326
-316
-307
-300
-294
-287
-280
-276
-275
-270
-269
-266
-265
-265
-264
-264
-265
-268
-272
-278
-283
-290
-297
-306
-313
-321
-327
-335
-340
-343
-348
-353
-356
-361
-367
-373
-381
-390
-400
-410
-420
-428
-436
-444
-450
-455
-461
-465
-470
-477
-484
-492
-503
-511
-522
-533
-542
-553
-563
-573
-583
-594
-605
-615
-626
-636
-647
-658
-668
-681
-690
-702
-711
-725
-734
-745
-758
-770
-780
-791
-803
-812
-820
-830
-839
-847
-857
-867
-878
-890
-901
-913
-925
-937
-949
-960
-971
-982
-991
-1001
-1011
-1020
-1027
-1035
-1040
-1047
-1052
-1058
-1065
-1068
-1074
-1082
-1090
-1101
-1112
-1125
-1140
-1157
-1174
-1192
-1209
-1226
-1240
-1253
-1265
-1275
-1280
-1285
-1288
-1289
-1286
-1279
-1268
-1248
-1221
-1181
-1127
-1055
-964
-854
-732
-601
-470
-350
-249
-172
-112
-57
24
179
472
979
1771
2047
2047
2047
2047
2047
2047
2047
2047
2047
2047
2047
2047
2047
2047
2047
2047
2047
2047
2047
2047
2047
2047
2047
2047
2047
2047
2047
2047
2047
2047
2047
2047
2047
2047
2047
2047
2047
2047
2047
2047
2047
2047
2047
2047
2047
2047
2047
2047
2047
2047
2047
2047
2047
1140
354
-185
-530
-744
-885
-991
-1095
-1207
-1329
-1459
-1589
-1712
-1823
-1916
-1991
-2048
-2048
-2048
-2048
-2048
-2048
-2048
-2048
-2048
-2048
-2048
-2048
-2048
-2048
-2037
-2017
-1995
-1976
-1959
-1942
-1926
-1911
-1900
-1889
-1881
-1876
-1868
-1866
-1862
-1862
-1861
-1862
-1861
-1863
-1866
-1871
-1876
-1883
-1888
-1896
-1904
-1913
-1924
-1935
-1948
-1960
-1975
-1991
-2007
-2022
-2037
-2048
-2048
-2048
-2048
-2048
-2048
-2048
-2047
-2036
-2026
-2014
-2006
-2000
-1996
-1995
-1997
-2002
-2006
-2009
-2014
-2017
-2022
-2025
-2028
-2030
-2031
-2035
-2038
-2041
-2045
-2048
-2048
-2048
-2048
-2048
-2048
-2048
-2048
-2048
-2048
-2048
-2048
-2048
-2048
-2048
-2048
-2048
-2048
-2048
-2048
-2048
-2048
-2048
-2048
-2048
-2048
-2048
-2048
-2048
-2048
-2048
-2048
-2048
-2048
-2048
-2048
-2048
-2048
-2048
-2048
-2048
-2048
-2048
-2048
-2048
-2048
-2048
-2048
-2048
-2048
-2048
-2045
-2041
-2033
-2031
-2028
-2025
-2027
-2030
-2032
-2035
-2040
-2043
-2048
-2048
-2048
-2048
-2048
-2048
-2048
-2048
-2048
-2048
-2048
-2048
-2048
-2048
-2048
-2048
-2048
-2042
-2036
-2027
-2019
-2008
-1999
-1988
-1978
-1969
-1961
-1953
-1948
-1942
-1936
-1933
-1933
-1931
-1930
-1931
-1930
-1930
-1932
-1931
-1930
-1928
-1925
-1920
-1915
-1909
-1902
-1893
-1883
-1873
-1863
-1858
-1849
-1843
-1836
-1829
-1824
-1817
-1813
-1807
-1801
-1794
-1789
-1784
-1778
-1773
-1766
-1763
-1757
-1754
-1750
-1745
-1739
-1734
-1727
-1718
-1708
-1699
-1686
-1672
-1656
-1641
-1626
-1610
-1594
-1578
-1564
-1549
-1536
-1523
-1509
-1495
-1482
-1467
-1454
-1443
-1431
-1422
-1415
-1410
-1408
-1411
-1416
-1422
-1429
-1436
-1442
-1448
-1450
-1451
-1449
-1447
-1441
-1436
-1427
-1419
-1408
-1399
-1387
-1373
-1357
-1337
-1316
-1292
-1269
-1245
-1222
-1197
-1178
-1160
-1144
-1131
-1120
-1110
-1102
-1095
-1088
-1084
-1077
-1071
-1065
-1059
-1054
-1050
-1046
-1041
-1040
-1039
-1038
-1040
-1040
-1043
-1045
-1046
-1048
-1050
-1052
-1052
-1051
-1049
-1046
-1044
-1041
-1039
-1037
-1039
-1042
-1047
-1054
-1062
-1072
-1080
-1092
-1100
-1109
-1116
-1122
-1128
-1131
-1136
-1139
-1141
-1144
-1145
-1145
-1147
-1146
-1146
-1145
-1143
-1142
-1139
-1135
-1128
-1120
-1110
-1098
-1085
-1070
-1051
-1033
-1014
-996
-974
-956
-937
-918
-901
-884
-867
-851
-835
-817
-801
-784
-767
-751
-736
-718
-700
-684
-667
-650
-635
-617
-601
-587
-572
-560
-550
-541
-532
-525
-518
-513
-506
-499
-492
-486
-477
-469
-461
-452
-442
-431
-422
-411
-404
-395
-388
-382
-377
-373
-371
-367
-365
-360
-357
-352
-346
-339
-332
-325
-318
-310
-305
-299
-293
-290
-288
-285
-284
-284
-283
-284
-286
-285
-289
-292
-296
-303
-309
-314
-323
-332
-340
-350
-358
-366
-373
-380
-384
-388
-393
-399
-403
-410
-416
-423
-433
-442
-452
-462
-472
-478
-487
-493
-498
-501
-505
-509
-514
-520
-527
-535
-544
-552
-562
-570
-579
-586
-595
-603
-611
-620
-629
-638
-646
-653
-661
-671
-680
-688
-697
-706
-715
-724
-734
-744
-755
-763
-772
-782
-789
-798
-804
-814
-820
-831
-840
-851
-862
-874
-886
-898
-912
-924
-937
-948
-959
-970
-981
-991
-1001
-1010
-1017
-1025
-1034
-1040
-1048
-1054
-1060
-1066
-1077
-1086
-1098
-1109
-1123
-1141
-1159
-1177
-1196
-1215
-1232
-1249
-1263
-1277
-1288
-1295
-1299
-1304
-1304
-1303
-1298
-1286
-1268
-1241
-1205
-1152
-1083
-997
-890
-767
-636
-505
-384
-279
-196
-134
-80
-6
136
403
873
1619
2047
2047
2047
2047
2047
2047
2047
2047
2047
2047
2047
2047
2047
2047
2047
2047
2047
2047
2047
2047
2047
2047
2047
2047
2047
2047
2047
2047
2047
2047
2047
2047
2047
2047
2047
2047
2047
2047
2047
2047
2047
2047
2047
2047
2047
2047
2047
2047
2047
2047
2047
2047
2047
1226
414
-147
-509
-735
-881
-991
-1095
-1206
-1331
-1463
-1596
-1721
-1834
-1929
-2007
-2048
-2048
-2048
-2048
-2048
-2048
-2048
-2048
-2048
-2048
-2048
-2048
-2048
-2048
-2048
-2048
-2032
-2014
-1995
-1978
-1963
-1949
-1937
-1926
-1916
-1909
-1903
-1898
-1895
-1893
-1891
-1891
-1892
-1894
-1895
-1898
-1902
-1906
-1913
-1918
-1924
-1931
-1939
-1950
-1959
-1970
-1982
-1996
-2009
-2022
-2035
-2044
-2048
-2048
-2048
-2048
-2046
-2037
-2024
-2011
-1998
-1986
-1976
-1968
-1963
-1961
-1962
-1964
-1968
-1971
-1976
-1981
-1984
-1987
-1991
-1995
-1997
-2000
-2004
-2008
-2011
-2016
-2022
-2027
-2032
-2037
-2042
-2048
-2048
-2048
-2048
-2048
-2048
-2048
-2048
-2048
-2048
-2048
-2048
-2048
-2048
-2048
-2048
-2048
-2048
-2048
-2048
-2048
-2048
-2048
-2048
-2048
-2048
-2048
-2048
-2048
-2048
-2048
-2048
-2048
-2048
-2048
-2048
-2048
-2048
-2048
-2048
-2048
-2048
-2048
-2048
-2048
-2048
-2048
-2045
-2042
-2037
-2035
-2034
-2035
-2037
-2041
-2042
-2046
-2048
-2048
-2048
-2048
-2048
-2048
-2048
-2048
-2048
-2048
-2048
-2048
-2048
-2048
-2046
-2043
-2037
-2032
-2023
-2015
-2006
-1997
-1986
-1977
-1964
-1957
-1948
-1941
-1937
-1931
-1926
-1925
-1923
-1923
-1923
-1924
-1923
-1925
-1926
-1928
-1927
-1927
-1925
-1923
-1919
-1912
-1907
-1900
-1892
-1885
-1877
-1871
-1864
-1860
-1854
-1849
-1845
-1840
-1836
-1832
-1827
-1822
-1818
-1813
-1809
-1804
-1801
-1797
-1793
-1789
-1787
-1781
-1777
-1772
-1766
-1758
-1750
-1740
-1725
-1712
-1697
-1682
-1666
-1651
-1634
-1619
-1605
-1591
-1577
-1563
-1550
-1534
-1521
-1508
-1494
-1482
-1469
-1459
-1451
-1448
-1447
-1447
-1450
-1453
-1461
-1465
-1472
-1475
-1476
-1475
-1471
-1465
-1459
-1451
-1442
-1432
-1419
-1407
-1394
-1379
-1360
-1338
-1316
-1292
-1268
-1242
-1218
-1194
-1173
-1155
-1139
-1126
-1114
-1106
-1097
-1091
-1085
-1078
-1074
-1069
-1065
-1059
-1056
-1053
-1050
-1047
-1046
-1046
-1047
-1049
-1050
-1052
-1055
-1058
-1060
-1063
-1066
-1065
-1065
-1064
-1062
-1061
-1058
-1058
-1058
-1058
-1062
-1068
-1075
-1085
-1095
-1104
-1114
-1124
-1132
-1142
-1145
-1151
-1154
-1158
-1162
-1165
-1165
-1165
-1167
-1166
-1167
-1167
-1164
-1160
-1158
-1154
-1148
-1142
-1133
-1120
-1108
-1092
-1077
-1059
-1037
-1015
-995
-973
-953
-933
-913
-894
-875
-857
-840
-824
-803
-786
-769
-751
-735
-718
-701
-682
-666
-647
-630
-612
-595
-579
-565
-551
-538
-528
-518
-510
-503
-496
-491
-486
-480
-475
-468
-461
-454
-446
-438
-429
-420
-411
-403
-396
-388
-383
-377
-374
-372
-370
-369
-366
-364
-361
-358
-355
-351
-346
-339
-335
-329
-324
-320
-316
-314
-312
-312
-311
-312
-311
-312
-313
-316
-318
-323
-327
-332
-338
-345
-354
-363
-372
-379
-389
-397
-404
-410
-416
-420
-424
-428
-433
-439
-446
-452
-460
-468
-477
-486
-494
-498
-505
-509
-510
-512
-514
-517
-520
-524
-529
-534
-543
-549
-556
-560
-569
-574
-582
-588
-594
-602
-608
-615
-623
-629
-637
-645
-652
-660
-669
-676
-684
-696
-704
-715
-726
-736
-743
-754
-763
-771
-780
-789
-796
-808
-817
-828
-841
-854
-866
-881
-893
-909
-921
-935
-947
-959
-971
-983
-994
-1004
-1013
-1024
-1032
-1041
-1049
-1057
-1064
-1072
-1080
-1093
-1104
-1118
-1133
-1149
-1167
-1186
-1204
-1224
-1241
-1257
-1271
-1281
-1291
-1301
-1304
-1307
-1308
-1304
-1298
-1287
-1268
-1241
-1200
-1146
-1074
-983
-876
-750
-619
-486
-366
-261
-181
-119
-61
17
171
459
962
1744
2047
2047
2047
2047
2047
2047
2047
2047
2047
2047
2047
2047
2047
2047
2047
2047
2047
2047
2047
2047
2047
2047
2047
2047
2047
2047
2047
2047
2047
2047
2047
2047
2047
2047
2047
2047
2047
2047
2047
2047
2047
2047
2047
2047
2047
2047
2047
2047
2047
2047
2047
2047
2047
1080
313
-213
-549
-760
-898
-1008
-1112
-1226
-1352
-1484
-1619
-1741
-1853
-1945
-2020
-2048
-2048
-2048
-2048
-2048
-2048
-2048
-2048
-2048
-2048
-2048
-2048
-2048
-2048
-2048
-2048
-2032
-2014
-1994
-1976
-1961
-1945
-1931
-1920
-1910
-1901
-1894
-1887
-1883
-1880
-1877
-1875
-1874
-1873
-1873
-1875
-1877
-1881
-1885
-1888
-1893
-1899
-1906
-1915
-1924
-1934
-1946
-1956
-1971
-1984
-1995
-2004
-2009
-2013
-2013
-2009
-2002
-1992
-1979
-1964
-1952
-1940
-1933
-1925
-1920
-1919
-1920
-1925
-1929
-1936
-1939
-1945
-1949
-1955
-1959
-1965
-1967
-1972
-1977
-1982
-1989
-1995
-2000
-2007
-2013
-2020
-2026
-2034
-2041
-2047
-2048
-2048
-2048
-2048
-2048
-2048
-2048
-2048
-2048
-2048
-2048
-2048
-2048
-2048
-2048
-2048
-2048
-2048
-2048
-2048
-2048
-2048
-2048
-2048
-2048
-2048
-2048
-2048
-2048
-2048
-2048
-2048
-2048
-2048
-2048
-2048
-2048
-2048
-2048
-2048
-2048
-2048
-2044
-2036
-2028
-2024
-2021
-2015
-2015
-2015
-2017
-2020
-2023
-2026
-2029
-2032
-2034
-2036
-2037
-2036
-2035
-2034
-2033
-2034
-2032
-2031
-2028
-2025
-2024
-2020
-2015
-2011
-2003
-1995
-1986
-1977
-1968
-1959
-1948
-1940
-1932
-1927
-1923
-1918
-1916
-1913
-1913
-1914
-1915
-1917
-1919
-1920
-1923
-1924
-1926
-1926
-1924
-1922
-1917
-1913
-1908
-1901
-1894
-1887
-1881
-1874
-1869
-1864
-1860
-1855
-1851
-1848
-1843
-1839
-1835
-1829
-1825
-1821
-1817
-1813
-1808
-1803
-1801
-1797
-1792
-1790
-1784
-1778
-1771
-1763
-1754
-1742
-1729
-1714
-1698
-1681
-1664
-1648
-1632
-1615
-1598
-1584
-1568
-1553
-1539
-1523
-1507
-1490
-1477
-1462
-1450
-1439
-1432
-1425
-1423
-1423
-1428
-1431
-1436
-1440
-1444
-1446
-1448
-1445
-1440
-1434
-1426
-1418
-1408
-1399
-1387
-1375
-1360
-1345
-1327
-1306
-1283
-1259
-1238
-1209
-1189
-1166
-1145
-1128
-1113
-1102
-1093
-1084
-1078
-1074
-1068
-1063
-1060
-1056
-1052
-1048
-1046
-1042
-1042
-1040
-1040
-1042
-1042
-1045
-1048
-1052
-1055
-1059
-1062
-1065
-1067
-1069
-1068
-1066
-1066
-1063
-1061
-1061
-1061
-1061
-1066
-1072
-1079
-1088
-1099
-1108
-1118
-1127
-1135
-1142
-1147
-1151
-1154
-1157
-1159
-1162
-1161
-1162
-1162
-1160
-1160
-1158
-1155
-1151
-1147
-1142
-1135
-1127
-1117
-1105
-1090
-1074
-1056
-1035
-1017
-994
-973
-951
-929
-909
-888
-869
-851
-832
-814
-796
-779
-761
-743
-726
-710
-692
-675
-658
-640
-625
-608
-590
-576
-560
-547
-534
-524
-515
-509
-501
-496
-491
-486
-481
-477
-472
-466
-462
-454
-447
-440
-432
-424
-416
-409
-403
-398
-394
-391
-389
-388
-389
-388
-387
-387
-385
-382
-379
-375
-369
-364
-361
-356
-352
-349
-347
-345
-345
-344
-344
-348
-348
-349
-352
-355
-358
-362
-367
-372
-378
-386
-394
-402
-410
-417
-423
-429
-434
-437
-440
-443
-444
-447
-448
-452
-456
-462
-466
-474
-479
-486
-490
-495
-498
-499
-500
-500
-501
-501
-503
-507
-511
-519
-523
-529
-534
-541
-547
-553
-559
-566
-572
-580
-586
-594
-602
-609
-616
-625
-637
-644
-654
-662
-673
-683
-694
-706
-717
-728
-738
-748
-758
-770
-780
-790
-800
-811
-824
-838
-852
-865
-879
-895
-909
-925
-939
-954
-970
-978
-992
-1004
-1015
-1027
-1035
-1044
-1052
-1060
-1068
-1077
-1084
-1091
-1101
-1113
-1125
-1140
-1157
-1174
-1192
-1211
-1230
-1249
-1267
-1281
-1295
-1306
-1314
-1321
-1324
-1326
-1324
-1320
-1311
-1298
-1274
-1242
-1197
-1137
-1056
-959
-845
-714
-580
-449
-333
-238
-164
-106
-43
58
255
616
1218
2047
2047
2047
2047
2047
2047
2047
2047
2047
2047
2047
2047
2047
2047
2047
2047
2047
2047
2047
2047
2047
2047
2047
2047
2047
2047
2047
2047
2047
2047
2047
2047
2047
2047
2047
2047
2047
2047
2047
2047
2047
2047
2047
2047
2047
2047
2047
2047
2047
2047
2047
2047
2047
1578
656
2
-430
-702
-874
-996
-1102
-1208
-1328
-1458
-1591
-1722
-1840
-1941
-2026
-2048
-2048
-2048
-2048
-2048
-2048
-2048
-2048
-2048
-2048
-2048
-2048
-2048
-2048
-2048
-2048
-2048
-2039
-2019
-1998
-1980
-1964
-1949
-1933
-1920
-1909
-1900
-1894
-1887
-1882
-1876
-1874
-1872
-1869
-1868
-1869
-1870
-1871
-1875
-1878
-1882
-1888
-1893
-1901
-1910
-1920
-1931
-1944
-1956
-1970
-1981
-1993
-2003
-2008
-2011
-2012
-2005
-1999
-1990
-1979
-1969
-1957
-1949
-1943
-1940
-1938
-1941
-1945
-1950
-1956
-1965
-1971
-1975
-1982
-1986
-1991
-1998
-2003
-2009
-2014
-2019
-2026
-2034
-2040
-2048
-2048
-2048
-2048
-2048
-2048
-2048
-2048
-2048
-2048
-2048
-2048
-2048
-2048
-2048
-2048
-2048
-2048
-2048
-2048
-2048
-2048
-2048
-2048
-2048
-2048
-2048
-2048
-2048
-2048
-2048
-2048
-2048
-2048
-2048
-2048
-2048
-2048
-2048
-2048
-2048
-2048
-2048
-2048
-2048
-2048
-2048
-2048
-2048
-2048
-2048
-2048
-2048
-2048
-2045
-2045
-2047
-2048
-2048
-2048
-2048
-2048
-2048
-2048
-2048
-2048
-2048
-2048
-2048
-2048
-2048
-2048
-2048
-2048
-2048
-2048
-2048
-2048
-2048
-2048
-2044
-2037
-2027
-2019
-2011
-2003
-1998
-1991
-1988
-1984
-1983
-1982
-1982
-1983
-1984
-1988
-1991
-1994
-1997
-2000
-2002
-2002
-2004
-2002
-1999
-1996
-1992
-1985
-1980
-1974
-1967
-1961
-1957
-1951
-1947
-1943
-1938
-1934
-1932
-1928
-1925
-1920
-1916
-1910
-1906
-1903
-1898
-1893
-1889
-1885
-1881
-1876
-1871
-1864
-1856
-1847
-1836
-1824
-1809
-1794
-1776
-1758
-1740
-1722
-1704
-1686
-1668
-1650
-1634
-1618
-1601
-1585
-1568
-1553
-1536
-1520
-1508
-1496
-1486
-1478
-1475
-1474
-1476
-1480
-1484
-1490
-1494
-1497
-1499
-1499
-1496
-1489
-1483
-1475
-1467
-1458
-1447
-1435
-1422
-1407
-1391
-1372
-1351
-1328
-1305
-1280
-1260
-1237
-1217
-1199
-1184
-1173
-1163
-1156
-1150
-1145
-1140
-1137
-1132
-1130
-1126
-1123
-1122
-1118
-1119
-1118
-1119
-1119
-1121
-1124
-1127
-1131
-1135
-1139
-1142
-1145
-1148
-1148
-1148
-1148
-1145
-1144
-1141
-1141
-1141
-1141
-1143
-1146
-1152
-1161
-1171
-1179
-1187
-1195
-1203
-1211
-1215
-1220
-1223
-1225
-1226
-1227
-1229
-1228
-1228
-1227
-1226
-1224
-1223
-1219
-1215
-1210
-1203
-1196
-1186
-1174
-1160
-1144
-1127
-1108
-1088
-1068
-1046
-1024
-1004
-983
-965
-946
-929
-910
-893
-876
-859
-842
-826
-810
-794
-778
-761
-744
-727
-711
-695
-680
-665
-650
-637
-624
-614
-605
-598
-592
-587
-582
-577
-575
-573
-569
-565
-560
-555
-550
-544
-537
-529
-522
-515
-511
-505
-502
-498
-495
-494
-496
-496
-497
-497
-495
-493
-490
-486
-484
-479
-474
-469
-465
-461
-459
-457
-456
-454
-454
-454
-454
-456
-455
-456
-456
-459
-461
-465
-470
-475
-479
-486
-492
-499
-504
-509
-512
-514
-516
-517
-518
-519
-520
-523
-524
-530
-534
-538
-543
-548
-553
-557
-559
-560
-560
-559
-560
-561
-563
-564
-569
-574
-580
-587
-593
-600
-605
-610
-619
-625
-633
-640
-646
-654
-664
-672
-682
-691
-700
-710
-720
-731
-742
-753
-765
-779
-789
-803
-814
-825
-836
-847
-858
-870
-883
-894
-907
-920
-933
-947
-963
-978
-992
-1007
-1020
-1035
-1050
-1061
-1075
-1085
-1097
-1107
-1117
-1127
-1135
-1143
-1149
-1156
-1163
-1172
-1180
-1190
-1199
-1213
-1227
-1244
-1260
-1277
-1294
-1312
-1328
-1344
-1356
-1366
-1375
-1381
-1384
-1386
-1383
-1380
-1372
-1359
-1338
-1310
-1270
-1213
-1143
-1051
-942
-818
-684
-551
-427
-322
-243
-181
-125
-46
104
389
886
1666
2047
2047
2047
2047
2047
2047
2047
2047
2047
2047
2047
2047
2047
2047
2047
2047
2047
2047
2047
2047
2047
2047
2047
2047
2047
2047
2047
2047
2047
2047
2047
2047
2047
2047
2047
2047
2047
2047
2047
2047
2047
2047
2047
2047
2047
2047
2047
2047
2047
2047
2047
2047
1772
776
54
-432
-738
-928
-1056
-1159
-1263
-1377
-1501
-1631
-1763
-1882
-1988
-2048
-2048
-2048
-2048
-2048
-2048
-2048
-2048
-2048
-2048
-2048
-2048
-2048
-2048
-2048
-2048
-2048
-2048
-2048
-2048
-2033
-2014
-1994
-1978
-1961
-1949
-1934
-1925
-1917
-1909
-1904
-1898
-1894
-1891
-1890
-1888
-1887
-1889
-1890
-1892
-1897
-1902
-1908
-1913
-1920
-1931
-1941
-1952
-1966
-1980
-1993
-2008
-2019
-2030
-2038
-2042
-2042
-2039
-2032
-2023
-2012
-2002
-1992
-1984
-1977
-1973
-1971
-1973
-1977
-1983
-1989
-1997
-2004
-2009
-2014
-2020
-2025
-2031
-2035
-2041
-2047
-2048
-2048
-2048
-2048
-2048
-2048
-2048
-2048
-2048
-2048
-2048
-2048
-2048
-2048
-2048
-2048
-2048
-2048
-2048
-2048
-2048
-2048
-2048
-2048
-2048
-2048
-2048
-2048
-2048
-2048
-2048
-2048
-2048
-2048
-2048
-2048
-2048
-2048
-2048
-2048
-2048
-2048
-2048
-2048
-2048
-2048
-2048
-2048
-2048
-2048
-2048
-2048
-2048
-2048
-2048
-2048
-2048
-2048
-2048
-2048
-2048
-2048
-2048
-2048
-2048
-2048
-2048
-2048
-2048
-2048
-2048
-2048
-2048
-2048
-2048
-2048
-2048
-2048
-2048
-2048
-2048
-2048
-2048
-2048
-2048
-2048
-2048
-2040
-2033
-2027
-2020
-2015
-2012
-2010
-2010
-2009
-2010
-2012
-2013
-2017
-2021
-2026
-2029
-2032
-2034
-2036
-2037
-2037
-2035
-2030
-2025
-2021
-2014
-2008
-2002
-1993
-1987
-1980
-1974
-1970
-1965
-1959
-1953
-1949
-1943
-1938
-1932
-1925
-1918
-1912
-1906
-1900
-1896
-1889
-1882
-1877
-1870
-1862
-1854
-1844
-1832
-1817
-1803
-1787
-1769
-1751
-1732
-1712
-1693
-1675
-1657
-1638
-1622
-1605
-1587
-1573
-1555
-1537
-1520
-1505
-1489
-1477
-1467
-1459
-1454
-1452
-1453
-1457
-1460
-1467
-1470
-1474
-1476
-1477
-1474
-1470
-1462
-1455
-1446
-1438
-1428
-1418
-1404
-1390
-1374
-1355
-1335
-1314
-1290
-1266
-1244
-1221
-1203
-1184
-1168
-1157
-1147
-1139
-1132
-1128
-1123
-1119
-1115
-1112
-1109
-1106
-1104
-1100
-1099
-1097
-1098
-1099
-1101
-1102
-1105
-1107
-1110
-1116
-1118
-1119
-1121
-1121
-1121
-1121
-1119
-1115
-1111
-1109
-1107
-1106
-1108
-1111
-1115
-1121
-1128
-1137
-1146
-1152
-1161
-1167
-1172
-1177
-1179
-1181
-1182
-1183
-1183
-1183
-1183
-1181
-1180
-1177
-1175
-1171
-1168
-1163
-1157
-1151
-1142
-1131
-1119
-1103
-1086
-1068
-1050
-1030
-1010
-987
-967
-947
-928
-911
-892
-875
-857
-841
-824
-808
-792
-778
-762
-746
-731
-716
-703
-687
-673
-659
-645
-633
-621
-611
-601
-593
-586
-582
-578
-574
-572
-570
-567
-565
-563
-560
-556
-551
-546
-540
-535
-528
-523
-518
-514
-509
-507
-506
-506
-505
-507
-507
-506
-503
-501
-498
-493
-488
-482
-477
-471
-465
-459
-453
-451
-447
-445
-443
-440
-439
-437
-437
-437
-437
-438
-439
-440
-443
-448
-452
-457
-462
-468
-472
-475
-477
-480
-482
-481
-481
-482
-483
-485
-487
-492
-496
-502
-507
-513
-517
-522
-525
-526
-528
-527
-528
-529
-532
-535
-538
-544
-550
-555
-564
-571
-577
-582
-591
-598
-605
-613
-622
-632
-640
-649
-657
-669
-677
-687
-699
-709
-720
-732
-744
-756
-768
-780
-794
-804
-815
-826
-836
-848
-859
-871
-884
-897
-911
-926
-942
-956
-971
-985
-1000
-1013
-1026
-1039
-1051
-1061
-1072
-1082
-1091
-1099
-1107
-1114
-1120
-1128
-1134
-1142
-1148
-1157
-1167
-1181
-1193
-1209
-1225
-1243
-1260
-1277
-1294
-1310
-1322
-1333
-1341
-1346
-1350
-1354
-1352
-1349
-1342
-1328
-1309
-1283
-1243
-1190
-1119
-1029
-923
-799
-667
-535
-409
-305
-222
-162
-106
-30
117
390
874
1637
2047
2047
2047
2047
2047
2047
2047
2047
2047
2047
2047
2047
2047
2047
2047
2047
2047
2047
2047
2047
2047
2047
2047
2047
2047
2047
2047
2047
2047
2047
2047
2047
2047
2047
2047
2047
2047
2047
2047
2047
2047
2047
2047
2047
2047
2047
2047
2047
2047
2047
2047
2047
1817
811
83
-411
-720
-911
-1040
-1143
-1246
-1357
-1481
-1609
-1738
-1859
-1963
-2048
-2048
-2048
-2048
-2048
-2048
-2048
-2048
-2048
-2048
-2048
-2048
-2048
-2048
-2048
-2048
-2048
-2048
-2048
-2030
-2008
-1989
-1970
-1953
-1937
-1924
-1913
-1902
-1893
-1886
-1881
-1876
-1873
-1872
-1867
-1867
-1868
-1870
-1872
-1876
-1880
-1885
-1892
-1897
-1907
-1915
-1926
-1938
-1952
-1967
-1983
-1996
-2007
-2020
-2028
-2032
-2034
-2033
-2026
-2019
-2010
-1999
-1990
-1982
-1976
-1972
-1972
-1975
-1979
-1986
-1992
-1999
-2007
-2015
-2022
-2027
-2032
-2038
-2044
-2048
-2048
-2048
-2048
-2048
-2048
-2048
-2048
-2048
-2048
-2048
-2048
-2048
-2048
-2048
-2048
-2048
-2048
-2048
-2048
-2048
-2048
-2048
-2048
-2048
-2048
-2048
-2048
-2048
-2048
-2048
-2048
-2048
-2048
-2048
-2048
-2048
-2048
-2048
-2048
-2048
-2048
-2048
-2048
-2048
-2048
-2048
-2048
-2048
-2048
-2048
-2048
-2048
-2048
-2048
-2048
-2048
-2048
-2048
-2048
-2048
-2048
-2048
-2048
-2048
-2048
-2048
-2048
-2048
-2048
-2048
-2048
-2048
-2048
-2048
-2048
-2048
-2048
-2048
-2048
-2048
-2048
-2048
-2048
-2048
-2048
-2048
-2048
-2048
-2048
-2048
-2048
-2043
-2038
-2035
-2032
-2031
-2032
-2033
-2035
-2037
-2040
-2044
-2047
-2048
-2048
-2048
-2048
-2048
-2048
-2048
-2048
-2046
-2038
-2032
-2023
-2016
-2008
-2001
-1993
-1984
-1980
-1973
-1967
-1961
-1955
-1947
-1940
-1933
-1925
-1920
-1911
-1903
-1896
-1888
-1880
-1874
-1867
-1858
-1850
-1838
-1828
-1815
-1801
-1784
-1767
-1747
-1728
-1709
-1688
-1668
-1650
-1631
-1612
-1595
-1577
-1561
-1544
-1527
-1510
-1494
-1476
-1462
-1450
-1441
-1431
-1428
-1425
-1427
-1431
-1435
-1440
-1445
-1450
-1452
-1452
-1450
-1446
-1440
-1434
-1426
-1418
-1407
-1398
-1388
-1374
-1358
-1341
-1321
-1302
-1278
-1256
-1232
-1212
-1193
-1175
-1161
-1149
-1139
-1132
-1127
-1121
-1116
-1113
-1110
-1108
-1103
-1099
-1097
-1095
-1092
-1091
-1089
-1091
-1092
-1093
-1094
-1096
-1100
-1103
-1104
-1106
-1107
-1107
-1107
-1104
-1103
-1098
-1095
-1092
-1089
-1088
-1090
-1092
-1095
-1102
-1109
-1116
-1125
-1133
-1139
-1143
-1149
-1152
-1154
-1157
-1158
-1157
-1159
-1159
-1158
-1158
-1155
-1154
-1151
-1148
-1145
-1140
-1134
-1127
-1119
-1109
-1095
-1082
-1065
-1047
-1028
-1007
-987
-968
-947
-928
-910
-892
-877
-861
-845
-829
-815
-800
-787
-773
-760
-745
-732
-718
-704
-692
-679
-664
-651
-639
-627
-619
-610
-603
-596
-592
-588
-586
-584
-582
-580
-578
-574
-570
-567
-562
-555
-549
-541
-535
-528
-522
-516
-511
-508
-504
-502
-500
-498
-498
-495
-493
-489
-485
-480
-472
-466
-458
-452
-445
-439
-435
-429
-427
-423
-422
-418
-416
-415
-414
-414
-413
-413
-414
-416
-419
-423
-426
-431
-437
-442
-446
-451
-452
-455
-455
-456
-456
-459
-458
-459
-462
-463
-470
-477
-482
-488
-493
-496
-499
-501
-503
-504
-503
-504
-507
-509
-514
-520
-527
-532
-541
-548
-554
-562
-569
-577
-585
-593
-601
-611
-619
-628
-637
-645
-657
-664
-676
-685
-695
-708
-719
-730
-744
-755
-768
-780
-791
-801
-811
-822
-833
-845
-856
-871
-883
-896
-909
-926
-939
-954
-968
-980
-992
-1005
-1016
-1028
-1038
-1048
-1056
-1063
-1072
-1081
-1086
-1093
-1100
-1106
-1113
-1122
-1132
-1143
-1155
-1170
-1187
-1204
-1222
-1239
-1254
-1269
-1283
-1295
-1303
-1309
-1314
-1316
-1315
-1313
-1306
-1295
-1275
-1251
-1213
-1161
-1093
-1006
-899
-778
-647
-514
-392
-286
-205
-143
-89
-16
122
388
857
1605
2047
2047
2047
2047
2047
2047
2047
2047
2047
2047
2047
2047
2047
2047
2047
2047
2047
2047
2047
2047
2047
2047
2047
2047
2047
2047
2047
2047
2047
2047
2047
2047
2047
2047
2047
2047
2047
2047
2047
2047
2047
2047
2047
2047
2047
2047
2047
2047
2047
2047
2047
2047
1893
881
144
-355
-670
-866
-994
-1097
-1198
-1308
-1431
-1560
-1688
-1807
-1913
-1999
-2048
-2048
-2048
-2048
-2048
-2048
-2048
-2048
-2048
-2048
-2048
-2048
-2048
-2048
-2048
-2048
-2025
-2002
-1978
-1957
-1937
-1919
-1902
-1888
-1874
-1863
-1853
-1845
-1839
-1834
-1829
-1826
-1824
-1821
-1822
-1822
-1824
-1828
-1832
-1836
-1841
-1848
-1855
-1864
-1874
-1886
-1898
-1913
-1927
-1943
-1957
-1970
-1984
-1993
-1999
-2002
-2000
-1995
-1988
-1979
-1968
-1960
-1952
-1946
-1941
-1941
-1942
-1947
-1954
-1960
-1967
-1975
-1980
-1987
-1992
-1998
-2003
-2008
-2013
-2020
-2026
-2030
-2037
-2044
-2048
-2048
-2048
-2048
-2048
-2048
-2048
-2048
-2048
-2048
-2048
-2048
-2048
-2048
-2048
-2048
-2048
-2048
-2048
-2048
-2048
-2048
-2048
-2048
-2048
-2048
-2048
-2048
-2048
-2048
-2048
-2048
-2048
-2048
-2048
-2048
-2048
-2048
-2048
-2048
-2048
-2048
-2048
-2048
-2048
-2048
-2048
-2048
-2043
-2035
-2031
-2025
-2021
-2019
-2021
-2021
-2026
-2029
-2034
-2040
-2045
-2048
-2048
-2048
-2048
-2048
-2048
-2048
-2048
-2048
-2048
-2048
-2048
-2048
-2048
-2048
-2048
-2048
-2048
-2048
-2048
-2048
-2048
-2048
-2043
-2037
-2031
-2026
-2022
-2019
-2017
-2018
-2016
-2018
-2020
-2022
-2024
-2027
-2030
-2031
-2033
-2033
-2033
-2031
-2028
-2023
-2016
-2009
-2001
-1991
-1983
-1975
-1967
-1958
-1953
-1946
-1939
-1932
-1925
-1920
-1911
-1903
-1896
-1888
-1880
-1874
-1865
-1856
-1850
-1842
-1836
-1827
-1820
-1808
-1799
-1788
-1775
-1760
-1744
-1725
-1706
-1689
-1668
-1647
-1628
-1607
-1590
-1572
-1555
-1538
-1520
-1502
-1486
-1467
-1453
-1437
-1422
-1408
-1399
-1392
-1387
-1388
-1387
-1391
-1398
-1403
-1410
-1414
-1418
-1418
-1416
-1413
-1408
-1402
-1395
-1387
-1377
-1368
-1359
-1347
-1332
-1315
-1294
-1274
-1252
-1229
-1208
-1186
-1165
-1149
-1134
-1122
-1112
-1104
-1097
-1092
-1088
-1083
-1081
-1077
-1072
-1069
-1066
-1064
-1061
-1060
-1059
-1058
-1058
-1060
-1062
-1064
-1067
-1069
-1071
-1073
-1073
-1073
-1071
-1069
-1065
-1061
-1056
-1052
-1048
-1046
-1046
-1049
-1051
-1058
-1063
-1071
-1078
-1085
-1093
-1098
-1103
-1105
-1108
-1110
-1113
-1112
-1113
-1113
-1112
-1113
-1112
-1111
-1110
-1106
-1104
-1100
-1095
-1090
-1083
-1073
-1062
-1049
-1035
-1020
-1002
-984
-965
-947
-929
-911
-895
-880
-865
-850
-836
-822
-808
-794
-780
-767
-754
-742
-730
-716
-702
-689
-676
-664
-651
-638
-627
-618
-609
-602
-597
-591
-588
-584
-581
-580
-578
-574
-571
-565
-561
-554
-548
-539
-532
-525
-517
-509
-502
-497
-492
-488
-485
-483
-481
-477
-475
-472
-466
-460
-454
-448
-440
-431
-424
-417
-410
-403
-397
-393
-389
-385
-382
-380
-378
-376
-374
-373
-372
-373
-374
-377
-379
-384
-389
-394
-400
-403
-409
-410
-414
-415
-417
-417
-417
-419
-421
-423
-428
-431
-437
-445
-450
-455
-461
-465
-468
-470
-471
-472
-475
-477
-480
-486
-492
-498
-506
-512
-521
-526
-535
-542
-549
-557
-565
-573
-583
-591
-599
-609
-618
-627
-637
-647
-657
-666
-678
-688
-700
-712
-724
-735
-744
-755
-765
-774
-784
-794
-805
-816
-828
-842
-854
-867
-882
-895
-910
-923
-936
-948
-960
-971
-983
-993
-1002
-1010
-1018
-1027
-1032
-1040
-1047
-1051
-1059
-1065
-1073
-1085
-1095
-1109
-1123
-1141
-1159
-1176
-1195
-1213
-1228
-1244
-1256
-1266
-1273
-1279
-1284
-1285
-1284
-1280
-1271
-1256
-1232
-1197
-1151
-1086
-1005
-902
-784
-656
-524
-400
-293
-206
-143
-91
-23
100
340
774
1474
2047
2047
2047
2047
2047
2047
2047
2047
2047
2047
2047
2047
2047
2047
2047
2047
2047
2047
2047
2047
2047
2047
2047
2047
2047
2047
2047
2047
2047
2047
2047
2047
2047
2047
2047
2047
2047
2047
2047
2047
2047
2047
2047
2047
2047
2047
2047
2047
2047
2047
2047
2047
2047
1050
273
-257
-596
-805
-941
-1046
-1145
-1255
-1374
-1502
-1629
-1751
-1858
-1948
-2019
-2048
-2048
-2048
-2048
-2048
-2048
-2048
-2048
-2048
-2048
-2048
-2048
-2048
-2037
-2013
-1989
-1967
-1945
-1924
-1904
-1887
-1870
-1855
-1843
-1833
-1824
-1817
-1811
-1806
-1803
-1801
-1801
-1801
-1802
-1803
-1807
-1810
-1817
-1823
-1828
-1835
-1843
-1853
-1864
-1875
-1886
-1901
-1917
-1931
-1948
-1961
-1974
-1983
-1989
-1992
-1990
-1987
-1980
-1971
-1960
-1950
-1941
-1934
-1929
-1926
-1926
-1930
-1934
-1940
-1948
-1955
-1960
-1967
-1971
-1977
-1981
-1987
-1991
-1996
-2000
-2008
-2013
-2018
-2025
-2028
-2035
-2040
-2045
-2048
-2048
-2048
-2048
-2048
-2048
-2048
-2048
-2048
-2048
-2048
-2048
-2048
-2048
-2048
-2048
-2048
-2048
-2048
-2048
-2048
-2048
-2048
-2048
-2048
-2048
-2048
-2048
-2048
-2048
-2048
-2048
-2048
-2048
-2048
-2048
-2048
-2048
-2048
-2048
-2048
-2048
-2048
-2048
-2047
-2041
-2039
-2036
-2034
-2034
-2035
-2037
-2041
-2048
-2048
-2048
-2048
-2048
-2048
-2048
-2048
-2048
-2048
-2048
-2048
-2048
-2048
-2048
-2048
-2048
-2048
-2048
-2048
-2048
-2048
-2048
-2048
-2048
-2048
-2048
-2046
-2039
-2033
-2028
-2025
-2023
-2020
-2020
-2020
-2020
-2022
-2022
-2025
-2025
-2026
-2027
-2028
-2028
-2025
-2020
-2015
-2009
-2001
-1992
-1983
-1975
-1965
-1956
-1948
-1939
-1932
-1923
-1917
-1910
-1901
-1893
-1885
-1877
-1868
-1859
-1850
-1843
-1834
-1826
-1819
-1810
-1803
-1794
-1786
-1775
-1764
-1753
-1738
-1723
-1706
-1688
-1668
-1647
-1628
-1611
-1589
-1572
-1554
-1535
-1517
-1501
-1485
-1468
-1451
-1435
-1419
-1405
-1392
-1383
-1374
-1370
-1369
-1371
-1373
-1379
-1385
-1393
-1398
-1400
-1404
-1403
-1401
-1396
-1391
-1385
-1376
-1368
-1360
-1350
-1338
-1323
-1309
-1290
-1270
-1248
-1227
-1205
-1182
-1162
-1145
-1130
-1116
-1106
-1098
-1089
-1085
-1080
-1076
-1072
-1068
-1063
-1060
-1056
-1051
-1047
-1045
-1042
-1040
-1040
-1039
-1041
-1043
-1042
-1043
-1046
-1047
-1047
-1047
-1045
-1042
-1039
-1035
-1031
-1026
-1022
-1020
-1020
-1020
-1024
-1030
-1035
-1045
-1053
-1060
-1069
-1076
-1083
-1088
-1091
-1094
-1098
-1100
-1102
-1104
-1105
-1107
-1107
-1108
-1107
-1107
-1105
-1104
-1101
-1098
-1093
-1085
-1077
-1064
-1052
-1036
-1019
-1001
-984
-965
-947
-929
-913
-896
-882
-867
-854
-840
-826
-812
-799
-786
-774
-760
-747
-735
-722
-708
-695
-681
-669
-656
-643
-632
-623
-615
-607
-601
-596
-592
-588
-586
-583
-579
-575
-571
-566
-559
-554
-546
-537
-530
-522
-514
-506
-500
-493
-489
-484
-480
-478
-474
-470
-467
-460
-455
-448
-442
-431
-424
-415
-406
-397
-391
-384
-379
-374
-368
-366
-364
-359
-356
-355
-352
-352
-353
-353
-356
-358
-361
-366
-373
-379
-383
-390
-392
-396
-399
-402
-402
-404
-405
-408
-412
-416
-421
-426
-434
-441
-448
-453
-458
-462
-465
-467
-470
-471
-473
-477
-482
-487
-494
-502
-508
-516
-523
-531
-539
-546
-554
-560
-570
-576
-586
-593
-602
-610
-619
-627
-637
-646
-655
-664
-675
-684
-697
-707
-717
-727
-736
-746
-755
-765
-774
-781
-793
-803
-814
-825
-838
-850
-862
-875
-888
-901
-914
-924
-936
-947
-958
-967
-977
-985
-994
-1001
-1009
-1016
-1023
-1030
-1039
-1048
-1058
-1070
-1083
-1100
-1117
-1134
-1154
-1174
-1194
-1213
-1231
-1246
-1259
-1268
-1278
-1284
-1289
-1290
-1289
-1285
-1274
-1256
-1228
-1187
-1132
-1059
-968
-856
-732
-599
-471
-354
-257
-184
-127
-71
20
196
525
1091
1956
2047
2047
2047
2047
2047
2047
2047
2047
2047
2047
2047
2047
2047
2047
2047
2047
2047
2047
2047
2047
2047
2047
2047
2047
2047
2047
2047
2047
2047
2047
2047
2047
2047
2047
2047
2047
2047
2047
2047
2047
2047
2047
2047
2047
2047
2047
2047
2047
2047
2047
2047
2047
1544
634
-9
-433
-696
-860
-977
-1077
-1180
-1294
-1419
-1547
-1672
-1788
-1885
-1965
-2027
-2048
-2048
-2048
-2048
-2048
-2048
-2048
-2048
-2048
-2048
-2048
-2048
-2035
-2013
-1993
-1970
-1947
-1926
-1907
-1888
-1874
-1858
-1845
-1833
-1824
-1817
-1811
-1806
-1803
-1801
-1797
-1797
-1798
-1800
-1802
-1806
-1812
-1817
-1824
-1831
-1838
-1846
-1857
-1868
-1881
-1895
-1910
-1926
-1941
-1955
-1970
-1981
-1991
-1997
-1998
-1995
-1990
-1982
-1972
-1961
-1951
-1944
-1935
-1931
-1930
-1932
-1934
-1939
-1945
-1950
-1955
-1961
-1966
-1969
-1974
-1977
-1982
-1986
-1991
-1997
-2002
-2008
-2013
-2018
-2024
-2031
-2036
-2042
-2048
-2048
-2048
-2048
-2048
-2048
-2048
-2048
-2048
-2048
-2048
-2048
-2048
-2048
-2048
-2048
-2048
-2048
-2048
-2048
-2048
-2048
-2048
-2048
-2048
-2048
-2048
-2048
-2048
-2048
-2048
-2048
-2048
-2048
-2048
-2048
-2048
-2048
-2048
-2048
-2048
-2048
-2048
-2048
-2048
-2048
-2048
-2046
-2045
-2044
-2046
-2048
-2048
-2048
-2048
-2048
-2048
-2048
-2048
-2048
-2048
-2048
-2048
-2048
-2048
-2048
-2048
-2048
-2048
-2048
-2048
-2048
-2048
-2048
-2048
-2048
-2048
-2048
-2048
-2048
-2048
-2044
-2038
-2033
-2029
-2026
-2023
-2022
-2022
-2023
-2024
-2024
-2024
-2025
-2026
-2025
-2024
-2022
-2018
-2013
-2005
-1998
-1988
-1978
-1969
-1958
-1949
-1937
-1928
-1920
-1913
-1905
-1898
-1890
-1883
-1876
-1867
-1859
-1851
-1843
-1835
-1828
-1820
-1813
-1806
-1799
-1792
-1784
-1776
-1766
-1756
-1744
-1731
-1716
-1701
-1683
-1664
-1647
-1628
-1610
-1593
