-706
-717
-724
-735
-745
-756
-764
-775
-785
-796
-806
-820
-832
-844
-856
-867
-879
-890
-902
-912
-923
-935
-944
-958
-971
-984
-999
-1014
-1029
-1043
-1058
-1073
-1088
-1102
-1115
-1128
-1140
-1151
-1162
-1171
-1180
-1190
-1197
-1206
-1213
-1217
-1225
-1233
-1241
-1252
-1263
-1275
-1291
-1306
-1321
-1339
-1356
-1371
-1384
-1397
-1408
-1415
-1422
-1427
-1427
-1425
-1420
-1413
-1400
-1380
-1352
-1309
-1255
-1184
-1094
-986
-860
-728
-595
-473
-370
-290
-229
-177
-102
40
314
797
1563
2047
2047
2047
2047
2047
2047
2047
2047
2047
2047
2047
2047
2047
2047
2047
2047
2047
2047
2047
2047
2047
2047
2047
2047
2047
2047
2047
2047
2047
2047
2047
2047
2047
2047
2047
2047
2047
2047
2047
2047
2047
2047
2047
2047
2047
2047
2047
2047
2047
2047
2047
2047
1526
599
-60
-497
-770
-939
-1056
-1156
-1259
-1373
-1499
-1629
-1758
-1879
-1981
-2048
-2048
-2048
-2048
-2048
-2048
-2048
-2048
-2048
-2048
-2048
-2048
-2048
-2048
-2048
-2048
-2048
-2048
-2048
-2048
-2048
-2040
-2024
-2011
-1997
-1986
-1976
-1968
-1963
-1958
-1955
-1950
-1948
-1947
-1946
-1947
-1949
-1951
-1954
-1960
-1964
-1971
-1977
-1984
-1992
-2002
-2014
-2027
-2039
-2048
-2048
-2048
-2048
-2048
-2048
-2048
-2048
-2048
-2048
-2048
-2048
-2048
-2048
-2043
-2037
-2035
-2031
-2035
-2039
-2044
-2048
-2048
-2048
-2048
-2048
-2048
-2048
-2048
-2048
-2048
-2048
-2048
-2048
-2048
-2048
-2048
-2048
-2048
-2048
-2048
-2048
-2048
-2048
-2048
-2048
-2048
-2048
-2048
-2048
-2048
-2048
-2048
-2048
-2048
-2048
-2048
-2048
-2048
-2048
-2048
-2048
-2048
-2048
-2048
-2048
-2048
-2048
-2048
-2048
-2048
-2048
-2048
-2048
-2048
-2048
-2048
-2048
-2048
-2048
-2048
-2048
-2048
-2048
-2048
-2048
-2048
-2048
-2048
-2048
-2048
-2048
-2048
-2048
-2048
-2048
-2048
-2048
-2048
-2048
-2048
-2048
-2048
-2048
-2048
-2048
-2048
-2048
-2048
-2048
-2048
-2048
-2048
-2048
-2048
-2048
-2048
-2048
-2048
-2048
-2045
-2037
-2033
-2028
-2025
-2022
-2022
-2022
-2021
-2023
-2027
-2030
-2032
-2036
-2037
-2039
-2041
-2041
-2040
-2038
-2033
-2028
-2022
-2016
-2011
-2003
-1995
-1989
-1984
-1980
-1975
-1971
-1968
-1962
-1957
-1954
-1949
-1944
-1938
-1933
-1929
-1924
-1918
-1914
-1909
-1904
-1899
-1894
-1887
-1879
-1870
-1860
-1847
-1833
-1818
-1802
-1783
-1765
-1747
-1730
-1712
-1696
-1678
-1662
-1646
-1630
-1614
-1598
-1581
-1564
-1550
-1535
-1522
-1513
-1505
-1502
-1500
-1502
-1504
-1509
-1513
-1517
-1519
-1519
-1517
-1514
-1508
-1499
-1491
-1480
-1470
-1460
-1445
-1431
-1414
-1396
-1376
-1355
-1329
-1305
-1280
-1257
-1234
-1215
-1197
-1183
-1170
-1161
-1152
-1146
-1142
-1136
-1133
-1127
-1123
-1119
-1116
-1113
-1109
-1108
-1106
-1105
-1106
-1106
-1107
-1111
-1113
-1115
-1119
-1119
-1121
-1122
-1122
-1121
-1119
-1117
-1113
-1110
-1108
-1107
-1110
-1112
-1115
-1122
-1130
-1139
-1147
-1155
-1162
-1170
-1175
-1180
-1182
-1185
-1185
-1186
-1188
-1187
-1186
-1185
-1183
-1180
-1178
-1175
-1170
-1166
-1159
-1152
-1144
-1133
-1120
-1106
-1088
-1069
-1049
-1029
-1007
-986
-965
-943
-924
-906
-887
-868
-850
-832
-816
-799
-784
-767
-750
-735
-718
-703
-687
-672
-656
-639
-625
-610
-599
-586
-576
-567
-559
-552
-547
-542
-539
-535
-531
-527
-522
-518
-511
-505
-497
-490
-483
-476
-468
-461
-455
-450
-446
-444
-442
-441
-439
-440
-438
-435
-433
-427
-423
-417
-411
-405
-400
-394
-392
-387
-384
-383
-383
-382
-381
-382
-383
-384
-386
-389
-391
-396
-401
-406
-415
-421
-430
-438
-447
-455
-463
-469
-474
-478
-480
-486
-489
-493
-497
-503
-510
-518
-526
-534
-543
-550
-556
-562
-567
-571
-573
-576
-579
-585
-589
-597
-603
-611
-619
-627
-635
-645
-652
-660
-669
-676
-686
-695
-704
-713
-724
-732
-743
-753
-764
-775
-784
-795
-808
-820
-833
-845
-857
-867
-879
-891
-900
-912
-922
-933
-944
-958
-971
-985
-1000
-1015
-1030
-1045
-1061
-1076
-1088
-1102
-1114
-1126
-1137
-1146
-1157
-1165
-1173
-1180
-1187
-1194
-1199
-1207
-1214
-1221
-1232
-1241
-1253
-1268
-1283
-1299
-1317
-1334
-1348
-1364
-1377
-1388
-1397
-1402
-1406
-1408
-1407
-1405
-1397
-1386
-1368
-1343
-1305
-1256
-1191
-1108
-1006
-887
-755
-622
-496
-383
-295
-229
-176
-116
-3
215
612
1268
2047
2047
2047
2047
2047
2047
2047
2047
2047
2047
2047
2047
2047
2047
2047
2047
2047
2047
2047
2047
2047
2047
2047
2047
2047
2047
2047
2047
2047
2047
2047
2047
2047
2047
2047
2047
2047
2047
2047
2047
2047
2047
2047
2047
2047
2047
2047
2047
2047
2047
2047
2047
1885
865
119
-386
-707
-905
-1033
-1134
-1235
-1346
-1467
-1598
-1727
-1849
-1959
-2048
-2048
-2048
-2048
-2048
-2048
-2048
-2048
-2048
-2048
-2048
-2048
-2048
-2048
-2048
-2048
-2048
-2048
-2048
-2048
-2048
-2045
-2028
-2013
-1999
-1987
-1976
-1968
-1960
-1955
-1951
-1947
-1943
-1943
-1942
-1943
-1944
-1945
-1948
-1952
-1957
-1961
-1968
-1975
-1982
-1992
-2001
-2014
-2027
-2039
-2048
-2048
-2048
-2048
-2048
-2048
-2048
-2048
-2048
-2048
-2048
-2048
-2048
-2043
-2036
-2031
-2031
-2032
-2036
-2042
-2046
-2048
-2048
-2048
-2048
-2048
-2048
-2048
-2048
-2048
-2048
-2048
-2048
-2048
-2048
-2048
-2048
-2048
-2048
-2048
-2048
-2048
-2048
-2048
-2048
-2048
-2048
-2048
-2048
-2048
-2048
-2048
-2048
-2048
-2048
-2048
-2048
-2048
-2048
-2048
-2048
-2048
-2048
-2048
-2048
-2048
-2048
-2048
-2048
-2048
-2048
-2048
-2048
-2048
-2048
-2048
-2048
-2048
-2048
-2048
-2048
-2048
-2048
-2048
-2048
-2048
-2048
-2048
-2048
-2048
-2048
-2048
-2048
-2048
-2048
-2048
-2048
-2048
-2048
-2048
-2048
-2048
-2048
-2048
-2048
-2048
-2048
-2048
-2048
-2048
-2048
-2048
-2048
-2048
-2048
-2048
-2048
-2048
-2048
-2048
-2048
-2048
-2046
-2042
-2040
-2038
-2038
-2039
-2041
-2044
-2047
-2048
-2048
-2048
-2048
-2048
-2048
-2048
-2048
-2048
-2048
-2045
-2041
-2033
-2026
-2022
-2016
-2010
-2006
-2001
-1997
-1993
-1988
-1984
-1979
-1973
-1969
-1962
-1956
-1950
-1946
-1940
-1935
-1929
-1924
-1919
-1913
-1908
-1900
-1890
-1878
-1865
-1852
-1835
-1816
-1799
-1779
-1758
-1739
-1721
-1701
-1683
-1664
-1646
-1628
-1611
-1593
-1576
-1557
-1542
-1528
-1513
-1500
-1492
-1486
-1483
-1483
-1485
-1488
-1492
-1495
-1499
-1500
-1498
-1495
-1489
-1481
-1472
-1464
-1455
-1443
-1433
-1418
-1403
-1387
-1367
-1345
-1322
-1298
-1274
-1250
-1229
-1208
-1190
-1173
-1162
-1152
-1143
-1137
-1133
-1128
-1124
-1120
-1116
-1112
-1109
-1106
-1101
-1101
-1100
-1099
-1101
-1102
-1102
-1106
-1108
-1111
-1114
-1117
-1118
-1119
-1121
-1119
-1117
-1115
-1111
-1109
-1108
-1106
-1106
-1108
-1112
-1117
-1124
-1132
-1140
-1148
-1155
-1161
-1165
-1171
-1173
-1176
-1177
-1178
-1178
-1179
-1178
-1177
-1177
-1173
-1171
-1169
-1163
-1159
-1152
-1146
-1138
-1128
-1116
-1100
-1083
-1063
-1045
-1025
-1004
-982
-961
-940
-922
-904
-884
-868
-850
-834
-818
-803
-787
-771
-755
-739
-723
-708
-694
-678
-662
-646
-631
-617
-604
-591
-580
-570
-562
-554
-549
-544
-541
-537
-533
-529
-526
-521
-518
-510
-505
-498
-490
-482
-476
-468
-462
-458
-453
-449
-448
-446
-444
-443
-442
-440
-438
-435
-431
-426
-420
-415
-410
-404
-399
-396
-394
-391
-389
-388
-387
-387
-388
-387
-389
-390
-392
-396
-399
-403
-409
-416
-422
-431
-438
-447
-452
-459
-462
-468
-470
-473
-476
-479
-484
-488
-495
-501
-508
-516
-523
-532
-538
-544
-549
-551
-556
-558
-562
-565
-570
-577
-584
-591
-600
-609
-617
-627
-637
-645
-652
-661
-671
-681
-690
-699
-710
-720
-730
-741
-751
-762
-774
-785
-797
-808
-822
-833
-846
-858
-869
-879
-891
-901
-911
-923
-934
-947
-958
-972
-987
-1002
-1017
-1030
-1043
-1058
-1071
-1083
-1095
-1106
-1115
-1125
-1135
-1146
-1151
-1159
-1165
-1172
-1178
-1185
-1190
-1198
-1206
-1216
-1226
-1240
-1255
-1269
-1285
-1302
-1318
-1333
-1347
-1358
-1368
-1375
-1380
-1382
-1383
-1383
-1377
-1368
-1353
-1333
-1304
-1261
-1203
-1130
-1036
-926
-802
-669
-537
-418
-319
-242
-186
-133
-52
106
407
932
1748
2047
2047
2047
2047
2047
2047
2047
2047
2047
2047
2047
2047
2047
2047
2047
2047
2047
2047
2047
2047
2047
2047
2047
2047
2047
2047
2047
2047
2047
2047
2047
2047
2047
2047
2047
2047
2047
2047
2047
2047
2047
2047
2047
2047
2047
2047
2047
2047
2047
2047
2047
2047
1235
382
-213
-598
-835
-984
-1092
-1190
-1296
-1413
-1541
-1670
-1795
-1908
-2006
-2048
-2048
-2048
-2048
-2048
-2048
-2048
-2048
-2048
-2048
-2048
-2048
-2048
-2048
-2048
-2048
-2048
-2048
-2048
-2043
-2023
-2006
-1986
-1972
-1960
-1948
-1937
-1930
-1923
-1917
-1913
-1910
-1906
-1906
-1904
-1906
-1908
-1910
-1913
-1918
-1923
-1929
-1934
-1943
-1951
-1962
-1973
-1985
-2000
-2014
-2027
-2039
-2048
-2048
-2048
-2048
-2048
-2048
-2048
-2043
-2033
-2022
-2013
-2006
-2002
-2001
-2002
-2006
-2013
-2018
-2025
-2032
-2039
-2046
-2048
-2048
-2048
-2048
-2048
-2048
-2048
-2048
-2048
-2048
-2048
-2048
-2048
-2048
-2048
-2048
-2048
-2048
-2048
-2048
-2048
-2048
-2048
-2048
-2048
-2048
-2048
-2048
-2048
-2048
-2048
-2048
-2048
-2048
-2048
-2048
-2048
-2048
-2048
-2048
-2048
-2048
-2048
-2048
-2048
-2048
-2048
-2048
-2048
-2048
-2048
-2048
-2048
-2048
-2048
-2048
-2048
-2048
-2048
-2048
-2048
-2048
-2048
-2048
-2048
-2048
-2048
-2048
-2048
-2048
-2048
-2048
-2048
-2048
-2048
-2048
-2048
-2048
-2048
-2048
-2048
-2048
-2048
-2048
-2048
-2048
-2048
-2048
-2048
-2048
-2048
-2048
-2048
-2048
-2048
-2048
-2043
-2040
-2035
-2034
-2034
-2033
-2035
-2037
-2040
-2044
-2048
-2048
-2048
-2048
-2048
-2048
-2048
-2048
-2048
-2048
-2048
-2044
-2038
-2030
-2024
-2018
-2012
-2006
-2002
-1998
-1993
-1988
-1982
-1977
-1972
-1965
-1959
-1954
-1947
-1941
-1933
-1928
-1920
-1917
-1908
-1903
-1895
-1887
-1876
-1865
-1851
-1836
-1820
-1801
-1784
-1764
-1744
-1723
-1703
-1683
-1664
-1647
-1627
-1611
-1592
-1574
-1556
-1538
-1520
-1503
-1490
-1476
-1466
-1459
-1454
-1452
-1453
-1456
-1458
-1464
-1466
-1467
-1468
-1464
-1459
-1453
-1447
-1438
-1428
-1418
-1407
-1394
-1380
-1365
-1347
-1327
-1304
-1281
-1257
-1234
-1211
-1192
-1173
-1157
-1144
-1135
-1125
-1119
-1114
-1108
-1105
-1102
-1098
-1094
-1091
-1088
-1085
-1083
-1080
-1080
-1081
-1082
-1083
-1086
-1087
-1090
-1093
-1094
-1097
-1099
-1099
-1098
-1096
-1093
-1090
-1085
-1082
-1080
-1078
-1079
-1082
-1086
-1090
-1098
-1106
-1113
-1121
-1127
-1132
-1136
-1139
-1141
-1143
-1144
-1145
-1143
-1144
-1141
-1140
-1140
-1136
-1133
-1129
-1125
-1120
-1114
-1105
-1096
-1086
-1071
-1056
-1040
-1021
-1000
-980
-957
-937
-915
-895
-876
-858
-839
-822
-804
-790
-772
-755
-739
-723
-708
-692
-676
-661
-646
-632
-618
-602
-587
-575
-562
-551
-543
-536
-530
-525
-522
-519
-516
-515
-512
-509
-506
-502
-496
-493
-486
-479
-475
-467
-462
-458
-453
-450
-447
-447
-447
-448
-448
-447
-448
-446
-444
-442
-438
-433
-427
-422
-417
-413
-409
-404
-402
-398
-397
-396
-395
-394
-394
-394
-395
-396
-398
-401
-403
-408
-412
-418
-424
-431
-436
-443
-446
-451
-454
-455
-457
-459
-459
-462
-466
-469
-473
-479
-485
-492
-498
-506
-510
-515
-517
-520
-522
-524
-528
-532
-536
-541
-553
-558
-568
-577
-585
-594
-603
-610
-619
-627
-637
-647
-656
-666
-675
-686
-696
-708
-718
-730
-742
-753
-767
-779
-793
-806
-816
-829
-840
-852
-864
-875
-885
-896
-909
-921
-935
-949
-964
-979
-993
-1006
-1022
-1035
-1048
-1060
-1072
-1082
-1092
-1102
-1109
-1118
-1126
-1132
-1137
-1143
-1147
-1154
-1160
-1169
-1177
-1189
-1202
-1216
-1231
-1246
-1264
-1282
-1297
-1312
-1325
-1336
-1345
-1352
-1357
-1358
-1358
-1354
-1347
-1336
-1319
-1293
-1256
-1204
-1135
-1049
-944
-824
-693
-561
-437
-332
-249
-189
-137
-69
62
316
773
1503
2047
2047
2047
2047
2047
2047
2047
2047
2047
2047
2047
2047
2047
2047
2047
2047
2047
2047
2047
2047
2047
2047
2047
2047
2047
2047
2047
2047
2047
2047
2047
2047
2047
2047
2047
2047
2047
2047
2047
2047
2047
2047
2047
2047
2047
2047
2047
2047
2047
2047
2047
2047
1525
594
-69
-508
-779
-946
-1061
-1159
-1260
-1373
-1497
-1625
-1752
-1869
-1970
-2048
-2048
-2048
-2048
-2048
-2048
-2048
-2048
-2048
-2048
-2048
-2048
-2048
-2048
-2048
-2048
-2048
-2048
-2046
-2024
-2003
-1985
-1966
-1950
-1936
-1923
-1911
-1903
-1896
-1889
-1884
-1879
-1876
-1873
-1874
-1873
-1873
-1875
-1879
-1884
-1888
-1894
-1901
-1909
-1917
-1928
-1938
-1952
-1965
-1981
-1996
-2009
-2020
-2033
-2040
-2043
-2044
-2040
-2033
-2025
-2015
-2005
-1997
-1989
-1984
-1983
-1984
-1986
-1993
-1998
-2004
-2012
-2020
-2025
-2032
-2036
-2043
-2047
-2048
-2048
-2048
-2048
-2048
-2048
-2048
-2048
-2048
-2048
-2048
-2048
-2048
-2048
-2048
-2048
-2048
-2048
-2048
-2048
-2048
-2048
-2048
-2048
-2048
-2048
-2048
-2048
-2048
-2048
-2048
-2048
-2048
-2048
-2048
-2048
-2048
-2048
-2048
-2048
-2048
-2048
-2048
-2048
-2048
-2048
-2048
-2048
-2048
-2048
-2048
-2048
-2048
-2048
-2048
-2048
-2048
-2048
-2048
-2048
-2048
-2047
-2047
-2048
-2048
-2048
-2048
-2048
-2048
-2048
-2048
-2048
-2048
-2048
-2048
-2048
-2048
-2048
-2048
-2048
-2048
-2048
-2048
-2048
-2048
-2048
-2048
-2048
-2048
-2048
-2048
-2048
-2045
-2040
-2038
-2036
-2035
-2036
-2037
-2038
-2041
-2044
-2048
-2048
-2048
-2048
-2048
-2048
-2048
-2048
-2048
-2048
-2048
-2048
-2042
-2034
-2027
-2019
-2013
-2008
-2002
-1996
-1990
-1985
-1980
-1973
-1967
-1960
-1954
-1945
-1938
-1930
-1924
-1917
-1910
-1901
-1895
-1889
-1880
-1871
-1861
-1849
-1836
-1820
-1804
-1786
-1768
-1747
-1727
-1706
-1685
-1666
-1647
-1628
-1608
-1591
-1573
-1554
-1537
-1518
-1499
-1483
-1465
-1456
-1445
-1437
-1431
-1430
-1430
-1432
-1436
-1440
-1444
-1445
-1445
-1443
-1439
-1433
-1425
-1416
-1408
-1397
-1388
-1374
-1362
-1347
-1328
-1310
-1289
-1266
-1244
-1220
-1197
-1177
-1158
-1143
-1129
-1118
-1109
-1103
-1097
-1093
-1089
-1086
-1082
-1079
-1076
-1074
-1070
-1068
-1067
-1065
-1067
-1067
-1069
-1070
-1074
-1074
-1078
-1080
-1083
-1083
-1083
-1083
-1082
-1080
-1076
-1071
-1068
-1065
-1066
-1066
-1068
-1070
-1076
-1082
-1091
-1100
-1107
-1113
-1119
-1121
-1126
-1128
-1131
-1130
-1131
-1129
-1129
-1128
-1126
-1124
-1121
-1118
-1112
-1109
-1103
-1097
-1090
-1080
-1069
-1055
-1040
-1023
-1005
-984
-963
-941
-921
-900
-880
-861
-841
-823
-806
-789
-772
-757
-742
-728
-712
-698
-683
-670
-653
-641
-627
-613
-601
-587
-574
-563
-554
-546
-537
-533
-528
-524
-523
-522
-520
-518
-516
-514
-511
-508
-504
-499
-492
-487
-482
-476
-472
-467
-463
-460
-460
-458
-459
-458
-457
-456
-454
-451
-448
-444
-438
-433
-426
-421
-414
-410
-405
-401
-397
-396
-392
-391
-391
-389
-390
-391
-390
-392
-393
-395
-399
-403
-408
-413
-421
-425
-429
-435
-437
-440
-442
-443
-444
-447
-449
-451
-455
-460
-465
-471
-478
-483
-491
-495
-497
-502
-504
-506
-508
-510
-512
-517
-524
-530
-538
-547
-555
-564
-573
-581
-590
-599
-608
-617
-628
-637
-648
-657
-668
-679
-690
-700
-710
-722
-732
-746
-758
-771
-782
-796
-807
-820
-831
-841
-853
-864
-876
-889
-902
-914
-928
-944
-958
-973
-988
-1002
-1016
-1028
-1041
-1052
-1064
-1074
-1083
-1093
-1102
-1109
-1116
-1123
-1130
-1137
-1144
-1152
-1161
-1172
-1182
-1197
-1211
-1227
-1243
-1261
-1277
-1295
-1310
-1323
-1336
-1345
-1350
-1356
-1357
-1358
-1355
-1348
-1337
-1321
-1297
-1262
-1212
-1147
-1063
-963
-844
-714
-582
-457
-346
-258
-195
-143
-83
31
254
662
1331
2047
2047
2047
2047
2047
2047
2047
2047
2047
2047
2047
2047
2047
2047
2047
2047
2047
2047
2047
2047
2047
2047
2047
2047
2047
2047
2047
2047
2047
2047
2047
2047
2047
2047
2047
2047
2047
2047
2047
2047
2047
2047
2047
2047
2047
2047
2047
2047
2047
2047
2047
2047
1736
750
35
-442
-742
-927
-1047
-1145
-1244
-1354
-1474
-1603
-1730
-1847
-1953
-2039
-2048
-2048
-2048
-2048
-2048
-2048
-2048
-2048
-2048
-2048
-2048
-2048
-2048
-2048
-2048
-2048
-2048
-2033
-2011
-1989
-1970
-1951
-1934
-1918
-1904
-1893
-1883
-1872
-1871
-1863
-1859
-1855
-1855
-1853
-1852
-1852
-1856
-1859
-1865
-1868
-1874
-1882
-1889
-1899
-1910
-1923
-1934
-1949
-1965
-1980
-1995
-2010
-2021
-2031
-2035
-2039
-2037
-2032
-2025
-2016
-2005
-1997
-1991
-1986
-1983
-1986
-1987
-1992
-1998
-2005
-2013
-2020
-2026
-2033
-2039
-2045
-2048
-2048
-2048
-2048
-2048
-2048
-2048
-2048
-2048
-2048
-2048
-2048
-2048
-2048
-2048
-2048
-2048
-2048
-2048
-2048
-2048
-2048
-2048
-2048
-2048
-2048
-2048
-2048
-2048
-2048
-2048
-2048
-2048
-2048
-2048
-2048
-2048
-2048
-2048
-2048
-2048
-2048
-2048
-2048
-2048
-2048
-2048
-2048
-2048
-2048
-2048
-2048
-2048
-2048
-2048
-2048
-2048
-2048
-2048
-2048
-2048
-2048
-2048
-2048
-2048
-2048
-2048
-2048
-2048
-2048
-2048
-2048
-2048
-2048
-2048
-2048
-2048
-2048
-2048
-2048
-2048
-2048
-2048
-2048
-2048
-2048
-2048
-2048
-2048
-2048
-2048
-2048
-2048
-2048
-2048
-2048
-2048
-2048
-2048
-2048
-2048
-2048
-2048
-2048
-2048
-2048
-2048
-2048
-2048
-2048
-2048
-2048
-2048
-2048
-2048
-2048
-2044
-2036
-2027
-2018
-2012
-2004
-1997
-1991
-1983
-1975
-1968
-1960
-1954
-1945
-1936
-1928
-1919
-1913
-1905
-1896
-1889
-1881
-1874
-1865
-1854
-1845
-1833
-1819
-1803
-1787
-1768
-1749
-1728
-1707
-1687
-1667
-1646
-1627
-1609
-1589
-1572
-1554
-1537
-1519
-1502
-1485
-1467
-1452
-1439
-1427
-1422
-1417
-1415
-1416
-1419
-1422
-1429
-1434
-1436
-1438
-1436
-1433
-1430
-1423
-1416
-1406
-1397
-1387
-1376
-1364
-1350
-1333
-1316
-1294
-1272
-1249
-1227
-1204
-1182
-1163
-1145
-1131
-1120
-1112
-1103
-1097
-1093
-1088
-1084
-1080
-1076
-1072
-1069
-1066
-1062
-1062
-1060
-1060
-1060
-1062
-1063
-1065
-1067
-1070
-1072
-1075
-1075
-1077
-1075
-1075
-1071
-1069
-1063
-1058
-1056
-1053
-1052
-1051
-1055
-1058
-1064
-1070
-1077
-1083
-1090
-1094
-1097
-1101
-1102
-1103
-1103
-1102
-1102
-1100
-1099
-1097
-1096
-1094
-1089
-1085
-1081
-1077
-1072
-1065
-1056
-1046
-1035
-1021
-1006
-989
-971
-951
-931
-912
-893
-876
-859
-842
-825
-810
-797
-782
-768
-755
-742
-728
-715
-703
-690
-678
-665
-652
-639
-627
-615
-604
-594
-583
-575
-568
-563
-560
-557
-554
-552
-551
-548
-547
-544
-541
-535
-531
-524
-518
-512
-503
-498
-489
-483
-478
-474
-471
-468
-466
-464
-462
-460
-458
-454
-448
-442
-436
-428
-421
-413
-406
-400
-394
-389
-385
-381
-378
-376
-374
-372
-370
-369
-367
-367
-368
-371
-373
-377
-382
-387
-393
-398
-404
-409
-412
-416
-419
-419
-421
-423
-426
-428
-432
-437
-445
-451
-458
-466
-472
-478
-483
-486
-489
-492
-495
-499
-504
-507
-512
-521
-528
-538
-546
-555
-564
-572
-580
-589
-599
-608
-617
-628
-636
-646
-658
-668
-680
-690
-701
-713
-726
-738
-752
-765
-778
-790
-803
-816
-826
-837
-847
-858
-870
-880
-892
-906
-918
-932
-947
-963
-976
-991
-1004
-1018
-1031
-1043
-1054
-1067
-1075
-1084
-1093
-1101
-1108
-1114
-1120
-1125
-1133
-1139
-1144
-1152
-1164
-1176
-1188
-1203
-1218
-1235
-1252
-1267
-1284
-1298
-1311
-1319
-1327
-1332
-1335
-1336
-1334
-1330
-1320
-1305
-1283
-1253
-1207
-1147
-1069
-973
-860
-733
-602
-474
-359
-266
-198
-146
-90
3
190
539
1130
2027
2047
2047
2047
2047
2047
2047
2047
2047
2047
2047
2047
2047
2047
2047
2047
2047
2047
2047
2047
2047
2047
2047
2047
2047
2047
2047
2047
2047
2047
2047
2047
2047
2047
2047
2047
2047
2047
2047
2047
2047
2047
2047
2047
2047
2047
2047
2047
2047
2047
2047
2047
2047
989
206
-328
-667
-874
-1007
-1107
-1203
-1308
-1426
-1552
-1677
-1798
-1906
-1996
-2048
-2048
-2048
-2048
-2048
-2048
-2048
-2048
-2048
-2048
-2048
-2048
-2048
-2048
-2048
-2048
-2034
-2010
-1988
-1966
-1946
-1927
-1909
-1894
-1881
-1870
-1859
-1854
-1847
-1840
-1838
-1835
-1832
-1833
-1834
-1834
-1837
-1841
-1846
-1852
-1858
-1867
-1874
-1885
-1894
-1906
-1920
-1934
-1950
-1965
-1980
-1995
-2009
-2017
-2024
-2027
-2026
-2023
-2017
-2008
-1999
-1989
-1982
-1977
-1975
-1974
-1975
-1982
-1987
-1994
-2002
-2011
-2018
-2024
-2030
-2035
-2042
-2047
-2048
-2048
-2048
-2048
-2048
-2048
-2048
-2048
-2048
-2048
-2048
-2048
-2048
-2048
-2048
-2048
-2048
-2048
-2048
-2048
-2048
-2048
-2048
-2048
-2048
-2048
-2048
-2048
-2048
-2048
-2048
-2048
-2048
-2048
-2048
-2048
-2048
-2048
-2048
-2048
-2048
-2048
-2048
-2048
-2048
-2048
-2048
-2048
-2048
-2048
-2048
-2048
-2048
-2048
-2048
-2048
-2048
-2048
-2047
-2048
-2047
-2048
-2048
-2048
-2048
-2048
-2048
-2048
-2048
-2048
-2048
-2048
-2048
-2048
-2048
-2048
-2048
-2048
-2048
-2048
-2048
-2048
-2048
-2048
-2048
-2048
-2048
-2048
-2048
-2048
-2048
-2048
-2048
-2048
-2048
-2048
-2048
-2048
-2048
-2048
-2048
-2048
-2048
-2048
-2048
-2048
-2048
-2048
-2048
-2048
-2048
-2048
-2048
-2048
-2044
-2036
-2025
-2015
-2005
-1997
-1988
-1980
-1971
-1963
-1955
-1945
-1937
-1928
-1918
-1908
-1900
-1891
-1880
-1871
-1862
-1853
-1844
-1835
-1825
-1814
-1801
-1788
-1772
-1758
-1739
-1719
-1700
-1679
-1658
-1637
-1619
-1599
-1581
-1563
-1544
-1527
-1511
-1494
-1477
-1461
-1443
-1429
-1418
-1407
-1400
-1394
-1393
-1395
-1400
-1405
-1412
-1417
-1422
-1425
-1427
-1426
-1424
-1418
-1412
-1405
-1398
-1390
-1380
-1369
-1355
-1340
-1322
-1303
-1281
-1259
-1237
-1215
-1194
-1174
-1156
-1141
-1129
-1120
-1112
-1106
-1100
-1095
-1092
-1086
-1083
-1077
-1072
-1069
-1065
-1062
-1059
-1058
-1056
-1055
-1057
-1056
-1056
-1057
-1058
-1058
-1058
-1057
-1054
-1051
-1048
-1044
-1038
-1033
-1028
-1024
-1021
-1021
-1023
-1026
-1030
-1036
-1043
-1050
-1057
-1062
-1066
-1069
-1073
-1074
-1075
-1077
-1078
-1076
-1077
-1075
-1073
-1073
-1071
-1068
-1066
-1062
-1059
-1053
-1048
-1039
-1029
-1017
-1005
-991
-973
-955
-936
-918
-900
-884
-866
-850
-835
-820
-806
-793
-780
-766
-753
-739
-726
-715
-701
-689
-676
-664
-651
-640
-627
-615
-604
-594
-584
-577
-572
-568
-562
-560
-556
-554
-552
-550
-545
-542
-536
-531
-525
-518
-511
-504
-496
-488
-482
-476
-471
-468
-462
-461
-458
-455
-453
-449
-444
-439
-431
-425
-418
-408
-400
-392
-386
-379
-373
-366
-363
-357
-356
-352
-350
-348
-347
-345
-346
-347
-349
-351
-355
-359
-364
-371
-378
-383
-389
-394
-398
-401
-405
-405
-407
-410
-415
-418
-424
-431
-437
-445
-453
-462
-467
-474
-479
-482
-486
-489
-493
-496
-502
-508
-515
-525
-533
-541
-552
-561
-568
-578
-586
-595
-604
-614
-624
-634
-644
-654
-665
-674
-686
-696
-707
-720
-731
-742
-756
-767
-779
-792
-803
-813
-823
-833
-844
-853
-864
-876
-887
-898
-911
-925
-938
-951
-965
-977
-989
-1000
-1011
-1022
-1031
-1040
-1048
-1055
-1064
-1070
-1074
-1080
-1085
-1091
-1096
-1103
-1110
-1120
-1132
-1144
-1158
-1173
-1191
-1209
-1225
-1241
-1256
-1271
-1280
-1289
-1297
-1301
-1303
-1304
-1301
-1293
-1283
-1264
-1236
-1197
-1143
-1071
-983
-874
-752
-622
-494
-377
-281
-208
-154
-106
-28
129
431
955
1773
2047
2047
2047
2047
2047
2047
2047
2047
2047
2047
2047
2047
2047
2047
2047
2047
2047
2047
2047
2047
2047
2047
2047
2047
2047
2047
2047
2047
2047
2047
2047
2047
2047
2047
2047
2047
2047
2047
2047
2047
2047
2047
2047
2047
2047
2047
2047
2047
2047
2047
2047
2047
1207
373
-204
-575
-804
-944
-1049
-1143
-1244
-1360
-1483
-1610
-1733
-1843
-1936
-2012
-2048
-2048
-2048
-2048
-2048
-2048
-2048
-2048
-2048
-2048
-2048
-2048
-2048
-2048
-2031
-2009
-1988
-1965
-1945
-1927
-1908
-1893
-1879
-1866
-1857
-1848
-1840
-1836
-1831
-1827
-1827
-1825
-1826
-1826
-1828
-1831
-1837
-1842
-1849
-1855
-1863
-1870
-1881
-1892
-1904
-1918
-1933
-1949
-1964
-1981
-1997
-2011
-2023
-2031
-2034
-2036
-2033
-2028
-2019
-2010
-2000
-1991
-1984
-1981
-1979
-1979
-1982
-1986
-1991
-1997
-2004
-2009
-2014
-2018
-2022
-2026
-2031
-2033
-2036
-2040
-2045
-2048
-2048
-2048
-2048
-2048
-2048
-2048
-2048
-2048
-2048
-2048
-2048
-2048
-2048
-2048
-2048
-2048
-2048
-2048
-2048
-2048
-2048
-2048
-2048
-2048
-2048
-2048
-2048
-2048
-2048
-2048
-2048
-2048
-2048
-2048
-2048
-2048
-2048
-2048
-2048
-2048
-2048
-2048
-2048
-2048
-2048
-2048
-2048
-2048
-2048
-2048
-2048
-2048
-2048
-2048
-2048
-2048
-2048
-2048
-2048
-2048
-2048
-2048
-2048
-2048
-2048
-2048
-2048
-2048
-2048
-2048
-2048
-2048
-2048
-2048
-2048
-2048
-2048
-2048
-2048
-2048
-2048
-2048
-2048
-2048
-2048
-2048
-2048
-2048
-2048
-2048
-2048
-2048
-2048
-2048
-2048
-2048
-2048
-2048
-2048
-2048
-2048
-2048
-2048
-2048
-2048
-2048
-2048
-2048
-2045
-2034
-2023
-2013
-2002
-1991
-1980
-1971
-1961
-1952
-1944
-1934
-1925
-1914
-1905
-1894
-1885
-1876
-1868
-1858
-1851
-1841
-1832
-1824
-1816
-1807
-1797
-1784
-1772
-1757
-1743
-1725
-1709
-1689
-1669
-1649
-1630
-1612
-1593
-1577
-1559
-1543
-1528
-1512
-1496
-1481
-1465
-1449
-1436
-1424
-1415
-1407
-1404
-1403
-1405
-1408
-1415
-1421
-1428
-1434
-1439
-1441
-1441
-1439
-1436
-1431
-1424
-1416
-1408
-1400
-1389
-1377
-1363
-1346
-1328
-1306
-1284
-1260
-1237
-1215
-1194
-1174
-1158
-1144
-1131
-1121
-1114
-1106
-1099
-1093
-1087
-1081
-1075
-1069
-1063
-1058
-1053
-1048
-1044
-1041
-1040
-1038
-1038
-1038
-1036
-1037
-1036
-1036
-1034
-1033
-1029
-1026
-1022
-1017
-1011
-1008
-1003
-1002
-1001
-1003
-1006
-1013
-1020
-1027
-1035
-1043
-1050
-1056
-1061
-1066
-1069
-1072
-1075
-1078
-1079
-1081
-1083
-1083
-1084
-1084
-1083
-1083
-1082
-1079
-1075
-1071
-1064
-1056
-1047
-1035
-1020
-1004
-988
-970
-952
-934
-917
-901
-885
-869
-855
-843
-828
-815
-802
-788
-776
-762
-751
-736
-725
-711
-698
-685
-672
-658
-645
-634
-621
-612
-600
-595
-589
-582
-578
-574
-570
-567
-564
-560
-554
-549
-542
-535
-528
-520
-509
-502
-494
-485
-478
-473
-467
-462
-458
-453
-452
-448
-444
-440
-433
-427
-418
-412
-402
-396
-387
-380
-373
-367
-362
-361
-355
-352
-349
-348
-345
-345
-345
-344
-345
-348
-352
-356
-360
-366
-374
-379
-387
-394
-399
-404
-406
-410
-412
-416
-419
-423
-428
-433
-440
-448
-456
-464
-472
-480
-487
-491
-495
-500
-502
-506
-510
-515
-521
-529
-537
-547
-556
-565
-574
-583
-592
-601
-611
-621
-630
-638
-648
-657
-667
-676
-686
-694
-704
-714
-725
-734
-744
-755
-766
-775
-788
-797
-806
-814
-823
-831
-842
-850
-861
-872
-883
-894
-907
-919
-932
-945
-955
-967
-979
-989
-1002
-1011
-1020
-1027
-1036
-1043
-1051
-1059
-1064
-1070
-1077
-1082
-1090
-1099
-1109
-1121
-1134
-1150
-1167
-1185
-1204
-1220
-1239
-1256
-1270
-1284
-1294
-1304
-1311
-1315
-1318
-1316
-1312
-1304
-1288
-1264
-1229
-1180
-1115
-1029
-927
-810
-682
-552
-434
-332
-254
-198
-150
-85
46
304
763
1501
2047
2047
2047
2047
2047
2047
2047
2047
2047
2047
2047
2047
2047
2047
2047
2047
2047
2047
2047
2047
2047
2047
2047
2047
2047
2047
2047
2047
2047
2047
2047
2047
2047
2047
2047
2047
2047
2047
2047
2047
2047
2047
2047
2047
2047
2047
2047
2047
2047
2047
2047
2047
1475
574
-63
-480
-736
-894
-1005
-1100
-1198
-1310
-1432
-1560
-1685
-1798
-1897
-1977
-2039
-2048
-2048
-2048
-2048
-2048
-2048
-2048
-2048
-2048
-2048
-2048
-2048
-2048
-2032
-2012
-1991
-1971
-1950
-1934
-1917
-1901
-1888
-1876
-1866
-1859
-1854
-1848
-1845
-1842
-1842
-1841
-1842
-1843
-1846
-1851
-1855
-1862
-1869
-1877
-1884
-1894
-1904
-1913
-1925
-1938
-1952
-1967
-1981
-1998
-2012
-2023
-2033
-2040
-2044
-2043
-2039
-2032
-2021
-2010
-1997
-1985
-1977
-1971
-1967
-1965
-1965
-1967
-1971
-1976
-1980
-1984
-1989
-1992
-1994
-1997
-1999
-2004
-2006
-2007
-2012
-2015
-2019
-2024
-2028
-2031
-2035
-2039
-2045
-2048
-2048
-2048
-2048
-2048
-2048
-2048
-2048
-2048
-2048
-2048
-2048
-2048
-2048
-2048
-2048
-2048
-2048
-2048
-2048
-2048
-2048
-2048
-2048
-2048
-2048
-2048
-2048
-2048
-2048
-2048
-2048
-2048
-2048
-2048
-2048
-2048
-2048
-2048
-2048
-2048
-2048
-2048
-2048
-2048
-2048
-2048
-2048
-2048
-2048
-2048
-2048
-2048
-2048
-2048
-2048
-2048
-2048
-2048
-2048
-2048
-2048
-2048
-2048
-2048
-2048
-2048
-2048
-2048
-2048
-2048
-2048
-2048
-2048
-2048
-2048
-2048
-2048
-2048
-2048
-2048
-2048
-2048
-2048
-2048
-2048
-2048
-2048
-2048
-2048
-2048
-2048
-2048
-2048
-2048
-2048
-2048
-2044
-2039
-2031
-2021
-2011
-1999
-1989
-1978
-1967
-1957
-1946
-1937
-1927
-1919
-1910
-1901
-1892
-1883
-1874
-1865
-1858
-1849
-1842
-1833
-1825
-1816
-1810
-1803
-1796
-1789
-1779
-1769
-1758
-1747
-1732
-1717
-1699
-1683
-1664
-1646
-1627
-1611
-1594
-1578
-1563
-1546
-1533
-1518
-1504
-1489
-1475
-1461
-1449
-1439
-1428
-1421
-1417
-1416
-1416
-1422
-1426
-1433
-1441
-1447
-1451
-1454
-1454
-1452
-1448
-1443
-1436
-1427
-1417
-1408
-1396
-1383
-1369
-1352
-1330
-1308
-1286
-1261
-1236
-1213
-1190
-1170
-1150
-1136
-1122
-1110
-1101
-1092
-1084
-1078
-1071
-1065
-1058
-1052
-1046
-1040
-1035
-1029
-1026
-1022
-1020
-1020
-1018
-1019
-1017
-1018
-1018
-1019
-1019
-1018
-1015
-1012
-1008
-1004
-999
-994
-992
-989
-988
-989
-993
-999
-1005
-1014
-1023
-1032
-1040
-1049
-1055
-1060
-1064
-1069
-1072
-1075
-1077
-1080
-1080
-1083
-1086
-1086
-1087
-1088
-1086
-1085
-1083
-1079
-1074
-1067
-1058
-1046
-1035
-1020
-1004
-986
-968
-951
-933
-917
-901
-886
-871
-857
-844
-829
-816
-801
-787
-774
-761
-748
-733
-720
-706
-692
-678
-665
-650
-637
-625
-613
-603
-594
-587
-581
-574
-569
-565
-561
-557
-551
-546
-540
-532
-527
-516
-508
-499
-490
-480
-472
-465
-458
-451
-447
-442
-438
-435
-432
-428
-423
-418
-412
-405
-398
-391
-382
-374
-368
-362
-355
-351
-347
-344
-343
-340
-338
-338
-337
-337
-338
-339
-341
-344
-349
-354
-361
-368
-375
-382
-389
-396
-399
-403
-407
-410
-412
-416
-420
-425
-430
-437
-444
-452
-461
-469
-475
-484
-488
-493
-496
-500
-502
-507
-510
-515
-521
-529
-536
-545
-553
-560
-566
-574
-583
-590
-598
-606
-614
-622
-630
-638
-648
-656
-664
-673
-683
-691
-702
-713
-723
-733
-744
-755
-766
-773
-784
-793
-800
-808
-819
-828
-841
-852
-864
-877
-890
-904
-916
-930
-944
-955
-970
-981
-991
-1003
-1013
-1023
-1032
-1040
-1049
-1057
-1065
-1072
-1080
-1088
-1098
-1110
-1122
-1136
-1152
-1170
-1189
-1209
-1230
-1248
-1266
-1283
-1299
-1312
-1323
-1330
-1336
-1340
-1341
-1340
-1333
-1321
-1301
-1270
-1225
-1167
-1090
-993
-880
-756
-625
-503
-395
-310
-248
-200
-143
-42
165
548
1186
2047
2047
2047
2047
2047
2047
2047
2047
2047
2047
2047
2047
2047
2047
2047
2047
2047
2047
2047
2047
2047
2047
2047
2047
2047
2047
2047
2047
2047
2047
2047
2047
2047
2047
2047
2047
2047
2047
2047
2047
2047
2047
2047
2047
2047
2047
2047
2047
2047
2047
2047
2047
1874
874
145
-342
-650
-838
-961
-1059
-1157
-1265
-1383
-1512
-1639
-1760
-1865
-1952
-2023
-2048
-2048
-2048
-2048
-2048
-2048
-2048
-2048
-2048
-2048
-2048
-2048
-2048
-2048
-2045
-2026
-2006
-1988
-1968
-1953
-1937
-1925
-1913
-1902
-1894
-1887
-1882
-1878
-1875
-1873
-1871
-1872
-1872
-1873
-1877
-1881
-1885
-1890
-1897
-1903
-1910
-1918
-1927
-1937
-1946
-1960
-1971
-1986
-1998
-2011
-2024
-2033
-2040
-2044
-2044
-2040
-2035
-2023
-2010
-1997
-1986
-1976
-1967
-1961
-1957
-1957
-1958
-1961
-1965
-1969
-1973
-1977
-1981
-1983
-1986
-1989
-1993
-1996
-1999
-2003
-2008
-2014
-2019
-2024
-2028
-2034
-2040
-2046
-2048
-2048
-2048
-2048
-2048
-2048
-2048
-2048
-2048
-2048
-2048
-2048
-2048
-2048
-2048
-2048
-2048
-2048
-2048
-2048
-2048
-2048
-2048
-2048
-2048
-2048
-2048
-2048
-2048
-2048
-2048
-2048
-2048
-2048
-2048
-2048
-2048
-2048
-2048
-2048
-2048
-2048
-2048
-2048
-2048
-2048
-2048
-2048
-2048
-2048
-2048
-2048
-2048
-2048
-2048
-2048
-2048
-2048
-2048
-2048
-2048
-2048
-2048
-2048
-2048
-2048
-2048
-2048
-2048
-2048
-2048
-2048
-2048
-2048
-2048
-2048
-2048
-2048
-2048
-2048
-2048
-2048
-2048
-2048
-2048
-2048
-2048
-2048
-2048
-2048
-2048
-2048
-2048
-2048
-2048
-2048
-2048
-2046
-2041
-2034
-2025
-2016
-2005
-1995
-1986
-1974
-1965
-1955
-1947
-1939
-1932
-1925
-1917
-1910
-1903
-1895
-1888
-1881
-1874
-1867
-1860
-1854
-1847
-1842
-1836
-1829
-1823
-1817
-1809
-1800
-1789
-1778
-1763
-1749
-1732
-1716
-1699
-1681
-1664
-1646
-1630
-1613
-1598
-1582
-1567
-1550
-1536
-1520
-1504
-1490
-1476
-1465
-1455
-1447
-1441
-1440
-1441
-1445
-1450
-1455
-1461
-1465
-1465
-1468
-1465
-1460
-1456
-1448
-1440
-1430
-1420
-1408
-1395
-1381
-1363
-1343
-1322
-1299
-1275
-1249
-1225
-1201
-1179
-1159
-1142
-1128
-1114
-1104
-1097
-1088
-1082
-1077
-1070
-1064
-1058
-1053
-1047
-1042
-1038
-1034
-1032
-1029
-1029
-1030
-1029
-1031
-1032
-1032
-1034
-1035
-1035
-1034
-1032
-1030
-1026
-1022
-1018
-1015
-1014
-1014
-1014
-1018
-1023
-1031
-1040
-1050
-1060
-1069
-1078
-1085
-1092
-1097
-1102
-1106
-1109
-1112
-1114
-1117
-1118
-1119
-1121
-1121
-1120
-1121
-1119
-1118
-1113
-1109
-1101
-1095
-1084
-1070
-1056
-1040
-1023
-1005
-988
-969
-951
-933
-918
-902
-886
-871
-856
-841
-827
-812
-797
-782
-768
-753
-739
-725
-711
-697
-681
-665
-651
-637
-625
-614
-603
-593
-586
-579
-573
-568
-562
-558
-551
-546
-539
-533
-525
-516
-508
-497
-488
-480
-470
-462
-454
-448
-443
-438
-434
-431
-428
-424
-420
-415
-409
-403
-396
-388
-381
-374
-366
-359
-353
-349
-345
-342
-341
-338
-337
-337
-336
-337
-338
-339
-341
-346
-351
-358
-363
-370
-377
-384
-392
-401
-405
-410
-413
-415
-419
-420
-423
-426
-430
-433
-439
-448
-453
-460
-466
-470
-477
-481
-482
-484
-485
-485
-487
-491
-496
-501
-506
-513
-520
-526
-534
-541
-548
-555
-561
-569
-577
-586
-593
-601
-609
-619
-627
-637
-647
-654
-664
-675
-686
-696
-710
-720
-731
-742
-753
-763
-773
-784
-794
-806
-818
-830
-842
-856
-871
-885
-901
-915
-928
-942
-955
-968
-981
-992
-1004
-1016
-1024
-1035
-1045
-1055
-1063
-1071
-1080
-1090
-1099
-1111
-1122
-1136
-1152
-1169
-1187
-1208
-1227
-1247
-1267
-1284
-1301
-1315
-1327
-1337
-1345
-1348
-1352
-1352
-1348
-1341
-1325
-1300
-1264
-1214
-1147
-1062
-958
-838
-711
-583
-465
-363
-286
-230
-182
-112
23
290
764
1519
2047
2047
2047
2047
2047
2047
2047
2047
2047
2047
2047
2047
2047
2047
2047
2047
2047
2047
2047
2047
2047
2047
2047
2047
2047
2047
2047
2047
2047
2047
2047
2047
2047
2047
2047
2047
2047
2047
2047
2047
2047
2047
2047
2047
2047
2047
2047
2047
2047
2047
2047
2047
1541
634
-8
-429
-690
-853
-966
-1063
-1165
-1279
-1403
-1533
-1660
-1777
-1878
-1961
-2027
-2048
-2048
-2048
-2048
-2048
-2048
-2048
-2048
-2048
-2048
-2048
-2048
-2048
-2048
-2027
-2007
-1984
-1966
-1947
-1930
-1914
-1900
-1887
-1878
-1867
-1859
-1853
-1849
-1845
-1842
-1839
-1838
-1836
-1838
-1840
-1842
-1844
-1848
-1852
-1858
-1864
-1872
-1880
-1889
-1900
-1910
-1925
-1937
-1949
-1962
-1973
-1982
-1988
-1991
-1988
-1983
-1975
-1965
-1954
-1940
-1929
-1919
-1912
-1907
-1906
-1907
-1910
-1914
-1919
-1927
-1930
-1935
-1941
-1945
-1949
-1954
-1957
-1961
-1967
-1973
-1979
-1987
-1993
-2000
-2006
-2013
-2020
-2028
-2035
-2044
-2048
-2048
-2048
-2048
-2048
-2048
-2048
-2048
-2048
-2048
-2048
-2048
-2048
-2048
-2048
-2048
-2048
-2048
-2048
-2048
-2048
-2048
-2048
-2048
-2048
-2048
-2048
-2048
-2048
-2048
-2048
-2048
-2048
-2048
-2048
-2048
-2048
-2048
-2048
-2048
-2048
-2048
-2048
-2048
-2048
-2048
-2048
-2048
-2048
-2048
-2048
-2048
-2048
-2048
-2048
-2048
-2048
-2048
-2048
-2048
-2048
-2048
-2048
-2048
-2048
-2048
-2048
-2048
-2048
-2048
-2048
-2048
-2048
-2048
-2048
-2048
-2046
-2037
-2029
-2021
-2015
-2008
-2004
-2000
-1996
-1995
-1994
-1995
-1994
-1995
-1995
-1996
-1995
-1994
-1992
-1989
-1984
-1979
-1972
-1963
-1956
-1947
-1939
-1930
-1923
-1916
-1909
-1903
-1897
-1893
-1887
-1881
-1875
-1870
-1862
-1857
-1851
-1847
-1840
-1834
-1828
-1824
-1819
-1813
-1807
-1800
-1791
-1783
-1772
-1759
-1745
-1728
-1710
-1693
-1675
-1656
-1639
-1621
-1602
-1585
-1569
-1552
-1537
-1519
-1503
-1486
-1470
-1456
-1441
-1429
-1419
-1411
-1406
-1407
-1408
-1411
-1415
-1421
-1426
-1428
-1430
-1429
-1425
-1421
-1414
-1406
-1397
-1386
-1375
-1363
-1348
-1333
-1316
-1296
-1274
-1250
-1227
-1201
-1178
-1155
-1134
-1115
-1099
-1086
-1075
-1066
-1059
-1052
-1046
-1041
-1037
-1032
-1027
-1024
-1019
-1017
-1014
-1012
-1012
-1012
-1013
-1014
-1017
-1021
-1023
-1027
-1029
-1031
-1034
-1035
-1035
-1034
-1032
-1030
-1028
-1027
-1027
-1028
-1031
-1037
-1044
-1053
-1062
-1072
-1081
-1092
-1099
-1107
-1112
-1117
-1121
-1127
-1130
-1133
-1134
-1135
-1137
-1136
-1137
-1137
-1138
-1135
-1133
-1129
-1125
-1118
-1109
-1099
-1087
-1071
-1055
-1037
-1018
-1000
-980
-960
-940
-923
-905
-890
-872
-857
-841
-825
-811
-797
-782
-765
-750
-735
-720
-705
-690
-673
-657
-641
-627
-613
-600
-589
-577
-570
-562
-556
-552
-545
-541
-536
-532
-526
-519
-513
-506
-498
-488
-480
-471
-460
-453
-446
-439
-433
-429
-424
-421
-419
-415
-413
-409
-405
-399
-394
-388
-380
-375
-367
-361
-354
-350
-346
-342
-339
-335
-334
-335
-333
-334
-334
-333
-333
-336
-338
-343
-347
-350
-358
-363
-370
-375
-380
-382
-387
-389
-391
-392
-392
-394
-397
-400
-405
-410
-416
-421
-427
-433
-437
-441
-445
-446
-447
-447
-448
-451
-454
-458
-464
-471
-478
-484
-491
-498
-505
-512
-519
-526
-535
-543
-551
-559
-568
-577
-586
-596
-605
-616
-626
-638
-649
-660
-671
-684
-697
-710
-722
-732
-744
-755
-766
-779
-792
-805
-819
-834
-850
-866
-883
-898
-913
-929
-947
-962
-975
-990
-1003
-1015
-1028
-1040
-1051
-1061
-1071
-1081
-1091
-1100
-1108
-1120
-1131
-1144
-1159
-1176
-1193
-1212
-1231
-1251
-1269
-1289
-1306
-1322
-1335
-1344
-1353
-1359
-1362
-1364
-1361
-1355
-1343
-1323
-1295
-1253
-1195
-1121
-1028
-917
-791
-661
-533
-416
-321
-250
-196
-143
-55
117
445
1007
1870
2047
2047
2047
2047
2047
2047
2047
2047
2047
2047
2047
2047
2047
2047
2047
2047
2047
2047
2047
2047
2047
2047
2047
2047
2047
2047
2047
2047
2047
2047
2047
2047
2047
2047
2047
2047
2047
2047
2047
2047
2047
2047
2047
2047
2047
2047
2047
2047
2047
2047
2047
2047
1225
404
-164
-529
-755
-898
-1004
-1103
-1207
-1324
-1452
-1580
-1704
-1818
-1912
-1990
-2048
-2048
-2048
-2048
-2048
-2048
-2048
-2048
-2048
-2048
-2048
-2048
-2048
-2048
-2036
-2015
-1993
-1971
-1952
-1932
-1915
-1899
-1884
-1871
-1860
-1849
-1841
-1835
-1829
-1824
-1821
-1817
-1815
-1815
-1816
-1818
-1820
-1823
-1827
-1833
-1839
-1845
-1852
-1859
-1868
-1882
-1894
-1907
-1920
-1934
-1946
-1959
-1968
-1975
-1977
-1975
-1971
-1963
-1954
-1943
-1933
-1924
-1915
-1910
-1908
-1908
-1912
-1917
-1922
-1927
-1935
-1942
-1949
-1955
-1960
-1965
-1971
-1976
-1983
-1990
-1996
-2003
-2011
-2019
-2026
-2033
-2040
-2047
-2048
-2048
-2048
-2048
-2048
-2048
-2048
-2048
-2048
-2048
-2048
-2048
-2048
-2048
-2048
-2048
-2048
-2048
-2048
-2048
-2048
-2048
-2048
-2048
-2048
-2048
-2048
-2048
-2048
-2048
-2048
-2048
-2048
-2048
-2048
-2048
-2048
-2048
-2048
-2048
-2048
-2048
-2048
-2048
-2048
-2048
-2048
-2048
-2048
-2048
-2048
-2048
-2048
-2048
-2048
-2048
-2048
-2048
-2048
-2048
-2048
-2048
-2048
-2048
-2048
-2048
-2048
-2048
-2048
-2048
-2048
-2048
-2048
-2048
-2048
-2048
-2048
-2048
-2041
-2033
-2024
-2016
-2010
-2003
-2000
-1996
-1994
-1994
-1994
-1995
-1996
-1998
-2000
-2003
-2005
-2007
-2006
-2005
-2003
-1999
-1995
-1989
-1980
-1972
-1964
-1956
-1950
-1941
-1935
-1929
-1923
-1918
-1913
-1907
-1900
-1894
-1888
-1882
-1875
-1869
-1864
-1856
-1849
-1843
-1838
-1832
-1826
-1818
-1810
-1801
-1789
-1778
-1762
-1748
-1732
-1713
-1696
-1676
-1658
-1639
-1622
-1604
-1587
-1570
-1554
-1537
-1520
-1504
-1488
-1472
-1457
-1442
-1432
-1422
-1416
-1413
-1411
-1413
-1416
-1421
-1424
-1430
-1432
-1431
-1429
-1426
-1419
-1413
-1405
-1395
-1384
-1372
-1360
-1347
-1331
-1313
-1293
-1270
-1247
-1224
-1199
-1177
-1154
-1135
-1118
-1104
-1093
-1083
-1076
-1069
-1064
-1061
-1056
-1052
-1049
-1046
-1043
-1041
-1038
-1037
-1036
-1036
-1038
-1040
-1043
-1046
-1049
-1054
-1057
-1061
-1063
-1065
-1066
-1066
-1065
-1064
-1062
-1061
-1060
-1061
-1063
-1067
-1073
-1081
-1090
-1100
-1112
-1121
-1130
-1139
-1146
-1151
-1157
-1161
-1164
-1167
-1168
-1170
-1170
-1171
-1171
-1170
-1169
-1166
-1165
-1162
-1157
-1151
-1143
-1134
-1121
-1108
-1093
-1075
-1056
-1035
-1016
-996
-975
-955
-936
-918
-901
-884
-867
-851
-834
-819
-802
-786
-771
-755
-740
-724
-709
-693
-677
-663
-647
-632
-621
-609
-597
-589
-581
-574
-568
-563
-559
-557
-552
-549
-543
-539
-533
-526
-519
-511
-503
-495
-487
-481
-475
-468
-463
-462
-459
-456
-453
-450
-447
-444
-440
-435
-430
-421
-414
-406
-399
-392
-386
-381
-375
-371
-368
-365
-362
-358
-358
-356
-355
-355
-356
-355
-357
-362
-365
-370
-375
-381
-386
-392
-395
-400
-400
-402
-403
-403
-404
-405
-408
-411
-414
-419
-426
-432
-437
-445
-447
-452
-455
-457
-458
-459
-459
-463
-467
-471
-479
-485
-491
-499
-507
-516
-523
-531
-538
-547
-555
-565
-574
-583
-593
-602
-612
-624
-633
-644
-654
-667
-677
-692
-705
-718
-731
-743
-755
-769
-779
-792
-804
-818
-831
-847
-861
-878
-894
-910
-926
-944
-960
-978
-994
-1009
-1024
-1038
-1054
-1065
-1078
-1088
-1100
-1109
-1121
-1129
-1140
-1148
-1156
-1167
-1179
-1192
-1206
-1222
-1239
-1258
-1277
-1296
-1315
-1332
-1347
-1362
-1373
-1382
-1389
-1393
-1394
-1393
-1390
-1381
-1366
-1343
-1310
-1264
-1204
-1124
-1027
-911
-783
-652
-524
-411
-321
-253
-201
-144
-44
153
520
1138
2047
2047
2047
2047
2047
2047
2047
2047
2047
2047
2047
2047
2047
2047
2047
2047
2047
2047
2047
2047
2047
2047
2047
2047
2047
2047
2047
2047
2047
2047
2047
2047
2047
2047
2047
2047
2047
2047
2047
2047
2047
2047
2047
2047
2047
2047
2047
2047
2047
2047
2047
2047
2047
1040
266
-261
-596
-802
-936
-1038
-1135
-1241
-1359
-1486
-1615
-1737
-1847
-1937
-2011
-2048
-2048
-2048
-2048
-2048
-2048
-2048
-2048
-2048
-2048
-2048
-2048
-2048
-2048
-2033
-2012
-1988
-1967
-1946
-1928
-1909
-1893
-1879
-1866
-1854
-1845
-1838
-1831
-1825
-1821
-1816
-1815
-1815
-1814
-1815
-1817
-1818
-1822
-1827
-1832
-1839
-1845
-1853
-1862
-1873
-1885
-1900
-1914
-1928
-1941
-1957
-1968
-1978
-1983
-1984
-1983
-1979
-1971
-1963
-1953
-1943
-1934
-1928
-1926
-1925
-1925
-1929
-1936
-1943
-1951
-1959
-1966
-1974
-1979
-1986
-1992
-1999
-2004
-2011
-2017
-2023
-2032
-2039
-2047
-2048
-2048
-2048
-2048
-2048
-2048
-2048
-2048
-2048
-2048
-2048
-2048
-2048
-2048
-2048
-2048
-2048
-2048
-2048
-2048
-2048
-2048
-2048
-2048
-2048
-2048
-2048
-2048
-2048
-2048
-2048
-2048
-2048
-2048
-2048
-2048
-2048
-2048
-2048
-2048
-2048
-2048
-2048
-2048
-2048
-2048
-2048
-2048
-2048
-2048
-2048
-2048
-2048
-2048
-2048
-2048
-2048
-2048
-2048
-2048
-2048
-2048
-2048
-2048
-2048
-2048
-2048
-2048
-2048
-2048
-2048
-2048
-2048
-2048
-2048
-2048
-2048
-2048
-2048
-2048
-2048
-2048
-2039
-2031
-2025
-2019
-2012
-2009
-2006
-2004
-2003
-2003
-2005
-2007
-2008
-2010
-2012
-2014
-2016
-2016
-2016
-2015
-2012
-2009
-2002
-1996
-1990
-1981
-1973
-1965
-1957
-1951
-1944
-1938
-1932
-1925
-1919
-1914
-1907
-1902
-1895
-1888
-1880
-1874
-1867
-1862
-1854
-1849
-1842
-1836
-1829
-1821
-1812
-1802
-1791
-1777
-1763
-1748
-1731
-1712
-1693
-1673
-1654
-1635
-1617
-1598
-1579
-1562
-1545
-1526
-1510
-1492
-1475
-1458
-1443
-1428
-1417
-1407
-1399
-1395
-1395
-1395
-1399
-1405
-1408
-1413
-1415
-1415
-1414
-1408
-1404
-1396
-1389
-1380
-1370
-1359
-1347
-1335
-1318
-1303
-1284
-1263
-1239
-1216
-1194
-1173
-1151
-1132
-1117
-1103
-1093
-1084
-1078
-1073
-1069
-1065
-1061
-1060
-1057
-1054
-1051
-1049
-1049
-1048
-1050
-1050
-1053
-1054
-1058
-1062
-1067
-1072
-1075
-1078
-1082
-1084
-1086
-1087
-1085
-1084
-1080
-1081
-1079
-1081
-1084
-1087
-1093
-1100
-1109
-1120
-1130
-1138
-1147
-1155
-1162
-1167
-1173
-1174
-1177
-1179
-1179
-1181
-1181
-1181
-1180
-1179
-1177
-1176
-1173
-1169
-1162
-1155
-1147
-1138
-1123
-1110
-1092
-1074
-1054
-1033
-1012
-992
-970
-950
-932
-913
-896
-878
-859
-843
-828
-811
-795
-778
-763
-748
-732
-717
-702
-687
-671
-654
-640
-627
-614
-602
-592
-581
-575
-569
-564
-559
-555
-550
-546
-541
-536
-532
-523
-515
-508
-499
-491
-481
-473
-466
-457
-452
-448
-443
-439
-436
-432
-430
-428
-424
-419
-414
-407
-399
-392
-385
-377
-370
-365
-359
-353
-351
-347
-345
-341
-339
-338
-336
-335
-336
-335
-337
-339
-343
-347
-352
-356
-361
-366
-373
-376
-379
-382
-384
-384
-385
-386
-388
-390
-393
-396
-402
-408
-414
-420
-425
-430
-434
-438
-439
-440
-442
-444
-448
-453
-458
-464
-471
-479
-486
-494
-502
-509
-518
-525
-535
-545
-553
-562
-573
-582
-592
-603
-615
-625
-637
-648
-661
-673
-687
-701
-714
-727
-741
-754
-766
-779
-791
-803
-816
-831
-847
-860
-876
-892
-909
-925
-944
-959
-975
-990
-1006
-1021
-1036
-1048
-1060
-1073
-1083
-1096
-1104
-1114
-1122
-1132
-1140
-1149
-1158
-1170
-1182
-1197
-1212
-1229
-1249
-1266
-1286
-1303
-1319
-1335
-1348
-1360
-1367
-1373
-1377
-1377
-1377
-1371
-1361
-1346
-1322
-1286
-1240
-1176
-1093
-992
-876
-746
-615
-490
-376
-288
-222
-171
-109
-4
209
599
1245
2047
2047
2047
2047
2047
2047
2047
2047
2047
2047
2047
2047
2047
2047
2047
2047
2047
2047
2047
2047
2047
2047
2047
2047
2047
2047
2047
2047
2047
2047
2047
2047
2047
2047
2047
2047
2047
2047
2047
2047
2047
2047
2047
2047
2047
2047
2047
2047
2047
2047
2047
2047
2021
991
237
-276
-603
-803
-932
-1033
-1130
-1237
-1355
-1482
-1609
-1730
-1838
-1929
-2002
-2048
-2048
-2048
-2048
-2048
-2048
-2048
-2048
-2048
-2048
-2048
-2048
-2048
-2039
-2015
-1993
-1972
-1950
-1930
-1911
-1893
-1877
-1863
-1852
-1841
-1832
-1823
-1818
-1814
-1811
-1808
-1807
-1805
-1806
-1808
-1810
-1815
-1819
-1824
-1830
-1837
-1845
-1855
-1867
-1875
-1889
-1903
-1917
-1933
-1949
-1962
-1975
-1985
-1991
-1995
-1994
-1989
-1982
-1975
-1966
-1956
-1948
-1941
-1938
-1938
-1939
-1944
-1950
-1958
-1965
-1974
-1982
-1990
-1996
-2002
-2009
-2014
-2021
-2027
-2037
-2041
-2048
-2048
-2048
-2048
-2048
-2048
-2048
-2048
-2048
-2048
-2048
-2048
-2048
-2048
-2048
-2048
-2048
-2048
-2048
-2048
-2048
-2048
-2048
-2048
-2048
-2048
-2048
-2048
-2048
-2048
-2048
-2048
-2048
-2048
-2048
-2048
-2048
-2048
-2048
-2048
-2048
-2048
-2048
-2048
-2048
-2048
-2048
-2048
-2048
-2048
-2048
-2048
-2048
-2048
-2048
-2048
-2048
-2048
-2048
-2048
-2048
-2048
-2048
-2048
-2048
-2048
-2048
-2048
-2048
-2048
-2048
-2048
-2048
-2048
-2048
-2048
-2048
-2048
-2048
-2048
-2048
-2048
-2048
-2048
-2048
-2040
-2033
-2024
-2019
-2014
-2011
-2007
-2005
-2004
-2004
-2006
-2008
-2010
-2012
-2014
-2018
-2019
-2021
-2022
-2020
-2020
-2016
-2012
-2006
-1998
-1990
-1982
-1974
-1968
-1961
-1954
-1946
-1941
-1935
-1930
-1925
-1918
-1911
-1903
-1898
-1891
-1884
-1877
-1869
-1863
-1856
-1849
-1845
-1837
-1829
-1819
-1808
-1797
-1783
-1769
-1752
-1733
-1714
-1694
-1674
-1655
-1633
-1614
-1595
-1576
-1559
-1541
-1524
-1505
-1487
-1472
-1455
-1439
-1425
-1412
-1402
-1395
-1391
-1389
-1389
-1393
-1398
-1403
-1407
-1411
-1411
-1408
-1406
-1401
-1394
-1387
-1378
-1369
-1358
-1346
-1335
-1320
-1302
-1284
-1262
-1240
-1220
-1197
-1177
-1155
-1138
-1124
-1112
-1101
-1095
-1088
-1084
-1084
-1077
-1077
-1074
-1070
-1067
-1066
-1065
-1064
-1064
-1065
-1065
-1068
-1071
-1075
-1079
-1083
-1087
-1091
-1094
-1099
-1101
-1102
-1100
-1101
-1099
-1097
-1095
-1094
-1095
-1095
-1098
-1104
-1111
-1121
-1128
-1139
-1146
-1156
-1162
-1170
-1174
-1177
-1181
-1183
-1183
-1186
-1186
-1186
-1185
-1184
-1183
-1180
-1178
-1174
-1169
-1164
-1155
-1146
-1136
-1123
-1109
-1091
-1074
-1054
-1034
-1013
-992
-972
-952
-933
-915
-896
-882
-865
-848
-831
-813
-798
-782
-768
-751
-735
-720
-702
-688
-671
-656
-640
-626
-612
-599
-589
-580
-573
-565
-559
-555
-550
-547
-541
-538
-531
-527
-519
-512
-505
-495
-488
-479
-472
-464
-458
-453
-448
-444
-442
-440
-438
-437
-434
-431
-426
-421
-416
-409
-403
-394
-387
-380
-374
-369
-363
-359
-356
-352
-351
-347
-345
-343
-342
-341
-342
-342
-345
-347
-350
-355
-360
-365
-371
-375
-379
-382
-384
-384
-385
-385
-386
-386
-389
-392
-396
-402
-407
-415
-420
-425
-431
-435
-438
-441
-444
-446
-448
-451
-456
-461
-469
-476
-485
-491
-500
-508
-518
-527
-536
-544
-554
-564
-574
-586
-597
-608
-618
-631
-643
-657
-668
-682
-694
-709
-722
-737
-751
-765
-778
-790
-803
-816
-828
-841
-856
-869
-885
-901
-918
-934
-951
-968
-982
-997
-1014
-1028
-1042
-1057
-1069
-1081
-1093
-1102
-1112
-1123
-1131
-1138
-1147
-1155
-1163
-1172
-1182
-1194
-1206
-1221
-1236
-1253
-1272
-1290
-1307
-1323
-1337
-1349
-1362
-1369
-1376
-1379
-1380
-1377
-1372
-1364
-1348
-1325
-1290
-1242
-1180
