8.875000
9.750000
7.250000
23.000000
17.375000
12.500000
4.375000
8.250000
17.500000
17.125000
12.750000
-2.750000
8.000000
17.000000
19.000000
17.125000
-2.375000
-1.250000
0.500000
18.750000
14.500000
-0.375000
-1.000000
0.625000
12.750000
9.625000
4.375000
-7.250000
4.250000
16.375000
14.875000
4.875000
1.125000
4.625000
6.875000
15.875000
13.125000
9.125000
3.500000
11.375000
15.125000
18.375000
18.750000
9.375000
9.375000
17.250000
29.000000
18.125000
9.625000
4.500000
6.875000
18.750000
19.125000
18.250000
8.875000
15.125000
10.250000
14.875000
7.375000
8.875000
9.875000
8.125000
7.625000
3.375000
9.875000
5.875000
6.250000
1.125000
4.750000
5.375000
6.375000
6.500000
4.125000
7.125000
13.000000
11.500000
15.375000
5.000000
11.250000
11.875000
6.625000
17.625000
16.750000
19.125000
12.000000
13.375000
14.000000
16.500000
15.750000
19.750000
20.250000
19.875000
18.750000
11.625000
9.250000
17.375000
12.250000
8.000000
7.750000
8.375000
17.250000
9.500000
9.000000
1.375000
5.875000
9.375000
11.875000
-1.500000
3.375000
19.875000
12.500000
9.000000
-0.125000
8.000000
7.125000
18.875000
17.125000
13.875000
5.875000
2.625000
29.500000
34.000000
16.750000
-18.375000
7.000000
23.125000
41.625000
28.500000
-4.875000
-9.125000
9.875000
37.000000
26.375000
12.500000
-4.625000
4.625000
28.125000
34.125000
6.875000
-14.875000
3.375000
29.750000
32.375000
11.375000
-17.375000
-3.750000
23.375000
34.375000
8.750000
-15.125000
-4.625000
17.750000
42.125000
19.875000
-6.000000
-13.125000
11.125000
30.625000
16.250000
1.250000
-7.000000
15.250000
21.875000
23.375000
-4.375000
-9.125000
6.500000
15.875000
28.125000
6.000000
-8.875000
-12.750000
12.750000
22.500000
9.375000
-6.625000
-8.500000
8.500000
22.875000
12.375000
-3.625000
-10.875000
7.250000
21.375000
23.500000
7.375000
-2.375000
11.625000
15.875000
20.125000
6.125000
2.500000
2.625000
25.000000
20.125000
6.625000
4.875000
11.250000
36.000000
19.250000
3.375000
-9.125000
12.125000
33.500000
28.000000
14.375000
0.875000
9.875000
23.625000
27.625000
3.500000
-2.875000
4.375000
17.000000
22.625000
7.000000
4.500000
4.375000
16.250000
14.500000
14.375000
0.625000
-8.375000
0.750000
17.500000
29.625000
1.000000
-2.875000
-5.625000
18.375000
20.500000
9.125000
9.625000
13.000000
20.125000
9.750000
17.500000
11.375000
18.500000
10.625000
18.375000
14.500000
21.375000
16.125000
16.125000
13.375000
12.750000
26.500000
29.250000
20.125000
-6.875000
8.500000
26.750000
34.625000
18.875000
5.000000
12.750000
24.250000
35.875000
17.250000
4.875000
0.000000
23.750000
36.500000
28.125000
13.875000
1.125000
13.625000
18.375000
14.250000
9.375000
16.375000
21.500000
20.125000
12.000000
4.625000
1.250000
13.000000
24.250000
20.500000
16.375000
11.125000
13.250000
12.250000
16.875000
19.250000
20.875000
18.375000
9.375000
12.625000
15.000000
24.000000
6.375000
17.125000
13.250000
25.250000
21.125000
13.375000
6.625000
5.000000
6.500000
9.875000
16.500000
18.250000
12.125000
-3.500000
-0.375000
7.750000
13.375000
7.000000
7.375000
-1.500000
1.750000
15.500000
14.000000
5.250000
-4.000000
-0.750000
-2.375000
9.750000
22.625000
12.750000
9.875000
0.625000
12.000000
15.250000
19.875000
9.125000
5.500000
10.125000
19.625000
15.375000
10.625000
-4.250000
5.750000
10.750000
19.375000
8.250000
-3.625000
-5.875000
5.500000
22.750000
15.250000
2.500000
-5.250000
5.250000
4.750000
16.750000
-2.625000
0.000000
-4.000000
10.000000
16.750000
7.625000
7.500000
4.125000
13.250000
13.625000
18.625000
10.500000
6.000000
10.000000
14.125000
21.250000
6.500000
4.500000
9.750000
16.125000
13.875000
10.625000
1.500000
5.875000
5.750000
9.500000
10.250000
6.000000
3.875000
1.000000
12.750000
10.250000
15.250000
2.875000
2.625000
12.375000
13.375000
19.500000
8.500000
20.625000
12.125000
22.125000
11.125000
7.750000
16.750000
20.250000
23.375000
8.125000
4.750000
14.375000
22.500000
23.875000
9.000000
-3.625000
2.375000
15.000000
22.000000
6.375000
6.875000
6.875000
12.000000
2.500000
2.625000
9.500000
9.875000
6.125000
-10.125000
8.875000
4.500000
9.250000
0.625000
2.875000
11.500000
5.250000
2.625000
-3.250000
9.875000
9.375000
11.875000
8.000000
5.875000
4.875000
7.000000
-1.875000
4.625000
15.250000
15.500000
8.875000
-3.125000
4.500000
16.750000
26.250000
12.875000
-9.625000
-4.500000
5.250000
33.750000
23.250000
21.250000
-0.625000
16.250000
24.125000
22.375000
20.125000
8.750000
24.875000
18.875000
24.000000
7.250000
14.000000
12.750000
22.375000
19.875000
12.875000
12.500000
9.750000
17.125000
9.375000
23.125000
14.875000
16.375000
8.625000
7.375000
11.000000
13.000000
16.875000
19.375000
13.750000
10.250000
10.375000
9.625000
27.125000
24.250000
20.250000
8.375000
17.750000
29.750000
28.875000
16.375000
12.750000
20.875000
25.875000
30.500000
15.625000
13.750000
14.625000
22.750000
26.125000
12.625000
16.625000
11.000000
21.875000
14.000000
15.875000
6.875000
11.875000
11.625000
12.875000
11.625000
6.750000
12.250000
14.875000
15.000000
-1.000000
-4.125000
5.125000
23.750000
22.125000
3.250000
-0.375000
-5.125000
13.125000
11.875000
8.125000
2.500000
7.125000
7.125000
1.750000
14.375000
4.625000
4.250000
3.250000
16.250000
1.625000
12.375000
18.750000
0.875000
-6.250000
-3.000000
11.250000
13.875000
10.625000
-10.500000
-2.750000
17.000000
6.875000
-4.375000
-9.250000
11.125000
11.000000
12.250000
0.625000
-9.500000
3.625000
13.250000
18.375000
6.250000
-1.000000
10.625000
19.500000
17.500000
19.625000
5.625000
2.125000
7.250000
14.500000
19.500000
15.000000
4.000000
1.875000
15.000000
20.625000
10.250000
4.125000
-0.875000
14.125000
21.375000
15.250000
6.500000
-1.750000
8.250000
14.625000
18.375000
10.875000
10.375000
10.375000
12.500000
7.625000
8.750000
9.875000
16.375000
18.750000
15.875000
11.500000
3.000000
14.250000
18.125000
24.375000
15.500000
4.875000
4.250000
16.375000
24.250000
15.750000
11.375000
4.875000
12.125000
24.625000
27.750000
6.000000
-1.750000
8.125000
24.000000
19.250000
10.375000
3.250000
8.875000
22.750000
18.750000
12.125000
-1.875000
6.500000
10.750000
19.750000
3.750000
8.500000
3.000000
7.625000
15.250000
14.250000
12.875000
-0.125000
10.750000
18.250000
18.875000
0.125000
-11.625000
10.125000
19.250000
19.375000
10.375000
-4.750000
9.375000
15.875000
23.875000
5.500000
-2.875000
8.250000
21.750000
23.375000
6.000000
2.750000
14.750000
26.500000
26.000000
-5.500000
4.125000
8.750000
26.500000
18.625000
10.250000
7.750000
7.000000
19.125000
18.750000
11.500000
2.250000
9.250000
18.250000
19.000000
5.375000
1.625000
9.625000
26.125000
15.375000
3.375000
-8.250000
-0.875000
8.125000
11.000000
9.500000
-1.125000
0.000000
-1.500000
3.750000
10.250000
5.125000
8.500000
0.750000
1.750000
5.625000
4.000000
8.875000
7.625000
18.000000
5.375000
9.125000
2.250000
10.375000
17.000000
12.000000
11.375000
11.375000
15.250000
14.375000
15.375000
15.125000
14.875000
11.625000
2.375000
11.125000
11.500000
23.375000
18.000000
17.125000
4.625000
2.250000
5.000000
9.125000
23.250000
13.750000
9.000000
1.375000
14.500000
19.625000
16.375000
7.125000
8.375000
13.750000
14.500000
7.625000
9.375000
6.375000
15.125000
18.250000
10.500000
8.000000
1.375000
17.875000
14.625000
20.875000
-2.250000
2.625000
1.250000
24.875000
17.250000
11.375000
-3.875000
8.000000
31.250000
26.875000
11.375000
-1.125000
8.625000
18.250000
34.625000
17.375000
7.625000
1.375000
13.625000
23.000000
24.250000
13.875000
-1.875000
3.375000
19.375000
23.250000
7.375000
-7.750000
5.125000
14.875000
12.250000
3.750000
-7.750000
8.375000
3.625000
15.750000
4.250000
4.250000
0.750000
4.250000
19.875000
8.750000
17.125000
7.125000
15.875000
17.875000
16.500000
6.500000
12.000000
17.625000
21.625000
19.500000
16.750000
10.875000
9.500000
17.875000
21.375000
22.125000
8.375000
11.500000
9.125000
10.750000
17.125000
7.250000
9.875000
-0.500000
14.250000
6.625000
9.250000
4.875000
10.125000
17.375000
8.750000
7.375000
1.625000
10.750000
15.125000
18.625000
21.750000
5.375000
2.000000
0.000000
20.500000
22.000000
21.375000
7.000000
3.750000
14.625000
16.000000
10.000000
3.375000
18.125000
25.750000
10.500000
-3.125000
-5.875000
17.250000
16.375000
17.375000
-7.875000
-0.875000
0.125000
5.750000
15.125000
-0.750000
11.500000
7.625000
13.625000
2.250000
-8.500000
-4.750000
12.375000
26.500000
7.250000
-7.875000
-1.500000
24.875000
26.875000
6.875000
-4.875000
3.625000
20.375000
19.125000
10.875000
5.500000
15.875000
24.500000
21.125000
12.500000
9.125000
16.125000
23.625000
24.375000
20.625000
6.750000
9.125000
29.125000
23.375000
15.875000
7.125000
11.375000
20.750000
21.625000
14.000000
-1.625000
8.625000
22.750000
35.500000
13.000000
-4.625000
-5.375000
22.625000
36.125000
20.625000
4.000000
6.625000
23.375000
26.000000
27.500000
17.500000
18.000000
19.125000
30.750000
24.125000
9.125000
18.000000
29.250000
39.500000
28.250000
15.000000
12.500000
20.375000
30.000000
26.500000
23.125000
11.500000
17.250000
18.375000
22.750000
-1.625000
9.875000
32.125000
20.000000
2.500000
-7.750000
7.250000
4.375000
5.625000
9.625000
0.625000
-28.125000
-0.250000
8.375000
15.500000
-1.625000
-9.375000
7.750000
5.625000
12.250000
-0.500000
6.250000
4.500000
11.000000
9.625000
2.625000
4.500000
3.250000
3.250000
2.000000
8.875000
19.625000
12.250000
11.625000
6.500000
10.000000
16.500000
11.125000
10.125000
15.625000
9.625000
10.625000
0.500000
8.625000
9.875000
17.000000
9.750000
5.625000
4.750000
6.250000
7.000000
3.250000
-4.375000
-1.875000
8.250000
8.750000
-2.750000
2.000000
6.000000
12.875000
2.000000
0.000000
1.125000
13.500000
19.125000
11.000000
10.875000
-5.000000
3.125000
6.625000
15.375000
18.625000
7.125000
23.125000
3.625000
20.750000
12.250000
17.750000
11.500000
12.875000
15.500000
13.375000
16.250000
15.000000
8.000000
3.875000
6.750000
14.250000
22.500000
17.750000
12.625000
3.125000
3.625000
15.375000
7.000000
11.250000
4.500000
13.000000
8.375000
13.125000
4.000000
3.625000
3.125000
14.750000
18.625000
16.000000
-0.750000
-1.750000
7.500000
34.875000
24.375000
6.250000
-17.875000
8.000000
13.625000
27.625000
12.500000
10.000000
6.875000
8.625000
4.750000
3.625000
-0.625000
2.875000
3.000000
9.625000
7.625000
2.000000
-11.375000
3.875000
11.625000
14.500000
-5.875000
-15.750000
-1.625000
18.125000
25.125000
7.750000
-8.000000
1.875000
11.500000
25.625000
11.750000
1.375000
4.625000
14.000000
28.750000
17.375000
9.875000
4.875000
16.750000
15.875000
24.875000
9.375000
6.500000
9.250000
20.125000
27.000000
4.375000
12.125000
2.500000
28.000000
20.625000
17.125000
-4.625000
-7.125000
22.125000
21.250000
28.500000
-1.250000
1.875000
5.000000
26.750000
26.250000
10.250000
9.375000
5.000000
27.750000
28.625000
24.875000
10.250000
18.125000
18.500000
29.375000
22.125000
21.875000
13.625000
18.625000
28.500000
28.375000
26.750000
12.250000
13.125000
16.125000
18.125000
19.125000
18.625000
14.375000
17.625000
15.625000
7.750000
7.625000
10.250000
18.875000
18.125000
6.500000
7.250000
10.250000
23.625000
10.500000
8.750000
4.000000
10.875000
11.375000
5.625000
13.625000
20.375000
12.250000
-0.500000
12.000000
21.000000
11.125000
3.625000
10.500000
14.250000
12.875000
9.625000
12.625000
-3.875000
4.250000
12.875000
20.750000
1.000000
-0.125000
5.375000
23.000000
24.625000
-1.250000
-6.625000
2.750000
27.625000
22.625000
9.000000
-6.000000
-5.500000
17.250000
24.125000
7.875000
-3.875000
-5.750000
7.875000
18.000000
8.375000
-0.125000
-7.500000
0.875000
0.750000
2.875000
-5.125000
-8.125000
-0.750000
0.750000
13.000000
-3.375000
5.375000
5.375000
12.375000
10.625000
9.500000
7.125000
7.125000
18.250000
14.625000
14.500000
12.750000
25.750000
7.250000
3.625000
11.000000
17.875000
27.000000
17.125000
13.250000
2.500000
0.500000
5.750000
16.250000
26.000000
13.375000
-2.875000
1.250000
7.500000
19.625000
3.375000
-0.125000
2.750000
12.625000
19.375000
15.500000
0.000000
5.625000
15.875000
26.500000
16.250000
11.750000
14.875000
24.500000
16.625000
9.750000
8.250000
27.625000
32.750000
15.875000
3.250000
6.125000
22.500000
21.750000
22.875000
6.625000
9.750000
10.375000
12.000000
20.000000
3.625000
0.625000
-0.625000
14.375000
18.375000
8.500000
0.500000
-6.625000
6.125000
21.625000
21.625000
-6.625000
-14.125000
-3.500000
25.875000
31.250000
11.625000
-6.125000
-2.250000
23.125000
20.500000
11.500000
-1.375000
8.000000
17.375000
17.750000
14.750000
4.750000
5.625000
19.875000
24.125000
22.000000
6.375000
8.250000
21.125000
30.125000
18.125000
5.500000
5.875000
24.625000
24.125000
14.250000
6.125000
3.625000
7.000000
17.625000
16.750000
8.375000
-2.625000
-2.625000
14.750000
22.625000
18.875000
-11.375000
-12.250000
12.125000
22.125000
25.875000
-8.750000
-2.125000
-6.500000
28.625000
22.750000
13.375000
-5.375000
-7.125000
17.625000
19.875000
34.125000
-9.000000
-9.125000
1.625000
33.375000
34.375000
8.250000
-10.500000
-8.875000
26.000000
27.750000
15.750000
-17.500000
-5.625000
23.625000
38.500000
9.875000
-22.250000
-16.375000
10.250000
39.750000
17.250000
-15.875000
-24.500000
0.125000
27.375000
25.125000
1.375000
-7.375000
-1.500000
24.500000
19.375000
9.250000
-10.375000
4.125000
21.375000
28.875000
7.000000
-13.125000
4.000000
19.125000
33.125000
1.750000
4.125000
-0.250000
28.625000
27.250000
15.000000
-2.375000
-8.375000
21.625000
25.375000
24.000000
-9.125000
-6.750000
4.625000
17.875000
22.250000
7.000000
5.375000
-1.875000
9.750000
7.500000
11.500000
4.000000
5.250000
4.000000
5.750000
4.000000
0.625000
12.375000
10.500000
2.000000
0.125000
6.125000
21.000000
3.375000
-1.125000
2.500000
22.500000
24.000000
8.125000
-0.125000
-0.250000
20.500000
25.250000
22.125000
6.375000
3.000000
10.625000
24.375000
24.625000
19.625000
6.000000
10.125000
16.375000
26.500000
14.875000
12.750000
12.750000
21.625000
32.875000
18.750000
5.000000
7.625000
23.125000
32.125000
22.250000
8.625000
6.125000
10.875000
19.000000
29.375000
23.500000
2.500000
4.250000
20.750000
32.250000
28.125000
-1.875000
1.625000
2.250000
33.750000
29.000000
7.000000
-10.125000
5.500000
26.125000
17.875000
5.250000
-5.250000
12.625000
16.500000
14.250000
1.375000
-5.375000
-0.375000
12.500000
18.750000
0.875000
-4.750000
11.250000
12.375000
2.125000
-1.750000
-2.500000
15.625000
1.125000
9.125000
3.250000
15.000000
15.625000
-4.000000
-0.125000
-1.625000
20.250000
20.250000
12.750000
0.375000
0.500000
7.375000
17.375000
14.375000
7.875000
5.375000
1.625000
20.750000
11.375000
8.750000
-0.625000
12.625000
17.375000
16.875000
1.875000
-10.875000
13.125000
21.625000
29.125000
2.000000
-6.625000
5.875000
22.000000
22.250000
-1.500000
1.250000
-0.750000
22.375000
21.375000
19.000000
1.750000
6.125000
21.000000
22.000000
21.000000
9.875000
19.875000
17.750000
30.125000
26.000000
20.375000
11.125000
11.875000
28.125000
36.375000
32.750000
17.500000
6.625000
6.000000
30.125000
31.125000
25.625000
11.625000
18.125000
22.250000
21.250000
23.500000
7.875000
15.250000
24.625000
26.500000
13.875000
6.375000
12.500000
23.625000
16.375000
11.875000
-3.000000
4.375000
20.750000
25.125000
22.625000
-8.250000
7.625000
11.375000
27.875000
4.250000
-4.750000
-2.250000
20.125000
23.375000
-2.750000
-14.750000
-3.625000
25.250000
17.750000
2.875000
-17.875000
-7.000000
20.000000
28.000000
17.250000
-14.125000
1.000000
22.125000
37.500000
20.500000
-2.375000
-1.375000
8.875000
35.375000
24.500000
9.875000
-8.000000
10.125000
21.250000
24.625000
7.875000
-8.125000
0.875000
12.375000
24.500000
8.250000
-2.250000
-11.375000
9.125000
16.500000
8.750000
-8.875000
-7.750000
0.250000
15.750000
10.500000
-2.000000
-2.500000
2.875000
16.125000
12.000000
6.750000
-7.250000
0.875000
15.375000
22.750000
17.375000
9.875000
1.000000
17.375000
21.250000
19.500000
6.250000
10.750000
18.500000
20.500000
12.375000
5.875000
11.500000
16.250000
32.875000
19.250000
13.000000
6.625000
16.000000
19.125000
19.000000
8.750000
5.625000
12.500000
10.125000
17.125000
4.125000
4.375000
5.375000
9.375000
-0.750000
-3.625000
5.250000
9.375000
9.000000
3.125000
-5.250000
2.750000
5.375000
23.250000
13.000000
-2.000000
-0.750000
0.625000
19.500000
10.750000
5.875000
1.875000
6.375000
10.750000
7.125000
-0.500000
8.375000
8.375000
18.000000
8.500000
3.000000
-3.625000
-5.750000
10.125000
16.250000
22.125000
-7.250000
1.000000
1.625000
24.250000
16.000000
1.875000
-1.375000
6.000000
15.875000
13.250000
8.000000
-2.875000
2.875000
22.625000
23.250000
6.750000
-5.000000
-1.125000
20.000000
19.500000
18.875000
-6.250000
-0.875000
14.125000
33.750000
15.750000
1.625000
-2.625000
8.375000
28.750000
25.625000
1.250000
-2.875000
14.750000
19.625000
22.625000
10.125000
11.000000
5.625000
12.250000
21.875000
12.875000
18.250000
9.875000
15.750000
14.625000
18.000000
19.375000
9.625000
10.250000
5.250000
26.750000
21.875000
16.125000
11.625000
10.250000
27.500000
19.125000
20.625000
9.125000
16.500000
20.875000
21.000000
19.125000
14.000000
20.250000
13.250000
22.625000
15.250000
20.750000
10.750000
7.000000
18.125000
17.250000
22.125000
6.000000
2.000000
7.875000
21.125000
11.625000
14.125000
12.625000
4.125000
5.750000
7.750000
22.625000
6.875000
7.125000
17.375000
9.625000
2.500000
2.500000
18.625000
16.500000
6.250000
6.500000
1.000000
23.250000
18.125000
13.000000
0.875000
11.750000
22.375000
16.375000
9.875000
-6.625000
5.500000
16.750000
25.250000
3.375000
6.750000
4.625000
9.125000
15.750000
11.500000
10.000000
7.000000
4.000000
8.375000
14.000000
8.000000
6.000000
0.750000
7.250000
9.125000
10.750000
0.875000
-7.375000
8.750000
21.125000
12.000000
-2.375000
-0.500000
0.625000
18.000000
14.250000
0.625000
-9.625000
4.625000
14.125000
19.625000
3.250000
2.875000
-1.625000
12.000000
22.500000
4.250000
13.125000
-3.500000
27.250000
16.250000
14.375000
4.625000
4.875000
17.000000
28.250000
24.625000
0.750000
5.375000
12.750000
28.125000
2.125000
-0.125000
1.375000
25.875000
22.625000
15.000000
0.500000
5.000000
19.375000
23.750000
12.375000
-7.250000
0.000000
21.625000
25.000000
8.750000
-6.750000
4.125000
12.875000
13.000000
-0.375000
-3.875000
6.625000
14.750000
22.500000
2.250000
-4.000000
-9.250000
22.625000
4.875000
1.125000
2.250000
19.500000
14.500000
3.125000
11.375000
0.125000
15.625000
15.875000
15.500000
-0.750000
4.125000
21.625000
25.750000
20.250000
1.875000
0.750000
11.125000
24.625000
22.375000
11.500000
2.125000
4.000000
18.625000
20.000000
15.000000
5.125000
-1.375000
6.375000
11.875000
13.500000
2.125000
6.250000
20.375000
17.250000
15.250000
5.125000
10.375000
11.375000
18.250000
12.000000
15.625000
10.875000
13.250000
13.125000
11.500000
12.250000
9.625000
19.750000
15.875000
16.875000
7.875000
6.375000
13.750000
23.625000
24.125000
12.625000
2.625000
6.250000
23.875000
30.250000
18.625000
6.875000
5.375000
28.250000
29.250000
23.000000
2.000000
2.375000
17.000000
23.125000
20.875000
13.625000
8.125000
15.250000
10.000000
12.875000
7.500000
12.000000
10.750000
12.625000
10.875000
-1.000000
10.000000
8.250000
18.250000
0.625000
0.625000
1.625000
5.875000
23.500000
12.750000
-2.125000
-8.750000
-1.500000
17.875000
4.000000
2.625000
-0.250000
7.500000
7.000000
6.250000
-6.375000
-7.875000
12.375000
11.625000
22.000000
-12.375000
-3.750000
-1.125000
23.500000
20.875000
4.750000
2.125000
-2.625000
13.500000
13.625000
14.500000
3.250000
2.625000
2.625000
9.125000
11.625000
5.375000
6.625000
10.000000
14.875000
7.875000
6.750000
-3.375000
5.500000
4.500000
13.125000
7.500000
-0.125000
-5.000000
2.375000
5.875000
17.750000
2.375000
3.625000
0.125000
3.375000
17.000000
3.875000
11.000000
-2.625000
8.750000
10.000000
17.500000
11.750000
-2.375000
10.250000
18.750000
33.000000
11.250000
8.125000
3.500000
24.250000
27.000000
19.125000
5.000000
3.875000
21.625000
21.625000
17.000000
4.875000
10.000000
28.125000
27.625000
18.875000
-0.500000
7.875000
25.500000
37.750000
25.250000
12.625000
5.375000
15.750000
28.000000
25.625000
24.250000
1.500000
18.000000
15.000000
24.750000
7.875000
3.375000
19.375000
21.500000
30.500000
1.500000
-1.125000
4.125000
31.250000
34.500000
17.625000
-0.750000
-9.375000
12.375000
23.250000
23.500000
5.875000
-4.000000
6.375000
12.250000
25.500000
3.375000
-4.875000
-5.625000
11.250000
15.375000
5.625000
-6.500000
-3.375000
13.625000
21.875000
10.875000
-2.125000
-9.750000
8.375000
18.875000
21.750000
3.250000
-11.375000
1.500000
18.875000
24.250000
11.750000
1.250000
6.250000
13.625000
20.500000
8.500000
3.625000
1.625000
18.250000
22.500000
13.750000
-4.750000
-1.875000
9.875000
22.500000
21.250000
4.250000
-5.000000
-5.000000
14.500000
19.000000
10.375000
-0.375000
-1.000000
14.625000
11.000000
12.125000
7.500000
5.000000
13.500000
16.875000
22.000000
9.625000
12.625000
12.000000
22.250000
21.625000
15.375000
20.625000
21.500000
21.750000
10.875000
17.375000
25.125000
35.625000
10.500000
9.750000
15.750000
27.625000
21.125000
12.000000
22.625000
16.375000
18.000000
10.250000
21.250000
20.500000
17.625000
10.000000
10.750000
28.500000
21.750000
1.375000
-2.375000
15.250000
33.625000
26.875000
7.125000
-1.750000
10.375000
29.250000
33.250000
5.500000
-5.625000
-0.375000
33.250000
32.625000
19.375000
-10.250000
-8.875000
16.000000
25.625000
17.500000
-13.875000
-3.875000
10.625000
35.750000
16.500000
-5.250000
-12.750000
3.000000
27.000000
24.750000
2.250000
-16.125000
-0.125000
17.625000
22.375000
9.625000
-3.000000
-8.875000
5.625000
15.875000
17.375000
-1.875000
-2.125000
-0.750000
14.125000
9.125000
11.875000
-8.125000
8.000000
4.500000
18.750000
2.500000
3.000000
-3.125000
11.875000
15.125000
16.500000
12.250000
2.625000
13.625000
3.125000
28.750000
9.375000
12.250000
7.250000
11.875000
22.375000
14.250000
18.875000
2.625000
19.125000
11.000000
15.625000
2.875000
3.750000
17.625000
20.125000
11.500000
-9.375000
0.625000
16.375000
34.750000
11.625000
-5.375000
-2.125000
17.500000
35.250000
18.500000
4.375000
7.500000
20.375000
24.500000
12.500000
6.500000
13.625000
26.000000
29.375000
18.125000
2.875000
4.375000
6.125000
30.375000
20.875000
10.375000
-4.125000
4.375000
19.250000
6.750000
13.875000
-15.625000
22.375000
2.375000
13.000000
-18.625000
-14.750000
-0.250000
9.250000
11.750000
-11.375000
-10.875000
-9.500000
12.375000
4.000000
-3.250000
-13.500000
-9.000000
6.625000
16.500000
10.125000
-1.125000
0.625000
16.000000
17.500000
15.000000
5.250000
7.875000
12.500000
17.000000
20.125000
9.750000
8.250000
1.625000
16.500000
17.500000
18.250000
5.250000
1.000000
7.750000
12.250000
21.625000
11.250000
0.000000
3.250000
8.625000
13.500000
6.000000
-1.000000
2.625000
15.750000
13.875000
4.375000
-4.500000
4.125000
20.625000
18.250000
7.375000
3.500000
9.625000
23.375000
24.375000
20.625000
18.500000
15.875000
18.500000
20.375000
23.000000
18.375000
11.875000
21.250000
16.750000
28.000000
22.125000
22.250000
11.750000
29.125000
17.000000
7.000000
2.875000
15.875000
34.750000
23.500000
16.625000
-2.125000
5.625000
12.375000
14.875000
7.750000
17.250000
16.375000
1.500000
-0.125000
7.750000
21.500000
9.125000
7.000000
-6.125000
4.250000
4.000000
15.375000
15.875000
7.375000
8.750000
6.875000
8.250000
6.000000
15.875000
26.750000
14.750000
-1.000000
1.250000
12.875000
15.875000
21.500000
16.625000
3.750000
6.750000
12.125000
23.875000
12.125000
11.750000
10.500000
10.625000
15.125000
9.625000
12.500000
-0.625000
26.250000
4.375000
3.000000
1.625000
11.500000
11.250000
5.125000
0.000000
4.625000
11.500000
6.625000
15.625000
-0.125000
4.250000
3.750000
8.375000
4.250000
12.500000
10.750000
-5.500000
11.000000
11.375000
28.500000
6.375000
14.375000
-2.875000
6.000000
31.500000
27.000000
11.125000
-3.375000
17.750000
16.875000
28.500000
19.625000
18.500000
0.000000
19.625000
21.625000
24.750000
14.500000
6.750000
14.375000
20.250000
22.375000
17.500000
-2.750000
2.375000
19.250000
34.625000
18.250000
2.375000
-0.375000
11.125000
24.500000
23.250000
17.000000
0.375000
3.375000
13.500000
27.750000
24.000000
12.250000
3.125000
7.375000
23.875000
22.125000
7.875000
3.000000
12.125000
21.625000
11.875000
6.625000
-2.875000
7.500000
11.750000
11.375000
10.625000
0.625000
6.750000
3.000000
7.875000
3.000000
-6.750000
-6.125000
-4.750000
6.000000
2.500000
9.125000
-8.375000
-4.125000
-9.250000
5.500000
6.000000
-1.125000
-0.125000
-2.000000
15.375000
12.625000
8.625000
-7.000000
-7.375000
0.625000
13.625000
20.250000
4.625000
6.625000
-1.125000
15.625000
8.625000
2.375000
-4.000000
5.500000
13.375000
19.375000
9.500000
-3.000000
-7.125000
10.625000
26.500000
24.875000
4.375000
-13.125000
-0.750000
22.250000
27.750000
16.250000
-0.125000
1.750000
12.500000
37.500000
29.000000
2.250000
-1.625000
25.875000
48.875000
30.125000
-8.000000
-14.000000
29.500000
55.625000
42.500000
-3.125000
-10.125000
11.500000
47.125000
40.500000
2.250000
-4.000000
12.875000
48.875000
29.125000
3.625000
-13.250000
12.000000
39.500000
31.750000
15.250000
-11.250000
12.625000
30.000000
36.750000
10.750000
5.125000
5.500000
21.125000
27.000000
16.375000
9.000000
15.875000
26.500000
21.875000
10.875000
-5.500000
2.125000
25.875000
17.875000
19.625000
-7.125000
16.500000
10.625000
21.250000
2.750000
-2.500000
4.000000
16.625000
26.125000
1.375000
-10.250000
-6.000000
12.500000
15.000000
4.875000
-3.625000
-2.000000
3.000000
15.500000
3.750000
-5.500000
-5.125000
10.875000
13.625000
-2.000000
-6.250000
-10.250000
7.375000
8.750000
9.000000
-3.750000
-8.625000
-5.500000
4.875000
11.250000
3.250000
-4.750000
-8.875000
1.500000
0.875000
3.625000
-4.375000
-2.875000
4.250000
8.500000
7.000000
-3.875000
-0.750000
2.250000
2.625000
10.625000
-3.750000
12.500000
-0.125000
10.375000
3.625000
11.875000
12.875000
12.125000
16.250000
9.625000
23.750000
14.250000
17.750000
10.000000
8.500000
22.625000
16.625000
20.500000
7.000000
12.625000
14.500000
22.250000
18.625000
17.000000
22.250000
17.375000
18.125000
9.250000
23.625000
32.750000
25.375000
-1.375000
9.250000
26.000000
39.625000
18.125000
14.750000
13.125000
13.500000
20.875000
21.000000
26.375000
13.250000
10.125000
13.000000
12.625000
20.625000
0.625000
16.125000
15.250000
19.625000
7.000000
-0.500000
6.625000
10.500000
15.250000
1.375000
-0.625000
6.125000
-0.375000
2.875000
9.250000
13.875000
3.000000
-1.500000
-2.250000
-4.125000
4.000000
10.375000
12.250000
11.875000
5.625000
8.125000
2.750000
11.375000
10.375000
17.875000
7.375000
9.625000
14.375000
20.500000
11.375000
-0.125000
4.625000
8.375000
22.375000
12.375000
3.500000
2.625000
8.250000
13.500000
5.875000
3.750000
0.625000
15.250000
11.625000
14.625000
1.000000
2.875000
6.750000
6.625000
17.000000
6.250000
15.625000
6.375000
12.125000
12.875000
16.250000
14.000000
9.000000
22.125000
20.250000
18.125000
11.625000
23.000000
19.625000
21.750000
15.875000
21.625000
14.875000
19.500000
29.250000
25.750000
10.625000
7.125000
21.500000
23.125000
22.625000
10.625000
8.625000
13.125000
15.000000
14.750000
12.125000
18.625000
12.250000
14.625000
12.250000
16.500000
14.250000
10.750000
14.875000
4.625000
24.875000
11.375000
12.000000
-5.875000
6.500000
17.500000
21.125000
21.625000
4.250000
7.875000
-1.375000
19.000000
24.625000
20.125000
-7.250000
14.500000
36.000000
26.750000
2.625000
-5.250000
15.875000
29.875000
20.500000
11.375000
19.625000
14.250000
7.000000
22.250000
25.500000
12.250000
1.625000
1.875000
24.125000
23.375000
7.125000
-7.125000
9.250000
22.375000
5.875000
11.250000
-3.750000
-3.250000
12.375000
7.875000
-0.875000
-2.375000
-5.250000
13.000000
9.375000
7.375000
-9.250000
-12.375000
-0.375000
7.375000
11.750000
-1.875000
-5.250000
-1.500000
4.375000
7.125000
4.500000
-1.875000
-1.375000
14.750000
11.625000
9.500000
4.375000
6.000000
20.375000
22.000000
20.750000
8.500000
13.875000
23.875000
18.125000
21.375000
13.000000
18.375000
26.000000
25.000000
27.250000
-2.250000
27.875000
14.625000
34.250000
1.500000
5.875000
1.625000
20.750000
25.500000
15.500000
3.750000
-6.250000
18.000000
13.875000
18.625000
-0.500000
5.875000
-0.875000
16.375000
21.375000
15.375000
7.750000
-0.875000
15.500000
15.625000
26.000000
20.500000
7.875000
8.625000
12.250000
26.000000
17.750000
15.875000
7.375000
12.250000
4.875000
23.000000
14.875000
11.250000
-2.750000
12.625000
13.875000
9.000000
-9.375000
-13.250000
3.375000
8.750000
17.500000
-3.000000
-9.875000
-8.125000
6.250000
11.250000
-2.250000
-3.000000
-0.875000
6.375000
-1.125000
1.500000
2.750000
5.500000
8.250000
-1.500000
4.750000
7.750000
17.125000
4.625000
7.625000
7.125000
4.375000
7.250000
12.750000
13.625000
10.750000
11.500000
2.875000
2.750000
6.125000
12.250000
8.375000
2.875000
6.625000
8.000000
16.000000
9.000000
5.250000
-0.625000
7.000000
19.625000
19.000000
11.125000
6.125000
8.625000
21.750000
17.250000
15.750000
5.250000
16.500000
15.125000
16.375000
18.625000
15.125000
25.000000
22.625000
16.375000
13.750000
20.500000
23.625000
19.625000
27.250000
22.875000
14.250000
9.625000
20.250000
26.625000
28.875000
22.125000
6.125000
12.500000
15.500000
17.750000
18.250000
6.000000
7.250000
12.125000
13.750000
8.625000
4.500000
6.250000
14.250000
14.250000
8.750000
-0.875000
7.000000
10.875000
15.750000
4.500000
0.125000
3.875000
7.625000
15.000000
5.250000
5.625000
11.875000
-0.875000
-2.500000
40.750000
21.250000
-17.375000
-7.500000
25.625000
28.500000
15.875000
-5.125000
-10.250000
5.375000
11.750000
30.625000
6.500000
-12.750000
-10.250000
22.125000
22.125000
11.000000
-9.875000
-15.625000
5.500000
18.250000
20.250000
-10.875000
-10.125000
8.625000
16.750000
2.250000
-3.125000
-1.750000
15.875000
12.625000
14.750000
0.125000
1.500000
6.625000
14.250000
19.000000
11.250000
15.750000
5.500000
9.500000
10.750000
3.625000
20.250000
10.000000
23.000000
15.750000
17.625000
14.000000
12.375000
11.250000
15.875000
28.625000
20.875000
29.125000
9.375000
13.875000
14.125000
24.875000
26.875000
29.125000
14.875000
18.875000
23.750000
25.500000
25.250000
17.750000
16.875000
15.125000
29.750000
29.750000
24.500000
6.500000
10.625000
11.125000
18.000000
16.875000
14.375000
6.125000
4.625000
15.500000
19.000000
9.625000
-2.250000
2.375000
9.000000
8.875000
9.250000
1.625000
-4.375000
-9.250000
6.875000
12.125000
15.125000
-4.250000
-2.500000
1.000000
17.000000
12.250000
-0.875000
-4.750000
4.000000
23.000000
14.000000
13.875000
-5.125000
5.500000
14.750000
21.500000
8.500000
-6.000000
-0.125000
13.375000
22.875000
7.000000
-15.750000
-17.500000
3.875000
21.375000
10.375000
-10.875000
-19.875000
-8.250000
9.375000
10.125000
-2.500000
-21.125000
-12.250000
1.500000
16.375000
4.875000
-11.250000
-19.000000
-6.500000
16.625000
20.250000
4.875000
-12.000000
1.750000
20.625000
33.375000
16.500000
2.125000
-11.750000
9.250000
28.750000
36.250000
14.125000
4.000000
3.250000
30.875000
35.875000
18.250000
4.000000
11.375000
37.875000
31.625000
21.250000
-0.750000
6.875000
24.750000
36.500000
25.125000
-4.250000
5.500000
17.250000
40.250000
14.625000
9.500000
5.375000
33.125000
28.000000
15.125000
9.250000
9.750000
27.375000
27.375000
25.875000
6.750000
11.750000
18.000000
40.500000
24.625000
17.500000
13.000000
26.000000
21.125000
17.625000
14.250000
13.625000
34.125000
17.875000
9.500000
-4.000000
5.125000
20.625000
36.125000
14.125000
-6.875000
-17.375000
4.875000
33.500000
29.375000
5.125000
-20.875000
-2.000000
17.375000
19.250000
1.875000
-9.000000
-2.375000
12.250000
13.500000
0.625000
4.250000
-4.625000
7.750000
2.125000
11.625000
0.000000
3.000000
-2.125000
6.625000
11.750000
3.250000
2.875000
-11.000000
7.000000
6.125000
15.500000
-5.000000
-6.750000
-11.875000
8.750000
8.125000
2.125000
-15.125000
-11.750000
9.125000
9.500000
2.625000
-23.125000
-7.750000
2.750000
19.750000
2.000000
-8.125000
-6.000000
4.875000
14.250000
9.375000
7.625000
1.000000
15.125000
22.000000
18.250000
7.875000
7.500000
21.000000
28.625000
27.125000
16.625000
11.625000
22.250000
31.125000
25.625000
14.875000
7.625000
18.250000
27.750000
34.250000
23.000000
5.375000
7.125000
4.750000
22.500000
17.000000
21.500000
8.125000
10.000000
15.875000
17.750000
19.375000
0.625000
15.875000
10.750000
21.375000
7.125000
2.000000
5.125000
7.625000
22.500000
7.375000
12.375000
-4.500000
22.125000
11.000000
22.375000
13.125000
4.500000
11.250000
6.625000
19.000000
7.250000
19.625000
14.250000
23.375000
12.875000
12.250000
6.625000
6.250000
7.500000
10.250000
4.625000
5.875000
3.625000
-2.750000
-7.500000
-8.250000
1.000000
7.125000
5.250000
-3.375000
-7.125000
-2.875000
0.625000
8.500000
-2.500000
-2.500000
-0.875000
12.375000
7.125000
-7.125000
-2.250000
6.500000
18.000000
14.750000
10.125000
6.500000
7.750000
15.000000
15.500000
17.625000
10.875000
12.500000
14.750000
18.875000
19.375000
12.500000
18.500000
16.875000
20.000000
16.750000
9.750000
16.625000
19.625000
21.875000
12.000000
9.250000
15.500000
20.875000
17.750000
14.000000
10.000000
10.500000
7.625000
21.750000
29.000000
13.750000
5.000000
11.750000
21.000000
22.875000
21.875000
23.750000
23.875000
26.000000
13.250000
19.625000
28.625000
26.875000
21.500000
17.000000
8.625000
22.125000
30.125000
26.250000
12.875000
9.250000
13.250000
20.500000
22.625000
9.250000
4.000000
11.500000
31.250000
14.375000
-7.125000
-8.375000
10.000000
24.000000
13.750000
1.375000
-14.000000
15.125000
26.750000
26.375000
1.625000
-6.750000
3.750000
16.125000
28.875000
12.875000
2.125000
-1.625000
22.750000
33.000000
5.375000
-2.000000
12.375000
25.625000
31.875000
14.875000
-11.250000
-10.000000
15.875000
33.875000
23.750000
-6.500000
-15.375000
5.625000
20.875000
12.625000
-1.375000
-9.625000
-1.000000
14.250000
15.875000
-0.250000
-15.000000
-4.625000
0.250000
17.000000
10.125000
-7.625000
-13.750000
-3.625000
25.500000
19.000000
-5.250000
-13.125000
2.125000
21.875000
22.000000
5.250000
-11.000000
1.875000
18.875000
34.875000
13.250000
4.625000
1.500000
16.875000
28.625000
20.375000
10.625000
9.500000
23.125000
19.750000
19.500000
13.125000
18.125000
17.250000
17.875000
12.500000
15.500000
12.000000
15.500000
16.250000
13.625000
15.000000
12.250000
9.375000
1.250000
14.250000
21.500000
20.625000
7.125000
4.000000
3.000000
2.125000
15.875000
27.000000
12.625000
-13.000000
-9.625000
15.750000
23.250000
18.500000
-4.375000
5.625000
12.625000
29.250000
12.500000
0.125000
-5.125000
14.250000
23.875000
10.750000
-8.125000
-9.500000
15.250000
28.125000
17.750000
-11.500000
-17.750000
0.125000
14.625000
22.250000
-0.750000
-3.625000
-4.750000
6.625000
10.750000
5.125000
4.500000
-6.500000
6.125000
3.750000
16.000000
4.250000
7.375000
9.000000
6.000000
9.625000
12.625000
2.875000
-0.875000
7.750000
27.250000
13.875000
3.500000
10.500000
11.625000
3.375000
6.500000
21.750000
12.000000
18.750000
3.375000
10.500000
13.875000
7.250000
7.875000
5.375000
23.500000
14.625000
15.125000
-8.375000
5.125000
6.250000
22.500000
16.125000
10.500000
7.750000
10.250000
19.250000
19.000000
12.500000
-1.250000
18.500000
24.000000
30.125000
21.375000
8.000000
16.625000
17.125000
33.250000
10.375000
16.250000
8.375000
28.750000
27.125000
25.625000
14.750000
-2.000000
8.875000
18.125000
25.875000
17.125000
15.625000
-2.625000
4.250000
15.875000
21.250000
10.250000
-1.000000
6.000000
17.125000
12.125000
6.125000
-6.750000
3.500000
17.875000
18.375000
8.875000
-4.250000
6.000000
15.250000
31.500000
15.375000
9.000000
-4.250000
16.500000
24.375000
26.375000
14.875000
1.500000
8.500000
9.875000
21.000000
13.875000
-1.500000
8.500000
11.625000
13.625000
9.000000
-6.625000
-8.125000
1.750000
13.000000
-1.375000
-8.250000
-14.625000
1.375000
-0.125000
-2.125000
-12.125000
-5.375000
-2.875000
-3.875000
-4.375000
-3.000000
2.125000
2.250000
8.875000
-5.125000
3.375000
1.000000
15.625000
11.125000
9.250000
13.875000
15.875000
14.625000
14.375000
2.625000
20.750000
21.125000
27.125000
20.500000
8.250000
16.500000
17.625000
28.875000
23.500000
33.000000
14.375000
18.000000
16.750000
27.625000
22.250000
15.375000
16.750000
20.125000
29.750000
13.875000
15.625000
5.375000
24.250000
27.125000
29.750000
14.625000
-3.375000
15.500000
19.375000
47.250000
6.500000
20.000000
-5.625000
26.750000
19.625000
29.750000
22.750000
-2.750000
16.125000
16.250000
34.125000
6.250000
4.625000
2.375000
20.500000
20.125000
3.750000
3.750000
3.125000
19.625000
6.500000
8.500000
-3.000000
3.375000
0.375000
11.500000
10.875000
9.250000
2.000000
4.750000
3.250000
1.375000
4.875000
6.875000
2.375000
2.750000
7.500000
8.625000
1.375000
-4.250000
2.375000
2.125000
4.875000
2.750000
6.875000
0.875000
-1.125000
2.875000
4.250000
9.125000
2.125000
2.750000
-6.875000
0.875000
4.500000
5.125000
4.000000
2.000000
5.375000
4.375000
9.375000
-1.375000
1.500000
-1.250000
20.875000
10.750000
2.375000
-4.375000
3.125000
12.250000
12.500000
18.375000
1.500000
4.625000
8.500000
17.750000
22.625000
8.125000
5.500000
7.500000
29.875000
18.750000
21.500000
-0.125000
9.625000
18.250000
24.500000
18.125000
3.625000
17.125000
13.625000
34.250000
6.125000
7.625000
3.375000
17.500000
23.625000
20.625000
14.750000
13.000000
13.250000
17.000000
16.500000
7.375000
17.375000
19.875000
25.625000
11.500000
10.750000
19.000000
30.375000
16.750000
7.875000
11.125000
30.500000
35.000000
16.750000
4.250000
-3.375000
24.500000
39.375000
37.000000
5.125000
-11.750000
14.875000
32.750000
34.375000
10.500000
-12.000000
0.000000
34.750000
31.000000
16.875000
-18.500000
-3.000000
13.125000
25.875000
12.125000
-8.750000
-2.000000
8.250000
23.250000
4.500000
-10.125000
-13.875000
1.625000
21.125000
14.125000
-3.625000
-21.250000
-12.375000
5.750000
16.125000
9.500000
-8.625000
-14.375000
-4.500000
13.625000
15.875000
1.000000
-13.875000
-0.625000
11.500000
13.750000
2.500000
-5.250000
4.625000
11.625000
7.875000
3.375000
0.500000
5.625000
8.250000
8.500000
7.375000
4.375000
2.375000
9.125000
12.125000
15.625000
9.750000
6.625000
21.375000
20.250000
10.375000
4.125000
14.375000
23.500000
18.750000
17.125000
21.375000
14.750000
9.000000
8.125000
18.125000
31.000000
21.250000
13.000000
4.375000
0.750000
20.875000
22.625000
31.875000
6.500000
10.000000
7.500000
24.500000
18.500000
10.875000
15.000000
10.625000
21.375000
15.625000
13.625000
4.000000
-1.000000
17.875000
26.625000
20.500000
-10.750000
-6.125000
19.875000
31.250000
21.625000
-9.625000
-7.500000
3.625000
16.250000
17.000000
13.250000
-4.750000
-3.125000
7.000000
16.750000
19.500000
0.375000
3.375000
-7.750000
10.000000
9.875000
6.375000
-0.625000
-5.375000
3.000000
5.500000
6.750000
-1.125000
0.500000
7.375000
9.500000
14.875000
4.500000
10.750000
-1.375000
-8.000000
-6.375000
14.375000
12.250000
6.125000
-0.375000
0.625000
11.000000
10.375000
11.875000
3.875000
-5.125000
6.000000
5.875000
15.625000
0.125000
-2.750000
-1.875000
11.625000
18.250000
2.125000
3.125000
-6.625000
15.125000
14.750000
24.625000
13.875000
14.625000
9.750000
14.625000
26.250000
32.125000
23.750000
7.750000
10.625000
12.375000
26.750000
29.125000
29.125000
26.500000
26.125000
10.875000
3.000000
27.875000
44.750000
29.250000
21.750000
18.375000
16.625000
27.750000
33.125000
17.500000
15.750000
5.625000
11.250000
27.750000
15.875000
19.250000
3.875000
15.000000
16.250000
11.375000
10.000000
12.500000
13.750000
15.125000
12.125000
2.000000
9.500000
16.250000
19.500000
13.750000
23.000000
9.125000
10.625000
24.000000
28.500000
19.375000
4.500000
21.625000
24.625000
23.375000
13.000000
14.625000
12.250000
3.750000
11.750000
18.875000
23.750000
0.750000
-3.375000
4.875000
14.250000
9.875000
-6.750000
-7.750000
-0.125000
9.625000
-1.625000
-9.375000
-3.250000
3.625000
15.750000
4.375000
-2.250000
-3.875000
-2.750000
15.375000
19.875000
3.250000
1.375000
0.375000
18.250000
17.375000
14.125000
1.250000
8.250000
20.000000
32.750000
13.625000
-13.000000
2.500000
20.375000
43.250000
17.750000
-2.750000
-0.375000
17.250000
28.750000
7.875000
-2.125000
1.625000
25.125000
21.375000
8.125000
-3.750000
-5.750000
20.500000
18.375000
25.250000
-0.625000
-2.250000
7.500000
24.250000
29.625000
9.625000
5.875000
8.250000
24.250000
21.250000
22.375000
16.375000
15.875000
11.625000
19.125000
16.250000
16.375000
8.250000
22.750000
21.375000
11.125000
3.125000
7.750000
19.250000
2.125000
3.125000
-4.000000
15.625000
7.500000
7.750000
-10.375000
-6.000000
4.000000
10.625000
14.125000
-10.125000
-6.750000
-0.875000
14.125000
15.875000
2.750000
7.875000
-2.375000
10.375000
12.125000
6.250000
7.625000
5.000000
16.500000
6.625000
14.750000
2.750000
13.375000
4.125000
5.750000
6.125000
3.250000
10.125000
0.250000
8.125000
4.500000
6.125000
9.000000
7.500000
6.375000
5.875000
-4.375000
3.750000
-3.625000
8.500000
1.625000
9.125000
14.375000
5.375000
6.250000
-15.125000
2.625000
16.875000
32.750000
22.875000
6.000000
6.625000
8.875000
29.125000
18.375000
18.375000
12.750000
14.125000
22.250000
14.500000
17.375000
13.375000
19.500000
21.750000
12.625000
19.875000
27.500000
17.625000
7.375000
9.125000
21.500000
25.375000
21.750000
15.125000
6.000000
19.125000
9.500000
21.875000
11.000000
16.000000
2.000000
19.125000
7.000000
20.125000
16.625000
10.750000
-1.125000
1.875000
16.875000
17.375000
16.875000
8.000000
9.000000
9.625000
23.250000
8.125000
6.250000
2.875000
14.875000
28.125000
12.500000
-3.875000
-5.250000
21.875000
36.375000
24.000000
-3.625000
-3.500000
11.875000
29.375000
23.625000
20.125000
2.500000
5.250000
17.875000
13.375000
7.500000
0.000000
0.750000
7.875000
14.500000
12.750000
-8.250000
-2.625000
-6.750000
7.250000
9.250000
2.750000
-9.625000
-13.625000
6.000000
8.875000
0.250000
-8.625000
-5.875000
8.875000
10.500000
3.000000
-1.125000
5.875000
6.125000
5.750000
2.125000
0.500000
15.500000
18.000000
3.250000
-0.125000
-6.125000
15.625000
14.750000
12.375000
10.625000
-2.625000
10.375000
0.875000
17.375000
16.250000
11.750000
2.375000
-3.375000
13.125000
12.250000
25.000000
8.750000
11.625000
9.375000
16.500000
12.750000
15.875000
16.625000
19.750000
18.750000
20.625000
25.375000
17.000000
15.875000
23.625000
30.000000
30.625000
20.250000
19.125000
18.000000
21.375000
24.375000
31.625000
15.500000
11.875000
15.875000
16.875000
23.000000
11.500000
20.875000
14.625000
11.625000
14.375000
16.875000
13.250000
-2.125000
-8.500000
27.750000
24.375000
7.625000
-6.125000
14.875000
25.500000
11.625000
2.250000
-8.125000
15.750000
21.875000
20.375000
3.875000
-1.250000
12.625000
11.250000
22.125000
2.625000
-6.250000
-4.750000
15.125000
22.500000
7.375000
-10.125000
-11.750000
4.875000
15.125000
10.375000
-9.875000
-12.875000
0.125000
12.250000
13.875000
-8.375000
-11.250000
-9.625000
12.875000
17.500000
10.750000
-5.875000
-10.000000
5.625000
11.500000
12.875000
1.375000
3.750000
9.625000
10.750000
14.875000
5.750000
3.375000
12.375000
21.750000
17.750000
4.625000
2.125000
11.250000
19.500000
14.500000
5.375000
8.500000
11.250000
19.750000
6.875000
10.375000
12.500000
22.375000
14.750000
9.500000
8.500000
9.250000
15.250000
14.000000
10.750000
19.000000
19.500000
16.750000
6.875000
13.250000
18.500000
19.125000
20.250000
13.375000
14.000000
11.000000
19.250000
14.250000
15.750000
10.625000
13.750000
21.500000
23.875000
5.250000
7.875000
12.375000
28.250000
24.125000
12.125000
-2.750000
-2.625000
25.500000
34.000000
18.625000
-5.625000
-5.125000
5.250000
29.500000
21.750000
4.125000
-6.500000
15.000000
17.125000
11.375000
-5.125000
2.000000
24.875000
22.625000
15.875000
-6.500000
-1.375000
5.750000
32.375000
18.375000
2.125000
-4.875000
9.500000
21.500000
18.125000
0.750000
-8.000000
10.500000
21.250000
12.125000
-11.375000
-11.625000
9.375000
22.875000
14.250000
-16.250000
-7.625000
2.875000
14.375000
-1.500000
-5.125000
6.250000
11.000000
5.250000
1.250000
-0.250000
5.375000
6.500000
2.250000
5.250000
5.875000
10.125000
18.125000
7.000000
7.625000
-5.625000
17.750000
10.000000
14.250000
7.375000
13.500000
17.625000
11.750000
10.625000
-0.750000
15.375000
19.250000
26.750000
10.750000
10.125000
14.125000
18.125000
26.000000
33.625000
12.750000
6.375000
7.000000
21.250000
33.875000
17.500000
11.625000
9.375000
19.375000
17.375000
13.750000
15.500000
8.125000
18.750000
18.875000
22.125000
3.500000
4.625000
26.625000
32.625000
17.500000
-3.500000
1.125000
19.125000
20.125000
22.500000
2.000000
7.875000
2.250000
30.500000
26.750000
20.000000
-9.500000
-6.375000
13.125000
31.875000
28.625000
9.750000
-1.375000
-8.875000
10.250000
22.125000
12.750000
-8.625000
-6.875000
3.125000
18.750000
7.375000
-11.500000
-16.500000
-1.750000
17.500000
14.625000
-5.000000
-26.000000
-11.500000
14.625000
23.375000
2.625000
-26.375000
-12.250000
9.250000
31.125000
18.250000
-7.750000
-22.125000
-9.750000
15.500000
25.125000
5.000000
-8.125000
-1.500000
14.875000
20.750000
4.000000
-8.000000
-7.500000
15.875000
27.750000
17.750000
-9.500000
-11.500000
9.375000
32.375000
26.250000
-4.125000
-12.000000
2.500000
31.875000
38.625000
8.625000
-8.375000
-0.750000
20.000000
29.875000
17.000000
4.250000
5.750000
14.125000
27.000000
18.750000
10.750000
4.250000
19.625000
22.125000
23.125000
8.500000
7.750000
17.125000
24.000000
24.000000
5.625000
8.250000
13.125000
24.500000
27.500000
15.750000
11.625000
13.125000
34.375000
22.625000
19.375000
10.875000
15.750000
19.250000
23.750000
15.625000
18.000000
14.625000
15.750000
17.500000
9.000000
3.000000
11.500000
29.500000
21.625000
9.625000
2.625000
10.750000
23.625000
31.625000
24.625000
11.000000
12.875000
19.000000
23.250000
23.000000
25.500000
14.125000
20.250000
11.000000
13.875000
12.500000
16.500000
8.125000
7.000000
10.375000
7.500000
7.375000
-3.000000
6.000000
-3.375000
3.250000
-0.875000
1.125000
10.875000
1.875000
4.875000
-6.500000
0.750000
-2.125000
11.875000
9.500000
-5.000000
7.750000
4.625000
13.625000
12.625000
1.125000
4.375000
8.500000
19.625000
21.000000
15.375000
10.500000
13.000000
10.375000
17.375000
24.000000
18.125000
16.875000
10.125000
20.000000
20.125000
19.750000
20.000000
14.250000
17.625000
19.750000
26.500000
11.250000
3.000000
5.875000
17.875000
28.000000
10.000000
9.875000
6.625000
20.000000
14.750000
14.625000
8.000000
18.375000
16.875000
5.000000
1.625000
9.250000
35.000000
26.250000
7.500000
-7.375000
11.000000
19.875000
22.625000
5.375000
-3.125000
-2.875000
19.750000
24.750000
11.000000
-4.000000
-5.000000
5.125000
17.375000
16.625000
-2.875000
-10.375000
-0.250000
24.250000
18.750000
7.500000
-16.875000
-5.750000
13.000000
26.500000
16.875000
-14.625000
-14.625000
-3.000000
28.250000
13.875000
-4.750000
-14.500000
1.500000
27.500000
17.250000
2.375000
-20.750000
-0.500000
9.375000
26.125000
2.125000
-5.125000
-0.375000
14.125000
26.250000
-1.500000
-5.750000
-17.625000
14.750000
23.375000
18.375000
-9.000000
-13.750000
6.875000
23.250000
15.000000
5.125000
-4.375000
5.875000
23.750000
13.125000
12.500000
-1.250000
16.000000
19.125000
18.250000
9.250000
2.375000
10.000000
21.000000
23.000000
12.250000
4.750000
13.250000
20.625000
17.750000
9.375000
9.250000
18.250000
21.000000
21.875000
6.875000
11.500000
6.875000
22.750000
17.375000
20.375000
15.000000
2.625000
17.375000
20.750000
22.625000
9.625000
8.375000
9.875000
18.125000
19.000000
8.500000
14.125000
17.125000
29.250000
10.625000
6.875000
3.500000
15.375000
30.250000
19.500000
7.875000
1.375000
13.500000
24.500000
25.625000
8.750000
8.000000
8.250000
23.500000
17.750000
12.375000
13.500000
18.125000
21.750000
16.250000
1.875000
2.625000
12.250000
21.125000
18.000000
2.500000
5.125000
13.125000
9.875000
-0.125000
6.750000
7.625000
5.625000
-2.500000
2.875000
6.250000
8.500000
3.500000
1.250000
5.000000
0.875000
2.000000
1.250000
6.625000
10.125000
5.125000
10.375000
3.000000
-5.750000
0.500000
8.500000
15.125000
5.625000
-0.250000
-0.250000
3.750000
9.500000
5.250000
10.875000
2.125000
0.000000
2.125000
2.000000
15.250000
6.875000
9.875000
-7.750000
1.375000
2.000000
20.500000
12.625000
7.875000
3.875000
3.125000
23.375000
11.250000
18.000000
5.875000
18.250000
21.875000
14.750000
13.500000
8.750000
27.000000
29.500000
37.250000
18.875000
11.250000
9.250000
19.250000
36.125000
30.375000
25.750000
5.750000
16.375000
27.750000
31.125000
22.000000
8.500000
13.250000
14.875000
16.250000
20.250000
6.875000
8.625000
1.750000
15.125000
12.500000
8.250000
0.500000
12.000000
15.875000
19.875000
12.875000
2.375000
1.500000
15.375000
25.750000
25.625000
18.625000
-0.375000
11.750000
18.125000
28.000000
17.250000
3.000000
3.000000
18.750000
29.125000
15.625000
3.500000
-7.750000
10.750000
18.125000
15.250000
-2.375000
-13.250000
1.250000
15.375000
11.000000
-7.875000
-20.375000
-8.250000
5.250000
3.000000
-4.875000
-16.875000
-13.875000
-12.125000
7.625000
-0.250000
-7.625000
-12.000000
-6.875000
2.125000
4.375000
6.250000
-11.000000
-6.125000
8.875000
19.125000
11.625000
-6.250000
4.000000
9.500000
27.500000
13.625000
1.875000
10.125000
21.250000
41.750000
28.000000
16.375000
-1.625000
19.000000
33.000000
38.250000
17.250000
6.500000
13.000000
21.250000
32.375000
17.875000
3.125000
-2.750000
22.875000
32.625000
25.625000
-0.375000
4.875000
13.375000
31.250000
26.750000
9.250000
10.125000
11.000000
30.000000
26.250000
17.000000
11.250000
15.500000
35.375000
33.500000
17.500000
-0.500000
11.875000
32.750000
42.750000
28.000000
-1.625000
1.375000
18.000000
39.750000
28.875000
0.875000
0.125000
14.000000
35.250000
20.750000
3.625000
-9.500000
18.000000
25.250000
18.375000
-7.625000
-15.000000
2.625000
14.625000
15.250000
-0.875000
-5.125000
0.500000
8.000000
13.500000
-6.000000
-13.750000
-2.625000
18.375000
12.000000
-4.250000
-22.250000
-7.000000
11.750000
21.000000
-2.375000
-17.750000
-6.875000
7.125000
16.500000
-8.125000
-8.500000
-13.250000
3.625000
6.250000
0.000000
0.250000
-8.375000
3.625000
5.625000
12.500000
2.750000
-4.250000
-4.250000
11.125000
14.875000
8.625000
4.500000
3.000000
11.750000
11.125000
13.500000
11.250000
8.125000
6.375000
20.250000
24.375000
19.750000
9.375000
13.000000
19.000000
22.750000
26.875000
24.125000
13.375000
13.500000
21.875000
26.875000
25.375000
25.250000
18.500000
21.625000
8.625000
29.000000
17.250000
15.250000
9.625000
16.250000
26.000000
8.125000
13.250000
6.375000
18.750000
11.250000
17.125000
15.875000
12.750000
8.250000
-1.500000
14.125000
18.500000
24.000000
7.750000
2.750000
17.375000
26.000000
26.375000
7.750000
2.000000
4.500000
22.000000
27.125000
20.625000
6.625000
2.375000
18.750000
21.500000
8.250000
2.625000
-0.625000
18.875000
15.625000
5.875000
-6.250000
-2.375000
9.375000
7.125000
6.125000
1.875000
-3.875000
4.875000
-3.750000
11.250000
1.000000
2.250000
-7.625000
2.875000
10.375000
8.375000
-2.375000
-14.750000
-3.250000
11.000000
14.875000
8.875000
3.000000
-3.625000
-0.875000
5.375000
13.625000
1.500000
11.500000
8.125000
13.375000
8.375000
-1.000000
4.000000
1.750000
24.250000
17.500000
14.000000
-0.750000
0.625000
15.125000
20.000000
22.000000
5.125000
7.125000
6.375000
23.750000
19.500000
11.500000
4.750000
5.625000
9.750000
19.875000
11.000000
10.250000
12.000000
11.625000
24.000000
8.875000
9.750000
1.250000
19.500000
26.875000
25.125000
12.250000
2.625000
8.125000
21.625000
33.125000
23.625000
6.250000
13.500000
32.125000
31.000000
12.125000
1.375000
13.250000
28.000000
28.000000
16.625000
8.250000
-2.125000
8.625000
24.000000
15.375000
13.250000
2.500000
9.000000
5.500000
14.125000
3.000000
6.500000
11.250000
19.125000
15.125000
-1.750000
3.875000
7.375000
27.250000
14.000000
5.750000
6.500000
13.625000
22.750000
12.625000
11.625000
6.750000
19.625000
15.250000
8.250000
9.375000
4.000000
12.750000
13.250000
14.750000
2.000000
9.500000
9.000000
7.125000
7.875000
-1.375000
11.750000
4.750000
13.000000
2.625000
7.875000
7.250000
12.000000
10.375000
6.750000
1.250000
11.875000
18.250000
22.875000
11.000000
4.125000
11.250000
19.250000
32.000000
12.500000
14.250000
12.000000
25.875000
25.750000
14.875000
14.125000
11.125000
29.250000
22.500000
22.875000
21.000000
17.375000
15.125000
13.250000
24.750000
20.625000
15.250000
15.500000
14.500000
22.125000
18.625000
23.875000
14.375000
9.250000
5.625000
8.500000
26.375000
34.000000
18.000000
-0.625000
9.625000
28.750000
35.250000
15.875000
-1.250000
2.625000
17.125000
29.250000
22.000000
3.625000
0.500000
17.125000
24.375000
22.875000
-3.375000
-8.875000
11.625000
19.500000
18.875000
-7.375000
-8.250000
-1.125000
12.875000
7.250000
-3.500000
6.125000
6.125000
16.625000
-5.875000
-4.875000
-10.625000
22.125000
12.875000
7.250000
-5.000000
-2.875000
8.625000
5.750000
8.875000
4.375000
7.625000
4.625000
3.750000
3.125000
13.000000
15.750000
14.500000
8.375000
2.625000
3.375000
-1.000000
1.125000
14.500000
21.000000
7.250000
-7.000000
-11.375000
3.750000
16.625000
14.375000
-7.750000
-7.750000
-6.625000
9.750000
8.875000
0.875000
0.000000
4.750000
9.250000
0.750000
3.125000
-5.250000
7.375000
12.875000
16.375000
9.125000
5.375000
13.750000
10.625000
24.625000
15.375000
10.500000
-1.125000
15.125000
22.875000
36.125000
33.750000
10.875000
-0.375000
10.125000
26.625000
32.000000
25.125000
15.625000
14.750000
17.625000
9.625000
14.625000
16.250000
24.250000
14.375000
5.500000
1.875000
-0.125000
22.625000
22.875000
27.625000
4.500000
-1.000000
9.500000
11.125000
24.250000
11.250000
17.125000
9.000000
14.375000
8.000000
10.875000
17.375000
24.000000
26.000000
7.875000
12.500000
10.250000
29.375000
26.875000
27.375000
16.500000
10.625000
16.000000
7.125000
24.500000
17.125000
18.750000
11.125000
3.250000
10.625000
13.875000
11.500000
0.375000
-5.500000
-2.875000
9.375000
9.125000
-1.750000
2.375000
-1.125000
5.500000
-0.250000
-6.875000
-1.750000
1.875000
9.500000
8.250000
0.125000
-11.000000
4.375000
12.750000
10.250000
-5.625000
-1.125000
7.625000
11.625000
3.375000
-3.000000
20.375000
8.750000
5.250000
-2.625000
10.750000
13.625000
13.625000
1.875000
9.375000
8.250000
15.875000
0.125000
-1.750000
10.750000
18.250000
20.750000
6.500000
-0.875000
4.875000
20.625000
16.875000
16.875000
11.125000
20.250000
14.500000
16.625000
13.875000
23.750000
20.500000
15.125000
14.875000
24.375000
29.375000
16.500000
12.125000
11.125000
34.750000
27.375000
10.625000
8.000000
14.375000
36.875000
22.500000
29.000000
11.250000
12.125000
20.500000
26.500000
28.375000
7.750000
13.750000
8.875000
25.500000
20.250000
20.750000
18.375000
13.000000
8.750000
8.000000
5.250000
10.250000
6.000000
13.125000
7.375000
16.500000
17.875000
17.875000
5.125000
-1.000000
14.375000
26.000000
10.250000
-2.375000
-9.750000
-0.125000
19.000000
19.375000
6.750000
-11.000000
-3.125000
10.125000
11.375000
3.875000
-6.000000
-3.250000
10.375000
15.000000
8.000000
-6.875000
-14.750000
-9.375000
4.000000
14.750000
2.375000
-14.125000
-20.125000
-6.250000
11.250000
7.875000
-4.750000
-16.625000
-6.000000
4.125000
10.000000
-1.625000
2.000000
4.875000
14.000000
12.250000
0.375000
-2.000000
1.750000
17.500000
25.875000
20.375000
7.750000
3.250000
18.625000
25.625000
14.000000
5.000000
9.500000
19.875000
21.125000
24.125000
12.250000
15.000000
15.375000
15.625000
21.750000
23.500000
27.750000
18.875000
11.375000
12.250000
23.375000
27.375000
27.875000
15.250000
8.500000
13.000000
14.000000
27.250000
18.625000
22.375000
14.750000
21.750000
19.750000
23.125000
22.375000
19.750000
29.625000
26.125000
17.875000
5.000000
17.875000
37.625000
37.250000
21.250000
5.250000
9.625000
25.875000
34.875000
26.250000
11.500000
10.875000
16.250000
19.375000
22.000000
11.625000
7.875000
4.125000
17.125000
14.750000
12.375000
4.750000
0.875000
13.750000
8.375000
18.875000
-3.875000
-8.125000
-5.250000
5.375000
16.500000
-4.625000
-5.875000
-14.625000
3.625000
2.500000
5.000000
-4.625000
-11.500000
-2.375000
-5.000000
7.750000
-6.000000
4.625000
-15.375000
3.125000
5.500000
1.750000
-1.750000
-11.375000
2.125000
4.125000
13.875000
0.625000
-6.125000
-5.250000
4.125000
17.875000
5.250000
-1.250000
-16.125000
-0.250000
24.125000
28.125000
7.375000
-2.250000
5.375000
13.625000
21.625000
13.625000
10.250000
3.250000
14.000000
35.500000
37.625000
15.625000
4.500000
15.625000
34.250000
33.250000
13.625000
6.250000
19.875000
36.875000
36.250000
17.375000
-1.000000
12.625000
23.750000
35.375000
19.375000
6.875000
7.750000
20.125000
31.875000
12.000000
10.250000
4.375000
6.750000
18.375000
13.250000
21.500000
10.625000
9.875000
17.750000
25.000000
15.000000
-4.375000
0.125000
11.250000
33.750000
27.500000
17.375000
-10.250000
1.750000
19.875000
26.750000
15.000000
-3.250000
-2.625000
6.125000
24.375000
10.375000
1.625000
-9.375000
0.125000
14.750000
10.250000
2.750000
-3.750000
1.250000
3.875000
20.625000
-1.500000
-16.500000
2.875000
21.250000
17.000000
-24.625000
-13.375000
13.125000
22.625000
-9.375000
-12.375000
7.875000
0.625000
1.250000
-2.875000
19.625000
10.000000
7.250000
-1.750000
12.125000
11.250000
17.250000
14.375000
7.250000
3.250000
12.125000
18.000000
19.625000
10.875000
9.625000
15.125000
25.750000
28.125000
11.625000
6.375000
10.250000
20.875000
22.125000
14.375000
5.000000
14.250000
21.375000
24.500000
17.875000
5.000000
13.375000
13.875000
25.125000
8.500000
9.000000
1.750000
17.125000
21.625000
17.375000
3.750000
2.750000
28.375000
24.375000
21.125000
-6.750000
13.875000
17.625000
27.875000
16.625000
7.750000
13.375000
23.875000
25.625000
17.375000
7.250000
2.500000
13.500000
22.125000
26.625000
-1.250000
5.250000
0.250000
17.375000
19.875000
6.125000
4.500000
-0.625000
20.375000
15.500000
18.125000
-4.750000
3.375000
1.250000
12.625000
14.500000
15.375000
21.000000
7.625000
13.250000
10.500000
17.875000
8.125000
7.375000
0.000000
1.875000
9.500000
2.125000
10.000000
-8.375000
3.625000
-3.250000
8.875000
-1.375000
-7.625000
-2.250000
1.750000
18.375000
-3.375000
5.000000
-7.000000
22.625000
6.000000
-1.625000
-2.500000
8.375000
34.750000
24.750000
7.625000
-12.375000
2.500000
19.625000
34.750000
15.875000
-1.500000
-5.625000
21.375000
32.375000
29.250000
9.375000
7.500000
23.000000
34.000000
36.375000
11.375000
11.875000
26.500000
45.375000
38.250000
16.375000
7.250000
18.250000
49.375000
42.500000
21.500000
-2.125000
4.750000
28.500000
34.375000
23.000000
-0.750000
8.750000
17.625000
30.000000
11.500000
6.375000
11.125000
27.625000
31.250000
13.125000
4.500000
4.000000
27.125000
31.625000
24.625000
7.750000
4.750000
18.125000
22.500000
29.000000
13.500000
13.750000
11.625000
16.875000
20.750000
10.875000
6.000000
3.000000
19.375000
24.375000
13.000000
-1.125000
-4.375000
7.500000
15.250000
8.750000
6.125000
-4.750000
3.000000
-6.125000
0.875000
3.000000
11.000000
6.625000
-4.375000
2.500000
-3.125000
1.875000
-0.375000
5.250000
-0.250000
-0.375000
8.500000
1.000000
-2.750000
-10.125000
0.375000
7.625000
14.000000
4.500000
-2.125000
-8.125000
6.125000
18.750000
12.375000
-1.375000
-4.125000
17.750000
18.750000
9.125000
-4.875000
7.250000
23.375000
26.625000
11.750000
-8.125000
0.375000
12.750000
28.500000
14.500000
7.625000
4.375000
15.875000
21.875000
13.500000
8.750000
5.500000
19.750000
19.250000
25.000000
13.375000
4.375000
-0.375000
22.625000
16.750000
17.125000
2.750000
2.625000
16.875000
20.250000
15.125000
1.125000
3.500000
10.875000
18.500000
19.250000
8.875000
8.500000
11.500000
22.750000
24.625000
10.375000
7.500000
8.000000
27.875000
12.625000
16.125000
4.625000
8.750000
19.000000
21.000000
17.375000
-1.875000
10.250000
11.500000
37.750000
23.750000
14.875000
-5.625000
6.500000
32.125000
38.250000
14.000000
-10.000000
0.625000
17.625000
33.500000
16.000000
-1.750000
0.125000
18.625000
28.250000
13.500000
-8.250000
-9.125000
13.250000
25.875000
16.625000
-16.000000
-15.875000
3.875000
30.000000
6.750000
-6.000000
-13.750000
-2.250000
16.375000
12.500000
4.625000
-5.375000
-3.750000
6.250000
19.125000
3.250000
-8.500000
-3.375000
9.625000
17.750000
7.500000
-3.250000
-6.750000
12.875000
22.000000
18.250000
-7.000000
-2.000000
8.375000
24.250000
20.375000
6.625000
5.000000
7.875000
27.375000
15.375000
15.750000
5.000000
16.250000
21.375000
25.750000
10.250000
5.625000
12.500000
24.875000
22.500000
6.125000
13.375000
13.375000
26.000000
20.000000
11.625000
3.500000
16.750000
23.875000
30.000000
17.625000
-0.625000
11.375000
20.125000
39.375000
22.500000
13.125000
5.125000
19.250000
32.625000
28.375000
17.000000
10.000000
20.500000
26.500000
17.875000
12.875000
8.750000
25.750000
22.625000
17.875000
-1.875000
13.250000
22.250000
22.625000
19.000000
4.875000
10.500000
15.625000
25.250000
17.125000
11.125000
6.500000
6.250000
14.875000
15.750000
14.000000
8.250000
6.875000
5.375000
8.750000
8.375000
8.000000
3.250000
11.875000
6.250000
4.250000
-1.500000
-6.000000
-2.375000
20.875000
16.500000
-1.250000
-14.375000
-10.750000
3.750000
7.750000
5.500000
-6.125000
-3.500000
-1.250000
11.500000
-2.125000
-6.875000
-6.625000
7.875000
13.125000
0.250000
0.375000
-2.375000
12.750000
9.750000
9.000000
4.500000
2.000000
-2.375000
-2.875000
14.375000
21.500000
24.750000
-1.125000
-1.250000
0.625000
20.625000
18.625000
4.250000
5.000000
0.625000
18.750000
18.250000
13.625000
-10.750000
-2.000000
14.875000
31.125000
30.000000
-2.375000
-9.625000
1.625000
28.250000
21.500000
12.125000
8.125000
9.375000
24.875000
23.250000
15.375000
4.125000
10.375000
31.750000
44.750000
35.875000
10.125000
4.625000
15.375000
51.125000
37.500000
30.125000
-2.250000
11.875000
39.500000
43.875000
34.125000
2.625000
17.125000
17.125000
34.125000
21.875000
14.750000
4.625000
15.625000
32.500000
21.375000
14.125000
2.750000
17.125000
12.250000
18.250000
3.375000
-0.750000
9.500000
2.875000
18.625000
7.875000
13.125000
2.750000
1.750000
11.250000
13.125000
11.375000
5.500000
10.625000
16.625000
12.250000
3.000000
3.500000
9.750000
15.875000
4.625000
3.125000
-2.000000
7.125000
9.875000
-3.500000
-4.500000
-10.375000
8.125000
3.000000
0.875000
-7.875000
-8.750000
10.125000
3.500000
0.375000
-9.250000
3.875000
11.625000
8.875000
4.875000
-2.250000
13.500000
12.375000
19.125000
7.500000
8.750000
10.375000
22.500000
21.125000
6.125000
5.875000
19.875000
23.125000
20.375000
2.500000
5.250000
14.875000
30.000000
24.750000
0.375000
-1.000000
4.250000
19.750000
25.250000
17.875000
11.750000
-4.000000
5.250000
10.375000
23.375000
12.750000
6.000000
3.250000
7.625000
19.125000
11.500000
13.000000
10.500000
15.625000
11.000000
13.125000
12.875000
11.250000
11.750000
20.000000
29.125000
27.250000
13.000000
1.000000
11.125000
31.250000
34.125000
14.375000
3.750000
12.125000
23.875000
22.000000
8.875000
3.250000
1.750000
13.625000
19.500000
19.000000
-2.500000
-10.875000
-4.500000
18.625000
16.750000
-3.125000
-17.000000
-8.750000
12.125000
9.000000
-1.375000
-16.375000
-5.625000
4.250000
6.000000
0.500000
-9.500000
-0.625000
5.250000
16.500000
11.750000
2.625000
-4.125000
0.125000
10.250000
23.125000
12.500000
8.750000
9.125000
11.875000
15.750000
9.250000
5.625000
2.625000
18.625000
23.000000
25.625000
4.625000
2.000000
6.625000
21.750000
24.375000
14.000000
3.125000
-6.500000
13.750000
23.125000
20.000000
-2.875000
-9.250000
8.000000
26.750000
31.625000
6.375000
-1.375000
14.125000
22.375000
20.625000
16.375000
18.500000
25.000000
19.000000
21.875000
19.250000
25.750000
25.375000
28.125000
30.750000
12.750000
13.750000
15.125000
43.000000
35.375000
15.125000
-5.500000
-4.500000
26.750000
41.375000
37.625000
-2.250000
-8.750000
4.000000
28.125000
31.625000
16.000000
-2.250000
6.125000
21.750000
24.250000
7.375000
-2.500000
2.750000
17.500000
27.250000
10.000000
6.500000
-7.125000
13.375000
20.750000
18.375000
3.500000
-10.625000
4.375000
11.375000
27.125000
6.250000
-1.875000
-1.750000
6.375000
5.375000
5.250000
3.875000
9.375000
0.250000
-4.500000
-4.125000
-2.000000
4.125000
3.750000
13.875000
-7.125000
-7.125000
-13.750000
7.875000
15.000000
6.625000
-3.000000
-12.500000
13.750000
13.875000
21.250000
-7.500000
1.250000
10.250000
24.625000
18.500000
2.750000
13.625000
6.625000
20.000000
20.000000
25.625000
20.125000
11.250000
26.500000
29.500000
25.500000
-5.250000
11.625000
18.500000
39.750000
15.500000
13.125000
9.625000
12.750000
16.875000
18.375000
15.375000
10.750000
13.375000
9.375000
14.375000
15.875000
23.750000
22.125000
16.250000
17.500000
9.875000
22.000000
14.375000
28.875000
19.250000
24.875000
20.875000
25.875000
18.625000
19.125000
22.000000
25.000000
34.500000
13.125000
30.500000
7.375000
29.125000
16.000000
17.000000
13.625000
18.875000
36.500000
15.000000
16.125000
0.375000
19.250000
23.125000
22.750000
14.500000
5.875000
15.625000
8.000000
9.625000
0.250000
5.875000
7.250000
9.125000
6.125000
3.375000
8.375000
5.625000
9.250000
1.125000
3.750000
9.875000
6.125000
5.125000
-1.875000
6.125000
6.500000
9.375000
2.625000
1.500000
7.875000
6.625000
-2.000000
-4.125000
6.500000
12.625000
10.750000
-2.750000
0.625000
1.500000
9.375000
15.375000
1.000000
-1.250000
-0.625000
6.125000
-0.500000
7.875000
19.000000
8.625000
13.000000
0.875000
-4.250000
-7.250000
16.375000
16.375000
16.625000
5.625000
3.875000
21.500000
13.875000
10.875000
1.875000
15.375000
25.625000
20.625000
12.000000
3.500000
24.625000
32.500000
36.875000
7.125000
-0.625000
4.625000
21.000000
25.125000
23.500000
12.625000
2.125000
22.500000
28.625000
19.500000
-1.875000
0.500000
14.250000
28.625000
26.375000
1.125000
-3.625000
0.375000
29.375000
19.000000
10.875000
-10.250000
1.250000
20.625000
22.250000
18.250000
-4.375000
1.375000
13.875000
31.875000
19.750000
6.500000
2.750000
11.250000
22.125000
19.125000
10.875000
-0.125000
20.875000
20.500000
19.875000
12.000000
2.125000
16.125000
18.250000
12.375000
6.875000
5.875000
14.250000
23.125000
7.250000
7.500000
-3.125000
11.625000
10.750000
6.750000
4.375000
-1.250000
8.625000
6.375000
7.250000
-10.250000
3.875000
4.125000
10.500000
-5.875000
-5.875000
3.750000
12.250000
16.000000
2.875000
-2.000000
-0.750000
15.375000
1.000000
11.375000
0.625000
16.000000
12.875000
1.250000
3.750000
1.375000
24.500000
11.750000
15.625000
1.000000
6.250000
2.625000
15.750000
19.750000
19.750000
-0.125000
2.125000
8.125000
23.875000
18.625000
5.250000
-1.625000
5.500000
13.000000
14.250000
18.125000
5.625000
10.250000
9.750000
17.125000
10.875000
18.125000
10.250000
10.375000
20.625000
24.500000
20.000000
1.500000
14.000000
24.875000
36.750000
17.875000
6.500000
18.875000
27.500000
37.625000
12.500000
8.125000
7.375000
29.375000
31.250000
15.625000
13.500000
19.250000
33.125000
28.000000
18.250000
3.750000
5.625000
25.750000
34.625000
28.875000
3.000000
1.500000
0.500000
22.125000
26.500000
19.125000
3.625000
0.250000
17.125000
16.250000
9.125000
3.875000
6.125000
17.500000
12.875000
10.000000
-10.125000
-5.625000
1.250000
19.750000
24.375000
-1.375000
-7.125000
-9.750000
13.750000
16.375000
11.250000
-7.000000
-7.875000
4.625000
18.375000
18.125000
-2.750000
-3.000000
-1.875000
16.750000
11.125000
6.125000
-4.375000
7.375000
12.500000
13.250000
2.875000
8.875000
15.375000
15.875000
7.750000
-3.375000
-0.500000
4.375000
19.375000
16.125000
8.875000
-5.250000
-0.125000
8.250000
16.500000
9.875000
2.000000
-2.125000
2.000000
17.375000
20.375000
10.500000
3.250000
5.750000
4.500000
14.875000
7.875000
10.625000
12.750000
16.500000
11.875000
7.125000
20.125000
9.250000
19.875000
5.375000
20.375000
15.000000
16.625000
9.000000
6.250000
21.750000
12.875000
24.000000
3.375000
4.000000
6.750000
34.375000
31.875000
25.250000
12.500000
3.875000
26.625000
25.625000
33.125000
15.375000
16.250000
10.750000
23.375000
30.000000
18.000000
18.875000
8.000000
23.375000
26.875000
27.750000
11.250000
3.750000
7.875000
26.500000
24.500000
13.625000
6.125000
-5.500000
25.000000
18.500000
19.250000
-8.250000
-2.125000
6.750000
22.500000
18.500000
4.000000
-8.375000
-10.250000
13.250000
16.875000
14.625000
5.500000
-3.875000
4.125000
6.375000
18.875000
6.500000
-3.750000
1.250000
14.000000
20.625000
-8.375000
-3.250000
-2.250000
21.875000
13.000000
6.625000
-6.375000
10.750000
25.375000
12.375000
0.875000
-2.500000
18.125000
25.500000
24.125000
6.000000
-2.000000
13.250000
27.875000
29.875000
7.750000
-2.000000
12.500000
24.125000
23.125000
8.500000
5.500000
8.500000
13.625000
19.375000
20.875000
12.750000
9.750000
5.875000
16.375000
18.375000
25.500000
7.500000
1.000000
5.000000
15.250000
32.000000
14.375000
1.500000
1.500000
21.375000
32.875000
15.000000
-3.250000
-3.750000
11.375000
28.125000
18.875000
2.625000
-0.500000
15.375000
33.375000
15.125000
-3.625000
-7.625000
9.750000
31.875000
29.250000
13.250000
-7.125000
-6.875000
8.250000
26.375000
26.125000
8.500000
-11.500000
1.000000
16.500000
7.000000
0.250000
-8.750000
3.875000
8.750000
7.000000
-7.500000
-11.125000
-3.750000
4.625000
1.750000
-3.625000
-7.250000
-0.250000
1.250000
5.250000
-6.625000
-1.625000
-1.250000
6.625000
5.625000
5.750000
1.625000
8.125000
5.875000
9.000000
8.000000
12.875000
10.125000
11.375000
7.000000
8.000000
18.375000
17.000000
25.250000
10.125000
16.375000
8.125000
17.750000
13.625000
14.000000
10.250000
13.625000
17.125000
16.625000
16.750000
-1.250000
0.875000
8.250000
21.625000
16.250000
9.875000
-2.625000
11.750000
20.750000
20.250000
8.375000
2.750000
15.625000
24.125000
30.625000
11.625000
4.625000
19.000000
35.875000
36.000000
4.500000
7.000000
17.125000
44.750000
35.875000
13.875000
-3.750000
9.750000
33.875000
40.125000
19.375000
-1.000000
4.250000
26.000000
37.250000
18.500000
4.875000
-0.125000
18.250000
30.500000
22.000000
2.125000
-2.000000
13.625000
16.875000
27.375000
4.125000
9.625000
3.125000
23.375000
21.125000
14.750000
-1.000000
-10.000000
12.625000
22.750000
18.500000
-0.625000
-7.125000
6.000000
17.625000
9.000000
-2.250000
-1.250000
5.625000
8.875000
17.875000
8.875000
4.125000
-7.125000
-2.000000
11.000000
16.875000
13.250000
-5.375000
0.750000
7.250000
11.250000
6.625000
-1.250000
6.625000
11.000000
22.250000
1.125000
-6.625000
-2.375000
10.625000
21.500000
11.375000
8.125000
1.125000
4.000000
6.875000
17.500000
17.875000
16.375000
14.625000
1.125000
6.875000
16.000000
21.250000
20.000000
10.500000
8.250000
11.250000
14.375000
20.750000
15.625000
20.875000
7.000000
12.375000
20.875000
31.250000
8.375000
-0.500000
5.250000
30.125000
39.125000
13.000000
-1.375000
3.750000
27.250000
31.625000
13.000000
-2.500000
3.375000
19.000000
30.125000
14.750000
8.125000
8.375000
23.375000
24.250000
18.250000
1.875000
8.500000
16.125000
21.250000
17.750000
14.875000
15.875000
21.625000
21.000000
24.125000
13.000000
5.750000
18.625000
22.250000
17.500000
9.500000
16.125000
21.125000
23.625000
13.375000
5.875000
11.000000
21.625000
23.625000
9.250000
3.500000
5.000000
13.750000
22.125000
14.625000
-2.250000
-3.875000
2.375000
17.000000
12.625000
7.875000
4.750000
-0.125000
12.875000
1.250000
13.500000
0.375000
4.375000
1.250000
11.250000
12.000000
9.625000
11.375000
-0.875000
5.375000
2.500000
25.000000
11.000000
8.125000
0.375000
7.000000
15.250000
11.625000
14.500000
11.125000
16.375000
8.875000
6.875000
1.000000
5.875000
6.750000
19.750000
25.875000
8.125000
3.375000
-10.625000
11.000000
16.250000
18.750000
16.250000
-3.375000
8.875000
2.875000
17.000000
10.875000
7.500000
-0.125000
2.375000
12.625000
10.500000
18.000000
10.125000
9.625000
18.875000
12.625000
19.000000
3.125000
5.625000
12.750000
25.125000
24.375000
9.125000
15.375000
11.375000
34.500000
20.875000
18.875000
1.625000
20.000000
38.375000
47.875000
31.750000
-5.875000
4.625000
22.875000
52.500000
28.375000
7.875000
-6.500000
9.500000
23.125000
25.000000
12.875000
-2.625000
4.500000
9.750000
16.500000
9.750000
-0.500000
-1.750000
4.625000
10.125000
-6.125000
-10.500000
-6.250000
12.625000
10.000000
1.000000
-8.625000
-3.250000
16.750000
3.875000
2.125000
-7.000000
7.125000
12.000000
10.625000
12.125000
5.000000
15.375000
12.625000
18.000000
12.125000
10.500000
17.875000
13.500000
16.000000
7.000000
20.500000
9.875000
-1.000000
0.750000
12.375000
29.500000
8.500000
-2.750000
-11.625000
10.000000
8.250000
7.000000
-2.375000
0.875000
9.750000
8.500000
4.625000
-2.250000
4.250000
3.625000
11.250000
7.125000
9.875000
2.500000
5.875000
24.625000
23.125000
11.625000
-4.750000
13.625000
26.625000
25.500000
14.125000
9.000000
21.125000
20.875000
26.750000
15.125000
17.125000
10.500000
12.500000
18.625000
17.000000
14.500000
4.500000
14.875000
15.875000
17.375000
9.750000
0.625000
7.125000
5.125000
22.750000
10.875000
9.625000
1.125000
13.125000
23.250000
19.625000
6.750000
-1.375000
9.000000
32.125000
24.500000
23.625000
7.875000
13.750000
23.500000
28.000000
22.250000
14.750000
16.375000
18.625000
27.375000
23.000000
10.375000
13.750000
23.875000
18.000000
13.125000
2.500000
10.375000
2.125000
10.500000
7.375000
10.625000
4.000000
-5.750000
-0.625000
9.625000
6.375000
-12.125000
-12.375000
-3.000000
17.625000
18.625000
-1.250000
-5.625000
-5.625000
17.375000
14.250000
15.375000
1.125000
6.625000
16.125000
14.625000
15.625000
10.500000
16.625000
19.875000
17.500000
9.250000
1.375000
8.000000
17.125000
23.625000
18.500000
7.000000
-0.125000
10.125000
17.250000
13.500000
2.000000
1.875000
10.125000
7.750000
10.750000
10.500000
6.000000
-1.000000
-0.375000
14.875000
15.250000
0.625000
10.375000
8.000000
7.500000
19.625000
16.500000
13.625000
11.625000
10.875000
17.375000
17.125000
17.625000
15.250000
15.125000
19.625000
24.500000
16.750000
8.625000
19.375000
23.375000
14.125000
4.250000
22.875000
10.000000
8.500000
19.125000
15.500000
11.875000
7.250000
4.750000
-7.375000
17.250000
19.125000
16.500000
20.250000
-2.625000
1.250000
18.875000
29.875000
18.250000
-1.500000
-0.875000
21.250000
24.250000
18.750000
8.250000
-7.375000
-4.625000
15.875000
25.000000
20.375000
2.625000
-10.125000
2.375000
19.750000
21.500000
2.250000
-1.875000
4.375000
15.750000
18.375000
2.625000
-4.875000
3.625000
15.250000
28.250000
8.625000
1.750000
-1.250000
15.250000
12.250000
7.000000
1.000000
7.375000
12.125000
14.250000
14.500000
12.625000
19.250000
5.625000
13.875000
8.125000
21.250000
17.125000
15.375000
10.500000
16.250000
13.000000
13.625000
18.625000
12.250000
12.750000
2.375000
10.250000
13.500000
22.000000
18.000000
9.375000
3.750000
10.375000
13.750000
10.125000
9.625000
10.625000
19.750000
11.250000
6.125000
10.500000
21.875000
6.625000
-3.000000
-2.375000
16.250000
27.750000
20.000000
13.625000
11.750000
19.625000
15.000000
9.875000
12.625000
18.000000
34.625000
26.500000
20.500000
5.125000
5.125000
20.625000
23.250000
23.125000
8.875000
10.125000
11.750000
8.250000
18.000000
12.625000
19.125000
10.750000
23.250000
4.250000
-4.625000
9.125000
20.375000
25.125000
-2.875000
-4.250000
-4.750000
20.000000
13.500000
5.875000
-20.625000
-10.000000
-1.875000
4.625000
-1.625000
-10.000000
-0.500000
5.500000
4.625000
-9.375000
-17.375000
-10.375000
10.750000
17.000000
7.875000
-15.250000
-20.000000
1.000000
25.500000
24.375000
-6.250000
-6.375000
-2.750000
15.250000
15.250000
4.125000
0.625000
9.000000
16.875000
12.125000
5.500000
1.125000
4.125000
14.375000
14.125000
8.125000
-0.500000
1.500000
5.750000
17.250000
17.500000
5.250000
-3.875000
3.500000
15.125000
28.500000
14.000000
5.750000
-4.125000
13.875000
24.500000
17.625000
10.375000
1.375000
20.250000
30.375000
26.000000
9.000000
3.625000
17.250000
27.250000
38.125000
16.125000
8.125000
4.375000
26.625000
25.125000
26.250000
12.500000
13.875000
17.375000
21.250000
25.750000
10.750000
15.750000
9.125000
30.750000
23.500000
19.000000
-0.125000
3.125000
14.875000
28.750000
31.875000
15.750000
0.625000
-4.750000
17.750000
31.875000
27.125000
0.125000
-5.625000
13.500000
15.750000
20.125000
0.000000
6.875000
3.875000
13.500000
10.000000
8.875000
2.500000
4.750000
9.000000
11.625000
11.625000
-1.375000
4.625000
11.000000
13.750000
15.000000
2.250000
0.125000
0.375000
12.000000
15.250000
17.000000
6.625000
8.625000
6.500000
12.125000
8.625000
15.125000
13.750000
4.875000
-5.250000
3.125000
19.875000
30.250000
15.250000
3.000000
-3.000000
9.000000
19.250000
17.250000
12.500000
8.250000
17.875000
25.625000
22.000000
5.625000
3.875000
16.625000
35.875000
29.750000
10.750000
-9.250000
-0.250000
30.750000
38.500000
20.875000
-5.250000
-6.875000
19.000000
24.875000
22.375000
4.000000
3.500000
5.375000
21.750000
22.625000
7.750000
-1.250000
6.250000
24.000000
16.875000
12.125000
-2.625000
11.875000
23.625000
22.625000
5.375000
-2.750000
16.375000
33.125000
26.625000
-6.750000
-11.750000
12.125000
45.125000
37.125000
-0.250000
-10.875000
8.000000
39.000000
24.000000
7.875000
-11.625000
6.875000
28.125000
26.000000
14.750000
-4.875000
5.125000
19.875000
15.750000
6.875000
-9.750000
4.375000
14.375000
29.625000
12.250000
6.875000
-11.625000
1.875000
10.500000
22.000000
15.500000
-1.875000
-5.750000
1.875000
20.500000
9.250000
3.000000
1.750000
21.625000
16.750000
10.375000
-1.375000
-0.250000
17.500000
26.125000
24.625000
3.125000
2.125000
5.500000
16.125000
18.000000
11.000000
10.875000
17.625000
15.875000
17.500000
12.625000
11.250000
9.750000
14.500000
24.500000
24.375000
7.625000
4.250000
7.375000
22.125000
23.625000
12.250000
6.250000
15.375000
22.500000
10.375000
6.125000
-6.875000
4.000000
14.500000
12.750000
10.250000
3.125000
4.375000
3.250000
16.750000
8.500000
5.375000
1.625000
8.125000
13.000000
1.250000
12.500000
13.000000
12.250000
0.125000
6.250000
9.750000
16.500000
21.125000
21.500000
31.000000
24.250000
8.250000
-4.500000
20.625000
51.125000
43.625000
24.375000
-11.375000
6.000000
34.375000
47.625000
25.500000
0.250000
5.750000
30.500000
30.750000
17.375000
-5.375000
-8.625000
10.500000
28.625000
27.000000
-12.750000
-12.500000
-6.375000
27.000000
12.750000
1.875000
-12.000000
-0.875000
5.125000
21.750000
3.750000
-2.750000
-12.750000
21.125000
26.250000
22.750000
-5.125000
-8.875000
13.750000
29.750000
34.000000
10.625000
-2.000000
5.750000
20.250000
19.000000
8.750000
-2.250000
1.875000
17.625000
19.250000
7.625000
-2.375000
-0.375000
4.375000
12.000000
6.500000
-0.500000
-10.125000
-1.125000
6.500000
5.500000
-4.500000
-6.375000
4.750000
19.000000
8.500000
-5.625000
-2.500000
7.750000
19.125000
9.875000
-0.875000
-3.875000
18.250000
23.250000
13.500000
-2.375000
0.250000
22.625000
22.875000
16.000000
-1.750000
1.750000
10.875000
21.625000
14.875000
-1.625000
3.625000
9.750000
16.500000
15.500000
3.000000
10.750000
7.750000
14.000000
0.750000
9.875000
6.625000
12.375000
14.875000
20.125000
20.125000
9.875000
15.125000
8.375000
20.500000
24.625000
24.500000
18.875000
11.125000
14.875000
19.375000
19.375000
19.000000
16.625000
16.875000
21.125000
18.125000
11.375000
17.875000
15.875000
13.750000
10.750000
11.375000
9.375000
13.250000
14.000000
9.375000
5.125000
-11.000000
2.125000
12.375000
13.250000
3.125000
-11.375000
4.000000
4.750000
21.250000
2.625000
0.125000
8.375000
5.750000
14.250000
-2.750000
14.750000
10.375000
23.125000
16.625000
10.625000
4.875000
-0.750000
18.875000
23.875000
30.000000
6.000000
-2.625000
1.375000
20.875000
26.500000
5.750000
-5.875000
-1.000000
20.500000
17.250000
8.250000
-7.250000
-4.000000
2.500000
7.625000
11.500000
11.875000
6.000000
3.625000
7.250000
10.500000
0.750000
4.500000
5.375000
28.125000
23.250000
12.500000
1.750000
18.000000
21.625000
15.000000
12.000000
20.250000
31.750000
14.250000
15.875000
6.625000
19.625000
27.875000
29.125000
3.750000
5.500000
22.000000
30.750000
27.875000
9.125000
1.625000
4.750000
36.125000
31.750000
15.000000
-4.375000
6.250000
15.625000
20.750000
24.250000
6.250000
6.375000
17.250000
24.250000
13.625000
3.375000
11.750000
13.750000
13.875000
15.625000
8.125000
14.000000
2.875000
12.625000
6.000000
11.500000
6.375000
12.250000
12.125000
5.625000
5.250000
4.125000
3.750000
-1.250000
3.375000
-0.625000
8.500000
4.125000
2.125000
9.375000
3.375000
5.625000
1.500000
4.625000
11.000000
4.375000
3.750000
8.125000
11.875000
11.375000
-4.125000
6.125000
7.375000
24.000000
10.500000
3.500000
-2.125000
14.500000
16.500000
9.875000
0.625000
2.875000
12.750000
20.750000
14.500000
10.375000
11.250000
18.875000
23.750000
12.500000
7.125000
7.000000
12.500000
20.250000
17.500000
10.250000
4.000000
7.250000
17.625000
27.375000
17.375000
5.250000
7.000000
14.125000
19.375000
16.375000
9.875000
8.000000
12.000000
27.875000
13.750000
6.500000
11.625000
22.625000
28.875000
19.500000
12.250000
7.125000
15.375000
24.375000
25.250000
14.000000
10.625000
18.750000
23.250000
25.625000
17.125000
8.375000
12.250000
13.750000
18.375000
14.750000
11.750000
9.750000
0.750000
8.875000
15.125000
17.875000
5.000000
-2.125000
4.125000
18.625000
24.250000
13.625000
7.875000
8.625000
13.625000
13.625000
12.375000
10.625000
11.750000
8.875000
1.875000
7.750000
9.500000
20.875000
19.750000
2.125000
-5.875000
