-719
-728
-738
-750
-760
-774
-785
-796
-807
-818
-827
-839
-848
-858
-869
-880
-892
-906
-920
-933
-947
-960
-974
-990
-1004
-1016
-1029
-1042
-1052
-1063
-1075
-1084
-1094
-1101
-1109
-1117
-1123
-1131
-1137
-1144
-1151
-1161
-1172
-1184
-1198
-1213
-1230
-1247
-1264
-1282
-1296
-1311
-1323
-1335
-1342
-1348
-1352
-1353
-1351
-1347
-1338
-1324
-1303
-1271
-1230
-1172
-1098
-1005
-892
-767
-633
-503
-382
-283
-204
-145
-89
-5
156
458
980
1791
2047
2047
2047
2047
2047
2047
2047
2047
2047
2047
2047
2047
2047
2047
2047
2047
2047
2047
2047
2047
2047
2047
2047
2047
2047
2047
2047
2047
2047
2047
2047
2047
2047
2047
2047
2047
2047
2047
2047
2047
2047
2047
2047
2047
2047
2047
2047
2047
2047
2047
2047
2047
1711
742
42
-428
-725
-909
-1034
-1137
-1238
-1353
-1477
-1607
-1736
-1857
-1962
-2048
-2048
-2048
-2048
-2048
-2048
-2048
-2048
-2048
-2048
-2048
-2048
-2048
-2048
-2048
-2048
-2048
-2048
-2048
-2046
-2026
-2005
-1987
-1971
-1955
-1943
-1932
-1920
-1914
-1906
-1901
-1897
-1893
-1890
-1889
-1887
-1888
-1889
-1892
-1896
-1900
-1905
-1911
-1917
-1925
-1936
-1947
-1959
-1972
-1986
-2000
-2014
-2029
-2039
-2046
-2048
-2048
-2048
-2045
-2038
-2026
-2017
-2005
-1998
-1992
-1987
-1987
-1987
-1992
-1997
-2004
-2011
-2016
-2023
-2030
-2036
-2042
-2048
-2048
-2048
-2048
-2048
-2048
-2048
-2048
-2048
-2048
-2048
-2048
-2048
-2048
-2048
-2048
-2048
-2048
-2048
-2048
-2048
-2048
-2048
-2048
-2048
-2048
-2048
-2048
-2048
-2048
-2048
-2048
-2048
-2048
-2048
-2048
-2048
-2048
-2048
-2048
-2048
-2048
-2048
-2048
-2048
-2048
-2048
-2048
-2048
-2048
-2048
-2048
-2048
-2048
-2048
-2048
-2048
-2048
-2048
-2048
-2048
-2048
-2048
-2048
-2048
-2048
-2048
-2048
-2048
-2048
-2048
-2048
-2048
-2048
-2048
-2048
-2048
-2048
-2048
-2048
-2048
-2048
-2048
-2048
-2048
-2048
-2048
-2048
-2048
-2048
-2048
-2048
-2048
-2048
-2046
-2039
-2036
-2033
-2030
-2028
-2027
-2029
-2030
-2031
-2034
-2038
-2039
-2043
-2044
-2048
-2047
-2046
-2045
-2042
-2038
-2033
-2027
-2020
-2013
-2007
-2002
-1997
-1992
-1986
-1981
-1978
-1973
-1970
-1965
-1958
-1952
-1948
-1942
-1936
-1932
-1925
-1920
-1914
-1910
-1905
-1899
-1891
-1883
-1874
-1863
-1851
-1838
-1822
-1804
-1786
-1767
-1748
-1729
-1710
-1692
-1674
-1656
-1639
-1622
-1606
-1587
-1572
-1555
-1540
-1526
-1511
-1501
-1491
-1485
-1481
-1482
-1484
-1488
-1493
-1497
-1501
-1503
-1505
-1502
-1499
-1493
-1485
-1478
-1467
-1457
-1447
-1435
-1420
-1404
-1388
-1367
-1346
-1321
-1297
-1274
-1251
-1228
-1209
-1193
-1179
-1168
-1159
-1150
-1144
-1140
-1137
-1131
-1129
-1125
-1120
-1118
-1115
-1113
-1112
-1112
-1111
-1111
-1112
-1115
-1118
-1120
-1123
-1125
-1127
-1128
-1129
-1128
-1127
-1124
-1123
-1117
-1115
-1112
-1109
-1108
-1109
-1112
-1117
-1123
-1131
-1137
-1146
-1152
-1158
-1163
-1165
-1169
-1169
-1170
-1171
-1170
-1170
-1169
-1167
-1164
-1161
-1158
-1155
-1150
-1144
-1139
-1132
-1125
-1113
-1101
-1088
-1071
-1054
-1035
-1014
-993
-973
-953
-932
-913
-895
-876
-860
-844
-827
-812
-796
-781
-766
-752
-738
-724
-709
-694
-680
-666
-653
-638
-626
-613
-603
-593
-583
-577
-572
-566
-562
-561
-558
-556
-552
-549
-545
-541
-537
-533
-527
-518
-513
-506
-501
-497
-492
-487
-485
-483
-482
-482
-482
-482
-480
-478
-475
-470
-466
-461
-455
-448
-443
-438
-433
-430
-425
-423
-421
-419
-417
-416
-416
-414
-414
-415
-416
-419
-421
-425
-430
-435
-441
-447
-452
-458
-462
-465
-468
-470
-470
-473
-474
-476
-480
-483
-487
-494
-500
-508
-515
-521
-525
-529
-532
-534
-536
-538
-540
-543
-547
-552
-559
-567
-573
-581
-586
-596
-603
-612
-619
-627
-635
-643
-653
-661
-670
-680
-688
-698
-708
-718
-727
-738
-750
-760
-772
-784
-795
-806
-818
-828
-839
-850
-861
-870
-883
-895
-908
-922
-936
-951
-965
-980
-993
-1008
-1021
-1033
-1046
-1057
-1069
-1079
-1089
-1098
-1107
-1115
-1122
-1129
-1136
-1142
-1148
-1156
-1166
-1177
-1188
-1202
-1218
-1233
-1250
-1268
-1285
-1300
-1314
-1327
-1337
-1345
-1352
-1355
-1356
-1355
-1350
-1343
-1330
-1311
-1281
-1242
-1187
-1115
-1027
-918
-794
-663
-532
-410
-306
-225
-165
-110
-36
106
378
858
1616
2047
2047
2047
2047
2047
2047
2047
2047
2047
2047
2047
2047
2047
2047
2047
2047
2047
2047
2047
2047
2047
2047
2047
2047
2047
2047
2047
2047
2047
2047
2047
2047
2047
2047
2047
2047
2047
2047
2047
2047
2047
2047
2047
2047
2047
2047
2047
2047
2047
2047
2047
2047
1828
826
95
-398
-712
-904
-1033
-1135
-1234
-1342
-1465
-1592
-1720
-1841
-1947
-2034
-2048
-2048
-2048
-2048
-2048
-2048
-2048
-2048
-2048
-2048
-2048
-2048
-2048
-2048
-2048
-2048
-2048
-2048
-2025
-2003
-1983
-1965
-1947
-1931
-1919
-1907
-1897
-1891
-1882
-1877
-1872
-1868
-1866
-1864
-1863
-1865
-1865
-1868
-1871
-1875
-1878
-1884
-1890
-1898
-1906
-1916
-1928
-1941
-1954
-1967
-1982
-1997
-2008
-2017
-2021
-2025
-2023
-2020
-2013
-2003
-1993
-1984
-1975
-1969
-1964
-1964
-1965
-1970
-1976
-1983
-1991
-1995
-2005
-2012
-2016
-2022
-2029
-2034
-2038
-2045
-2048
-2048
-2048
-2048
-2048
-2048
-2048
-2048
-2048
-2048
-2048
-2048
-2048
-2048
-2048
-2048
-2048
-2048
-2048
-2048
-2048
-2048
-2048
-2048
-2048
-2048
-2048
-2048
-2048
-2048
-2048
-2048
-2048
-2048
-2048
-2048
-2048
-2048
-2048
-2048
-2048
-2048
-2048
-2048
-2048
-2048
-2048
-2048
-2048
-2048
-2048
-2048
-2048
-2048
-2048
-2048
-2047
-2043
-2043
-2042
-2042
-2045
-2048
-2048
-2048
-2048
-2048
-2048
-2048
-2048
-2048
-2048
-2048
-2048
-2048
-2048
-2048
-2048
-2048
-2048
-2048
-2048
-2048
-2048
-2048
-2048
-2048
-2048
-2048
-2042
-2035
-2031
-2027
-2022
-2021
-2019
-2018
-2019
-2022
-2024
-2025
-2028
-2031
-2034
-2036
-2037
-2037
-2035
-2032
-2028
-2022
-2015
-2008
-2000
-1991
-1981
-1975
-1966
-1961
-1952
-1946
-1941
-1933
-1926
-1920
-1913
-1906
-1898
-1890
-1882
-1875
-1869
-1861
-1854
-1847
-1840
-1833
-1824
-1816
-1806
-1793
-1780
-1766
-1750
-1732
-1713
-1695
-1675
-1656
-1637
-1618
-1600
-1584
-1568
-1550
-1535
-1518
-1502
-1485
-1470
-1455
-1442
-1429
-1421
-1415
-1411
-1411
-1413
-1416
-1421
-1426
-1431
-1433
-1434
-1433
-1429
-1424
-1418
-1410
-1403
-1393
-1384
-1373
-1360
-1345
-1329
-1309
-1290
-1267
-1243
-1222
-1200
-1178
-1158
-1142
-1128
-1116
-1109
-1099
-1095
-1089
-1086
-1082
-1079
-1075
-1070
-1066
-1064
-1062
-1059
-1057
-1055
-1055
-1056
-1058
-1059
-1060
-1061
-1062
-1065
-1065
-1065
-1065
-1062
-1060
-1055
-1051
-1047
-1042
-1039
-1035
-1036
-1038
-1042
-1045
-1052
-1059
-1065
-1072
-1078
-1082
-1084
-1087
-1089
-1088
-1088
-1089
-1088
-1088
-1087
-1085
-1083
-1079
-1076
-1073
-1070
-1064
-1059
-1052
-1042
-1031
-1018
-1004
-987
-970
-951
-931
-911
-892
-873
-857
-838
-822
-806
-792
-782
-765
-750
-736
-722
-709
-696
-684
-670
-658
-643
-631
-619
-605
-595
-582
-572
-564
-555
-550
-547
-542
-538
-536
-536
-534
-534
-531
-527
-524
-519
-515
-510
-503
-496
-489
-482
-476
-471
-465
-461
-458
-455
-455
-452
-452
-448
-445
-440
-437
-429
-423
-415
-407
-400
-392
-386
-380
-376
-370
-367
-364
-361
-360
-358
-355
-353
-353
-354
-355
-356
-359
-364
-369
-373
-379
-383
-388
-393
-396
-400
-402
-401
-402
-404
-407
-409
-412
-415
-422
-425
-432
-438
-444
-448
-452
-454
-455
-457
-458
-459
-461
-464
-469
-476
-484
-491
-499
-505
-512
-520
-529
-537
-546
-553
-561
-570
-580
-590
-599
-609
-618
-631
-639
-652
-663
-675
-686
-699
-712
-724
-736
-748
-759
-769
-779
-789
-800
-811
-824
-835
-848
-863
-876
-891
-905
-918
-931
-945
-959
-971
-982
-992
-1003
-1013
-1022
-1030
-1038
-1044
-1050
-1058
-1063
-1069
-1075
-1083
-1094
-1106
-1117
-1131
-1147
-1162
-1180
-1198
-1214
-1229
-1243
-1253
-1263
-1271
-1276
-1277
-1277
-1275
-1269
-1259
-1243
-1217
-1180
-1131
-1065
-984
-880
-762
-633
-500
-375
-268
-182
-118
-64
0
119
349
763
1441
2047
2047
2047
2047
2047
2047
2047
2047
2047
2047
2047
2047
2047
2047
2047
2047
2047
2047
2047
2047
2047
2047
2047
2047
2047
2047
2047
2047
2047
2047
2047
2047
2047
2047
2047
2047
2047
2047
2047
2047
2047
2047
2047
2047
2047
2047
2047
2047
2047
2047
2047
2047
2047
1175
365
-191
-551
-774
-915
-1022
-1120
-1226
-1344
-1471
-1599
-1722
-1832
-1926
-2000
-2048
-2048
-2048
-2048
-2048
-2048
-2048
-2048
-2048
-2048
-2048
-2048
-2048
-2042
-2020
-1994
-1972
-1949
-1929
-1908
-1890
-1872
-1857
-1843
-1831
-1820
-1813
-1805
-1800
-1795
-1791
-1789
-1788
-1787
-1787
-1788
-1791
-1795
-1800
-1804
-1810
-1818
-1828
-1836
-1848
-1860
-1873
-1887
-1903
-1918
-1932
-1946
-1956
-1964
-1969
-1971
-1969
-1962
-1954
-1943
-1935
-1925
-1919
-1914
-1912
-1912
-1916
-1920
-1928
-1933
-1941
-1947
-1953
-1959
-1966
-1972
-1977
-1979
-1985
-1991
-1997
-2003
-2009
-2014
-2020
-2025
-2030
-2035
-2041
-2045
-2048
-2048
-2048
-2048
-2048
-2048
-2048
-2048
-2048
-2048
-2048
-2048
-2048
-2048
-2048
-2048
-2048
-2048
-2048
-2048
-2048
-2048
-2048
-2048
-2048
-2048
-2048
-2048
-2048
-2048
-2048
-2048
-2048
-2048
-2048
-2048
-2048
-2048
-2048
-2046
-2038
-2030
-2024
-2018
-2013
-2009
-2006
-2006
-2006
-2008
-2012
-2017
-2022
-2028
-2034
-2041
-2047
-2048
-2048
-2048
-2048
-2048
-2048
-2048
-2048
-2048
-2048
-2048
-2048
-2048
-2048
-2048
-2048
-2048
-2048
-2048
-2048
-2041
-2033
-2026
-2021
-2016
-2011
-2008
-2005
-2005
-2006
-2005
-2008
-2008
-2011
-2011
-2012
-2013
-2013
-2013
-2011
-2007
-2001
-1995
-1988
-1979
-1970
-1960
-1950
-1942
-1934
-1925
-1918
-1909
-1901
-1894
-1888
-1880
-1871
-1864
-1856
-1847
-1840
-1832
-1825
-1816
-1808
-1801
-1795
-1788
-1780
-1770
-1761
-1749
-1737
-1723
-1708
-1690
-1671
-1653
-1635
-1617
-1599
-1579
-1560
-1545
-1528
-1512
-1497
-1479
-1462
-1447
-1432
-1418
-1406
-1394
-1385
-1379
-1374
-1375
-1378
-1384
-1388
-1396
-1402
-1407
-1411
-1413
-1411
-1408
-1402
-1397
-1391
-1384
-1375
-1366
-1354
-1341
-1327
-1310
-1290
-1269
-1246
-1224
-1202
-1182
-1162
-1144
-1129
-1117
-1106
-1099
-1091
-1085
-1079
-1075
-1071
-1067
-1063
-1058
-1053
-1049
-1046
-1043
-1041
-1040
-1039
-1038
-1038
-1040
-1039
-1041
-1042
-1041
-1041
-1040
-1038
-1034
-1030
-1024
-1019
-1015
-1012
-1009
-1008
-1009
-1013
-1018
-1025
-1032
-1040
-1046
-1053
-1060
-1064
-1067
-1070
-1072
-1075
-1075
-1076
-1077
-1078
-1077
-1077
-1076
-1073
-1073
-1070
-1066
-1062
-1057
-1050
-1042
-1031
-1019
-1005
-990
-973
-955
-937
-918
-901
-884
-867
-853
-837
-822
-809
-795
-782
-771
-756
-744
-731
-720
-708
-696
-685
-671
-659
-646
-635
-624
-611
-603
-594
-587
-582
-577
-572
-570
-567
-565
-562
-560
-555
-554
-547
-541
-534
-528
-519
-512
-504
-497
-491
-484
-477
-473
-471
-468
-464
-461
-457
-454
-449
-443
-436
-428
-420
-411
-403
-396
-387
-382
-374
-369
-365
-360
-358
-355
-352
-348
-347
-348
-346
-347
-348
-351
-354
-358
-363
-369
-374
-378
-384
-386
-390
-392
-395
-394
-396
-396
-398
-402
-406
-410
-416
-423
-430
-435
-443
-446
-451
-453
-456
-457
-459
-462
-468
-471
-478
-484
-492
-499
-507
-516
-524
-532
-540
-548
-557
-567
-576
-584
-595
-604
-613
-624
-634
-645
-655
-665
-674
-687
-699
-712
-722
-733
-745
-755
-765
-776
-785
-795
-805
-815
-828
-841
-853
-865
-878
-892
-904
-918
-930
-944
-954
-965
-976
-987
-997
-1005
-1014
-1022
-1029
-1037
-1043
-1050
-1056
-1064
-1073
-1083
-1096
-1108
-1122
-1139
-1156
-1175
-1195
-1212
-1230
-1245
-1259
-1271
-1281
-1289
-1293
-1297
-1298
-1297
-1290
-1279
-1260
-1232
-1192
-1136
-1065
-972
-864
-741
-610
-482
-366
-270
-198
-142
-89
-5
158
471
1009
1839
2047
2047
2047
2047
2047
2047
2047
2047
2047
2047
2047
2047
2047
2047
2047
2047
2047
2047
2047
2047
2047
2047
2047
2047
2047
2047
2047
2047
2047
2047
2047
2047
2047
2047
2047
2047
2047
2047
2047
2047
2047
2047
2047
2047
2047
2047
2047
2047
2047
2047
2047
2047
1628
699
34
-406
-682
-854
-973
-1070
-1173
-1285
-1407
-1538
-1663
-1779
-1880
-1962
-2027
-2048
-2048
-2048
-2048
-2048
-2048
-2048
-2048
-2048
-2048
-2048
-2048
-2048
-2028
-2005
-1982
-1961
-1939
-1918
-1902
-1884
-1869
-1856
-1845
-1836
-1830
-1824
-1817
-1814
-1812
-1810
-1810
-1810
-1811
-1813
-1816
-1821
-1827
-1833
-1839
-1847
-1855
-1865
-1877
-1887
-1902
-1915
-1930
-1945
-1962
-1976
-1986
-1998
-2003
-2005
-2005
-1999
-1993
-1983
-1972
-1961
-1953
-1946
-1941
-1939
-1939
-1942
-1946
-1952
-1956
-1962
-1966
-1971
-1975
-1978
-1982
-1987
-1989
-1992
-1997
-2002
-2006
-2012
-2016
-2020
-2024
-2029
-2034
-2038
-2042
-2048
-2048
-2048
-2048
-2048
-2048
-2048
-2048
-2048
-2048
-2048
-2048
-2048
-2048
-2048
-2048
-2048
-2048
-2048
-2048
-2048
-2048
-2048
-2048
-2048
-2048
-2048
-2048
-2048
-2048
-2048
-2048
-2048
-2048
-2048
-2048
-2048
-2048
-2048
-2048
-2048
-2048
-2048
-2048
-2043
-2042
-2040
-2041
-2043
-2046
-2048
-2048
-2048
-2048
-2048
-2048
-2048
-2048
-2048
-2048
-2048
-2048
-2048
-2048
-2048
-2048
-2048
-2048
-2048
-2048
-2048
-2048
-2048
-2048
-2048
-2048
-2048
-2048
-2046
-2038
-2031
-2024
-2019
-2015
-2012
-2010
-2007
-2007
-2007
-2007
-2008
-2008
-2007
-2008
-2008
-2006
-2001
-1997
-1990
-1983
-1973
-1964
-1954
-1943
-1933
-1924
-1916
-1905
-1898
-1889
-1883
-1872
-1865
-1856
-1849
-1840
-1832
-1824
-1816
-1807
-1799
-1791
-1784
-1777
-1770
-1763
-1755
-1746
-1736
-1725
-1712
-1698
-1683
-1667
-1649
-1631
-1613
-1595
-1578
-1559
-1544
-1528
-1514
-1499
-1484
-1469
-1455
-1440
-1426
-1412
-1400
-1391
-1383
-1379
-1377
-1378
-1382
-1387
-1395
-1401
-1407
-1412
-1414
-1415
-1413
-1408
-1405
-1398
-1390
-1382
-1372
-1361
-1349
-1334
-1317
-1299
-1279
-1256
-1232
-1207
-1184
-1161
-1141
-1122
-1106
-1093
-1081
-1071
-1063
-1057
-1050
-1043
-1037
-1031
-1025
-1020
-1013
-1009
-1004
-999
-996
-995
-993
-993
-993
-995
-995
-996
-995
-996
-996
-993
-991
-987
-985
-980
-977
-972
-971
-970
-972
-975
-981
-987
-996
-1004
-1014
-1024
-1032
-1039
-1045
-1051
-1055
-1058
-1063
-1066
-1068
-1069
-1072
-1074
-1075
-1077
-1076
-1076
-1076
-1074
-1073
-1068
-1062
-1054
-1046
-1035
-1022
-1007
-991
-974
-956
-941
-922
-907
-892
-876
-861
-847
-832
-819
-804
-790
-777
-762
-748
-734
-720
-707
-692
-677
-664
-649
-635
-620
-606
-597
-586
-577
-569
-562
-558
-553
-548
-545
-540
-536
-530
-523
-518
-510
-502
-494
-484
-477
-468
-461
-453
-447
-441
-435
-432
-430
-427
-423
-420
-414
-409
-403
-397
-387
-378
-371
-363
-355
-348
-342
-335
-331
-327
-323
-320
-318
-316
-313
-313
-312
-313
-314
-316
-318
-323
-327
-333
-339
-345
-352
-356
-361
-365
-367
-368
-370
-372
-373
-378
-380
-384
-392
-397
-405
-412
-419
-424
-429
-432
-434
-438
-441
-440
-444
-447
-453
-459
-467
-474
-480
-488
-496
-503
-510
-517
-523
-530
-538
-547
-554
-562
-570
-578
-587
-596
-604
-612
-620
-630
-640
-651
-662
-671
-680
-690
-698
-708
-717
-726
-735
-745
-755
-767
-778
-792
-805
-817
-831
-846
-860
-873
-886
-899
-910
-922
-933
-944
-954
-964
-973
-981
-990
-998
-1005
-1013
-1022
-1034
-1046
-1058
-1074
-1090
-1108
-1128
-1149
-1169
-1190
-1208
-1224
-1239
-1252
-1263
-1270
-1277
-1282
-1282
-1280
-1274
-1261
-1241
-1209
-1163
-1103
-1025
-928
-813
-687
-556
-431
-323
-235
-170
-118
-58
51
262
652
1296
2047
2047
2047
2047
2047
2047
2047
2047
2047
2047
2047
2047
2047
2047
2047
2047
2047
2047
2047
2047
2047
2047
2047
2047
2047
2047
2047
2047
2047
2047
2047
2047
2047
2047
2047
2047
2047
2047
2047
2047
2047
2047
2047
2047
2047
2047
2047
2047
2047
2047
2047
2047
2047
1350
511
-76
-456
-692
-843
-950
-1049
-1155
-1273
-1398
-1528
-1653
-1766
-1863
-1942
-2002
-2045
-2048
-2048
-2048
-2048
-2048
-2048
-2048
-2048
-2048
-2048
-2039
-2019
-2000
-1977
-1956
-1935
-1916
-1898
-1883
-1868
-1852
-1842
-1831
-1824
-1818
-1814
-1809
-1807
-1806
-1805
-1806
-1806
-1807
-1811
-1814
-1819
-1824
-1830
-1836
-1844
-1852
-1860
-1871
-1883
-1896
-1909
-1922
-1937
-1950
-1962
-1973
-1979
-1985
-1985
-1982
-1975
-1965
-1953
-1942
-1931
-1920
-1913
-1908
-1905
-1906
-1907
-1912
-1915
-1920
-1926
-1933
-1937
-1942
-1944
-1948
-1952
-1957
-1963
-1967
-1971
-1976
-1983
-1989
-1993
-1998
-2005
-2009
-2015
-2023
-2029
-2037
-2044
-2048
-2048
-2048
-2048
-2048
-2048
-2048
-2048
-2048
-2048
-2048
-2048
-2048
-2048
-2048
-2048
-2048
-2048
-2048
-2048
-2048
-2048
-2048
-2048
-2048
-2048
-2048
-2048
-2048
-2048
-2048
-2048
-2048
-2048
-2048
-2048
-2048
-2048
-2048
-2048
-2048
-2048
-2048
-2048
-2048
-2048
-2048
-2048
-2048
-2048
-2048
-2048
-2048
-2048
-2048
-2048
-2048
-2048
-2048
-2048
-2048
-2048
-2048
-2048
-2048
-2048
-2048
-2048
-2048
-2048
-2048
-2048
-2048
-2048
-2038
-2029
-2020
-2013
-2005
-2000
-1995
-1990
-1989
-1989
-1987
-1985
-1985
-1985
-1984
-1984
-1981
-1981
-1978
-1972
-1966
-1959
-1951
-1943
-1931
-1922
-1913
-1903
-1893
-1885
-1877
-1870
-1863
-1856
-1849
-1842
-1835
-1829
-1820
-1813
-1807
-1799
-1792
-1785
-1779
-1773
-1768
-1764
-1756
-1748
-1741
-1733
-1723
-1712
-1698
-1684
-1667
-1650
-1632
-1616
-1599
-1582
-1567
-1551
-1535
-1521
-1504
-1491
-1475
-1462
-1445
-1431
-1418
-1406
-1396
-1389
-1384
-1383
-1384
-1386
-1390
-1396
-1401
-1407
-1408
-1408
-1407
-1402
-1396
-1390
-1380
-1371
-1359
-1347
-1334
-1320
-1303
-1285
-1263
-1240
-1215
-1190
-1166
-1140
-1117
-1096
-1077
-1062
-1048
-1037
-1027
-1019
-1012
-1007
-1000
-993
-987
-982
-977
-971
-968
-964
-961
-959
-957
-958
-959
-961
-961
-963
-967
-970
-972
-972
-972
-972
-970
-968
-967
-965
-964
-966
-967
-971
-978
-986
-996
-1007
-1019
-1030
-1041
-1052
-1061
-1069
-1074
-1081
-1086
-1092
-1096
-1100
-1103
-1106
-1110
-1112
-1114
-1115
-1116
-1116
-1113
-1112
-1107
-1101
-1094
-1083
-1069
-1056
-1040
-1021
-1004
-984
-967
-949
-930
-913
-896
-881
-864
-849
-834
-820
-805
-789
-774
-759
-743
-726
-712
-694
-679
-663
-647
-631
-617
-604
-590
-581
-573
-565
-556
-552
-546
-542
-538
-532
-527
-521
-514
-506
-498
-490
-477
-471
-461
-453
-444
-439
-431
-427
-420
-419
-416
-412
-409
-406
-402
-396
-391
-385
-378
-370
-362
-356
-349
-343
-341
-336
-332
-329
-327
-326
-326
-325
-325
-324
-325
-327
-329
-332
-336
-341
-346
-352
-358
-366
-371
-377
-381
-384
-388
-388
-391
-392
-394
-398
-401
-406
-411
-417
-424
-430
-435
-439
-443
-446
-447
-447
-448
-450
-452
-455
-459
-465
-471
-477
-483
-490
-496
-502
-507
-513
-519
-525
-532
-540
-546
-554
-561
-568
-577
-585
-594
-602
-612
-621
-630
-640
-652
-662
-672
-681
-690
-700
-709
-720
-729
-739
-750
-762
-774
-788
-803
-817
-831
-846
-862
-876
-890
-904
-916
-930
-940
-952
-964
-976
-986
-996
-1005
-1015
-1024
-1035
-1045
-1057
-1071
-1086
-1103
-1121
-1142
-1162
-1183
-1203
-1224
-1243
-1260
-1274
-1287
-1296
-1306
-1309
-1313
-1315
-1311
-1302
-1287
-1261
-1227
-1177
-1111
-1024
-920
-801
-671
-541
-420
-317
-236
-176
-124
-52
85
350
818
1561
2047
2047
2047
2047
2047
2047
2047
2047
2047
2047
2047
2047
2047
2047
2047
2047
2047
2047
2047
2047
2047
2047
2047
2047
2047
2047
2047
2047
2047
2047
2047
2047
2047
2047
2047
2047
2047
2047
2047
2047
2047
2047
2047
2047
2047
2047
2047
2047
2047
2047
2047
2047
2047
1105
342
-183
-518
-726
-863
-968
-1069
-1179
-1300
-1430
-1561
-1683
-1792
-1884
-1961
-2018
-2048
-2048
-2048
-2048
-2048
-2048
-2048
-2048
-2048
-2048
-2048
-2048
-2031
-2011
-1990
-1968
-1950
-1931
-1913
-1897
-1882
-1869
-1859
-1848
-1841
-1833
-1828
-1824
-1821
-1818
-1817
-1814
-1816
-1816
-1817
-1821
-1824
-1828
-1831
-1836
-1842
-1850
-1858
-1865
-1875
-1886
-1898
-1912
-1926
-1938
-1949
-1957
-1965
-1967
-1967
-1964
-1955
-1945
-1935
-1923
-1913
-1905
-1896
-1892
-1892
-1891
-1895
-1902
-1906
-1912
-1918
-1923
-1930
-1934
-1940
-1943
-1949
-1954
-1959
-1965
-1973
-1978
-1986
-1991
-2000
-2007
-2014
-2021
-2029
-2037
-2046
-2048
-2048
-2048
-2048
-2048
-2048
-2048
-2048
-2048
-2048
-2048
-2048
-2048
-2048
-2048
-2048
-2048
-2048
-2048
-2048
-2048
-2048
-2048
-2048
-2048
-2048
-2048
-2048
-2048
-2048
-2048
-2048
-2048
-2048
-2048
-2048
-2048
-2048
-2048
-2048
-2048
-2048
-2048
-2048
-2048
-2048
-2048
-2048
-2048
-2048
-2048
-2048
-2048
-2048
-2048
-2048
-2048
-2048
-2048
-2048
-2048
-2048
-2048
-2048
-2048
-2048
-2048
-2048
-2048
-2048
-2048
-2048
-2048
-2044
-2034
-2023
-2013
-2002
-1993
-1988
-1979
-1973
-1969
-1965
-1964
-1963
-1963
-1963
-1963
-1965
-1965
-1964
-1965
-1965
-1961
-1958
-1952
-1947
-1941
-1932
-1924
-1916
-1907
-1899
-1893
-1887
-1880
-1875
-1870
-1866
-1861
-1855
-1850
-1846
-1840
-1834
-1830
-1824
-1820
-1815
-1810
-1806
-1801
-1797
-1792
-1785
-1777
-1769
-1759
-1746
-1733
-1719
-1703
-1686
-1668
-1650
-1632
-1616
-1598
-1581
-1565
-1547
-1533
-1517
-1499
-1483
-1466
-1451
-1436
-1424
-1413
-1405
-1399
-1396
-1396
-1397
-1401
-1404
-1408
-1410
-1411
-1408
-1406
-1399
-1393
-1385
-1374
-1363
-1352
-1340
-1326
-1311
-1293
-1273
-1250
-1228
-1203
-1178
-1154
-1129
-1108
-1089
-1071
-1057
-1045
-1035
-1028
-1022
-1017
-1012
-1007
-1003
-999
-995
-993
-989
-988
-984
-986
-986
-989
-992
-995
-999
-1004
-1008
-1013
-1016
-1019
-1023
-1024
-1025
-1025
-1027
-1024
-1024
-1024
-1028
-1031
-1037
-1045
-1054
-1066
-1077
-1090
-1101
-1112
-1121
-1129
-1138
-1145
-1150
-1155
-1160
-1164
-1166
-1169
-1171
-1174
-1174
-1175
-1174
-1173
-1171
-1168
-1163
-1157
-1149
-1138
-1126
-1112
-1095
-1077
-1058
-1039
-1019
-1000
-981
-961
-944
-927
-911
-894
-878
-863
-846
-830
-813
-799
-783
-767
-751
-735
-720
-704
-687
-672
-656
-643
-630
-618
-607
-598
-591
-584
-580
-574
-570
-565
-559
-554
-547
-541
-534
-526
-517
-509
-500
-491
-484
-476
-470
-465
-462
-457
-456
-454
-451
-448
-446
-442
-438
-433
-425
-420
-413
-407
-400
-395
-389
-386
-383
-381
-378
-376
-376
-374
-374
-373
-374
-374
-376
-377
-381
-384
-390
-396
-400
-406
-411
-415
-421
-424
-425
-426
-427
-428
-429
-430
-432
-435
-439
-444
-449
-455
-461
-465
-469
-471
-472
-473
-474
-474
-475
-478
-481
-486
-492
-498
-505
-510
-518
-524
-530
-536
-543
-551
-559
-567
-574
-582
-589
-598
-608
-617
-626
-635
-645
-654
-665
-677
-689
-700
-711
-723
-734
-744
-756
-767
-777
-790
-803
-816
-829
-844
-861
-876
-893
-910
-927
-942
-958
-972
-987
-1001
-1015
-1030
-1041
-1053
-1064
-1074
-1086
-1096
-1106
-1114
-1125
-1136
-1151
-1163
-1179
-1197
-1215
-1236
-1256
-1278
-1297
-1315
-1332
-1348
-1362
-1372
-1379
-1385
-1387
-1388
-1388
-1381
-1369
-1348
-1318
-1276
-1218
-1144
-1049
-937
-810
-679
-550
-435
-340
-267
-211
-155
-65
112
444
1005
1867
2047
2047
2047
2047
2047
2047
2047
2047
2047
2047
2047
2047
2047
2047
2047
2047
2047
2047
2047
2047
2047
2047
2047
2047
2047
2047
2047
2047
2047
2047
2047
2047
2047
2047
2047
2047
2047
2047
2047
2047
2047
2047
2047
2047
2047
2047
2047
2047
2047
2047
2047
2047
1670
734
59
-391
-674
-852
-974
-1076
-1181
-1295
-1419
-1551
-1680
-1800
-1906
-1992
-2048
-2048
-2048
-2048
-2048
-2048
-2048
-2048
-2048
-2048
-2048
-2048
-2048
-2048
-2048
-2048
-2048
-2040
-2020
-1999
-1981
-1964
-1947
-1935
-1920
-1912
-1903
-1895
-1889
-1883
-1880
-1875
-1872
-1870
-1870
-1871
-1872
-1874
-1876
-1880
-1883
-1888
-1894
-1901
-1908
-1918
-1928
-1940
-1953
-1967
-1980
-1993
-2003
-2012
-2018
-2021
-2020
-2014
-2007
-1996
-1986
-1975
-1965
-1959
-1955
-1953
-1955
-1958
-1964
-1971
-1978
-1986
-1995
-2003
-2009
-2016
-2022
-2030
-2036
-2044
-2048
-2048
-2048
-2048
-2048
-2048
-2048
-2048
-2048
-2048
-2048
-2048
-2048
-2048
-2048
-2048
-2048
-2048
-2048
-2048
-2048
-2048
-2048
-2048
-2048
-2048
-2048
-2048
-2048
-2048
-2048
-2048
-2048
-2048
-2048
-2048
-2048
-2048
-2048
-2048
-2048
-2048
-2048
-2048
-2048
-2048
-2048
-2048
-2048
-2048
-2048
-2048
-2048
-2048
-2048
-2048
-2048
-2048
-2048
-2048
-2048
-2048
-2048
-2048
-2048
-2048
-2048
-2048
-2048
-2048
-2048
-2048
-2048
-2048
-2048
-2048
-2048
-2048
-2048
-2048
-2048
-2048
-2048
-2048
-2048
-2048
-2048
-2048
-2048
-2048
-2048
-2048
-2044
-2038
-2035
-2032
-2031
-2031
-2033
-2033
-2034
-2036
-2038
-2041
-2042
-2044
-2043
-2042
-2039
-2036
-2032
-2025
-2018
-2011
-2004
-1997
-1991
-1985
-1979
-1974
-1971
-1966
-1962
-1959
-1952
-1946
-1942
-1936
-1930
-1925
-1918
-1913
-1907
-1903
-1896
-1890
-1885
-1878
-1870
-1860
-1850
-1838
-1824
-1807
-1792
-1773
-1755
-1736
-1716
-1696
-1679
-1660
-1642
-1624
-1606
-1587
-1571
-1552
-1536
-1519
-1503
-1487
-1472
-1462
-1455
-1450
-1448
-1446
-1449
-1451
-1456
-1459
-1460
-1459
-1458
-1452
-1446
-1439
-1430
-1419
-1408
-1397
-1384
-1370
-1355
-1336
-1317
-1296
-1272
-1248
-1225
-1201
-1179
-1158
-1142
-1126
-1114
-1106
-1097
-1092
-1088
-1085
-1081
-1079
-1077
-1074
-1073
-1071
-1070
-1069
-1070
-1071
-1073
-1077
-1081
-1085
-1089
-1096
-1100
-1107
-1110
-1114
-1116
-1119
-1119
-1120
-1119
-1118
-1118
-1117
-1119
-1124
-1129
-1135
-1145
-1154
-1163
-1175
-1186
-1194
-1200
-1206
-1213
-1218
-1221
-1224
-1225
-1226
-1228
-1228
-1229
-1228
-1228
-1226
-1222
-1219
-1215
-1211
-1203
-1196
-1184
-1171
-1157
-1141
-1122
-1102
-1082
-1061
-1041
-1022
-1002
-981
-963
-945
-928
-912
-895
-878
-862
-847
-830
-814
-799
-782
-766
-751
-735
-720
-704
-689
-675
-661
-650
-639
-631
-623
-618
-611
-608
-605
-601
-598
-593
-588
-584
-578
-572
-564
-558
-549
-542
-535
-528
-522
-517
-513
-510
-510
-507
-505
-503
-501
-497
-494
-489
-484
-477
-470
-461
-454
-448
-441
-434
-430
-425
-421
-418
-415
-412
-408
-406
-404
-402
-402
-402
-403
-405
-408
-411
-416
-419
-425
-428
-432
-435
-437
-436
-437
-437
-435
-436
-437
-437
-441
-444
-450
-453
-460
-464
-468
-470
-473
-475
-474
-475
-476
-478
-480
-484
-490
-495
-502
-509
-516
-522
-531
-538
-546
-554
-563
-571
-581
-588
-600
-609
-620
-630
-641
-652
-665
-677
-690
-703
-717
-731
-745
-758
-771
-785
-799
-811
-823
-836
-850
-864
-878
-895
-911
-926
-945
-961
-978
-994
-1011
-1026
-1040
-1056
-1068
-1082
-1093
-1105
-1116
-1126
-1135
-1145
-1154
-1162
-1172
-1180
-1192
-1203
-1217
-1231
-1247
-1264
-1283
-1302
-1320
-1338
-1356
-1369
-1384
-1394
-1402
-1408
-1412
-1412
-1412
-1405
-1395
-1379
-1356
-1318
-1270
-1206
-1122
-1019
-900
-771
-636
-509
-399
-309
-242
-187
-122
-6
220
626
1290
2047
2047
2047
2047
2047
2047
2047
2047
2047
2047
2047
2047
2047
2047
2047
2047
2047
2047
2047
2047
2047
2047
2047
2047
2047
2047
2047
2047
2047
2047
2047
2047
2047
2047
2047
2047
2047
2047
2047
2047
2047
2047
2047
2047
2047
2047
2047
2047
2047
2047
2047
2047
2047
1323
469
-131
-524
-768
-924
-1036
-1135
-1241
-1359
-1484
-1614
-1739
-1854
-1953
-2035
-2048
-2048
-2048
-2048
-2048
-2048
-2048
-2048
-2048
-2048
-2048
-2048
-2048
-2048
-2048
-2048
-2045
-2024
-2002
-1983
-1963
-1946
-1931
-1916
-1904
-1894
-1884
-1876
-1870
-1865
-1860
-1858
-1854
-1853
-1853
-1853
-1855
-1858
-1862
-1865
-1869
-1875
-1883
-1890
-1900
-1910
-1923
-1936
-1949
-1964
-1977
-1990
-2003
-2012
-2017
-2019
-2017
-2012
-2005
-1997
-1988
-1978
-1972
-1968
-1964
-1966
-1968
-1975
-1981
-1989
-1997
-2007
-2015
-2024
-2031
-2038
-2045
-2048
-2048
-2048
-2048
-2048
-2048
-2048
-2048
-2048
-2048
-2048
-2048
-2048
-2048
-2048
-2048
-2048
-2048
-2048
-2048
-2048
-2048
-2048
-2048
-2048
-2048
-2048
-2048
-2048
-2048
-2048
-2048
-2048
-2048
-2048
-2048
-2048
-2048
-2048
-2048
-2048
-2048
-2048
-2048
-2048
-2048
-2048
-2048
-2048
-2048
-2048
-2048
-2048
-2048
-2048
-2048
-2048
-2048
-2048
-2048
-2048
-2048
-2048
-2048
-2048
-2048
-2048
-2048
-2048
-2048
-2048
-2048
-2048
-2048
-2048
-2048
-2048
-2048
-2048
-2048
-2048
-2048
-2048
-2048
-2048
-2048
-2048
-2048
-2048
-2048
-2048
-2047
-2040
-2033
-2028
-2024
-2021
-2020
-2020
-2019
-2022
-2023
-2026
-2028
-2032
-2034
-2037
-2039
-2040
-2040
-2037
-2035
-2031
-2026
-2019
-2011
-2004
-1996
-1988
-1981
-1974
-1967
-1961
-1955
-1950
-1944
-1938
-1931
-1925
-1916
-1910
-1903
-1895
-1886
-1880
-1871
-1866
-1859
-1852
-1843
-1833
-1824
-1812
-1801
-1786
-1773
-1752
-1734
-1714
-1695
-1675
-1655
-1635
-1616
-1596
-1579
-1561
-1544
-1525
-1508
-1490
-1473
-1457
-1442
-1429
-1417
-1408
-1402
-1398
-1399
-1400
-1405
-1408
-1414
-1418
-1421
-1421
-1419
-1416
-1411
-1406
-1398
-1390
-1380
-1371
-1359
-1348
-1334
-1316
-1299
-1278
-1255
-1235
-1213
-1192
-1173
-1156
-1141
-1129
-1119
-1114
-1108
-1104
-1102
-1100
-1097
-1095
-1093
-1091
-1090
-1089
-1088
-1088
-1089
-1089
-1092
-1095
-1098
-1102
-1105
-1110
-1115
-1117
-1120
-1122
-1122
-1122
-1121
-1119
-1117
-1114
-1113
-1112
-1113
-1117
-1122
-1128
-1137
-1145
-1152
-1163
-1170
-1179
-1184
-1189
-1191
-1193
-1196
-1196
-1196
-1196
-1195
-1193
-1192
-1190
-1188
-1184
-1180
-1175
-1170
-1162
-1154
-1144
-1131
-1116
-1100
-1082
-1062
-1043
-1020
-1002
-981
-963
-942
-925
-908
-892
-876
-860
-844
-829
-816
-801
-787
-772
-757
-744
-729
-716
-701
-687
-674
-660
-649
-638
-630
-621
-614
-610
-605
-601
-599
-597
-594
-591
-587
-583
-579
-574
-568
-560
-554
-546
-539
-533
-524
-519
-514
-506
-506
-503
-501
-498
-496
-490
-487
-482
-474
-465
-457
-448
-437
-430
-421
-413
-407
-400
-394
-390
-384
-380
-376
-373
-372
-367
-367
-365
-365
-367
-367
-371
-374
-377
-382
-386
-389
-392
-394
-395
-395
-395
-396
-396
-397
-399
-402
-406
-411
-417
-423
-429
-433
-439
-442
-446
-447
-450
-450
-453
-456
-461
-469
-475
-482
-492
-501
-511
-520
-528
-538
-548
-558
-568
-580
-591
-601
-614
-625
-638
-651
-664
-675
-687
-703
-717
-732
-746
-760
-774
-789
-803
-817
-830
-841
-854
-867
-881
-896
-912
-927
-943
-960
-977
-994
-1011
-1027
-1041
-1055
-1069
-1082
-1095
-1105
-1117
-1126
-1134
-1145
-1152
-1161
-1167
-1175
-1183
-1192
-1202
-1213
-1226
-1239
-1257
-1272
-1289
-1307
-1322
-1339
-1351
-1364
-1374
-1380
-1385
-1386
-1387
-1384
-1379
-1370
-1354
-1330
-1299
-1256
-1196
-1118
-1023
-911
-782
-649
-518
-397
-298
-221
-162
-106
-19
149
464
1004
1836
2047
2047
2047
2047
2047
2047
2047
2047
2047
2047
2047
2047
2047
2047
2047
2047
2047
2047
2047
2047
2047
2047
2047
2047
2047
2047
2047
2047
2047
2047
2047
2047
2047
2047
2047
2047
2047
2047
2047
2047
2047
2047
2047
2047
2047
2047
2047
2047
2047
2047
2047
2047
1864
872
146
-343
-657
-850
-978
-1079
-1179
-1288
-1410
-1538
-1663
-1784
-1893
-1982
-2048
-2048
-2048
-2048
-2048
-2048
-2048
-2048
-2048
-2048
-2048
-2048
-2048
-2048
-2048
-2048
-2039
-2016
-1995
-1974
-1955
-1936
-1920
-1905
-1893
-1882
-1873
-1866
-1859
-1855
-1849
-1847
-1846
-1846
-1847
-1848
-1852
-1855
-1859
-1867
-1873
-1881
-1889
-1898
-1910
-1923
-1937
-1951
-1966
-1982
-2000
-2015
-2029
-2041
-2048
-2048
-2048
-2048
-2048
-2041
-2033
-2024
-2018
-2011
-2009
-2008
-2010
-2014
-2021
-2027
-2037
-2044
-2048
-2048
-2048
-2048
-2048
-2048
-2048
-2048
-2048
-2048
-2048
-2048
-2048
-2048
-2048
-2048
-2048
-2048
-2048
-2048
-2048
-2048
-2048
-2048
-2048
-2048
-2048
-2048
-2048
-2048
-2048
-2048
-2048
-2048
-2048
-2048
-2048
-2048
-2048
-2048
-2048
-2048
-2048
-2048
-2048
-2048
-2048
-2048
-2048
-2048
-2048
-2048
-2048
-2048
-2048
-2048
-2048
-2048
-2048
-2048
-2048
-2048
-2048
-2048
-2048
-2048
-2048
-2048
-2048
-2048
-2048
-2048
-2048
-2048
-2048
-2048
-2048
-2048
-2048
-2048
-2048
-2048
-2048
-2048
-2048
-2048
-2048
-2048
-2048
-2048
-2048
-2048
-2048
-2048
-2048
-2048
-2048
-2048
-2048
-2048
-2046
-2042
-2039
-2037
-2038
-2037
-2039
-2039
-2041
-2044
-2046
-2047
-2048
-2048
-2048
-2045
-2043
-2038
-2033
-2024
-2016
-2007
-1996
-1989
-1981
-1972
-1964
-1956
-1949
-1942
-1934
-1927
-1918
-1910
-1902
-1894
-1887
-1877
-1869
-1861
-1853
-1845
-1837
-1829
-1821
-1814
-1804
-1795
-1782
-1769
-1754
-1738
-1720
-1702
-1684
-1664
-1645
-1627
-1608
-1591
-1573
-1556
-1541
-1525
-1509
-1492
-1477
-1462
-1447
-1436
-1425
-1417
-1412
-1410
-1411
-1413
-1420
-1426
-1435
-1442
-1446
-1450
-1452
-1452
-1449
-1445
-1441
-1433
-1428
-1419
-1412
-1401
-1389
-1375
-1358
-1340
-1321
-1300
-1278
-1257
-1237
-1219
-1203
-1191
-1180
-1170
-1164
-1158
-1154
-1151
-1148
-1143
-1141
-1137
-1134
-1133
-1130
-1127
-1125
-1125
-1126
-1127
-1130
-1131
-1133
-1137
-1139
-1141
-1142
-1144
-1143
-1142
-1139
-1136
-1132
-1129
-1124
-1122
-1121
-1122
-1124
-1127
-1133
-1139
-1146
-1152
-1161
-1166
-1172
-1175
-1177
-1180
-1180
-1181
-1180
-1179
-1177
-1178
-1177
-1176
-1172
-1171
-1166
-1164
-1160
-1155
-1147
-1138
-1129
-1116
-1103
-1087
-1069
-1050
-1030
-1012
-993
-974
-956
-939
-923
-907
-892
-878
-863
-849
-835
-821
-809
-796
-782
-768
-755
-741
-729
-716
-703
-688
-677
-664
-655
-648
-639
-631
-626
-622
-618
-615
-612
-608
-604
-599
-592
-587
-579
-571
-562
-552
-543
-536
-526
-518
-510
-504
-498
-493
-490
-485
-482
-477
-471
-465
-458
-450
-441
-431
-420
-410
-401
-391
-383
-377
-369
-363
-357
-353
-348
-345
-342
-339
-336
-335
-335
-337
-338
-341
-345
-349
-354
-359
-364
-369
-373
-374
-378
-379
-380
-382
-386
-388
-392
-398
-404
-412
-420
-430
-437
-444
-451
-456
-463
-465
-470
-475
-479
-485
-494
-503
-512
-522
-533
-543
-553
-564
-574
-585
-596
-606
-618
-630
-642
-653
-665
-678
-691
-705
-717
-730
-745
-757
-771
-786
-802
-815
-829
-842
-855
-868
-879
-892
-904
-915
-929
-943
-958
-972
-988
-1003
-1017
-1034
-1048
-1062
-1076
-1089
-1101
-1112
-1122
-1132
-1141
-1149
-1156
-1162
-1169
-1175
-1179
-1185
-1191
-1198
-1207
-1216
-1227
-1239
-1254
-1269
-1284
-1298
-1312
-1326
-1338
-1347
-1354
-1360
-1361
-1364
-1361
-1357
-1349
-1337
-1319
-1291
-1254
-1204
-1138
-1052
-949
-830
-699
-566
-439
-329
-240
-176
-122
-58
59
283
688
1352
2047
2047
2047
2047
2047
2047
2047
2047
2047
2047
2047
2047
2047
2047
2047
2047
2047
2047
2047
2047
2047
2047
2047
2047
2047
2047
2047
2047
2047
2047
2047
2047
2047
2047
2047
2047
2047
2047
2047
2047
2047
2047
2047
2047
2047
2047
2047
2047
2047
2047
2047
2047
2047
1435
553
-71
-481
-738
-896
-1009
-1107
-1210
-1323
-1448
-1576
-1700
-1815
-1916
-1997
-2048
-2048
-2048
-2048
-2048
-2048
-2048
-2048
-2048
-2048
-2048
-2048
-2048
-2048
-2048
-2042
-2020
-2000
-1979
-1962
-1942
-1927
-1912
-1900
-1890
-1882
-1876
-1871
-1866
-1864
-1863
-1862
-1862
-1865
-1867
-1871
-1876
-1881
-1888
-1894
-1903
-1911
-1920
-1931
-1944
-1958
-1972
-1988
-2004
-2021
-2037
-2048
-2048
-2048
-2048
-2048
-2048
-2048
-2048
-2048
-2048
-2048
-2044
-2038
-2036
-2036
-2038
-2045
-2048
-2048
-2048
-2048
-2048
-2048
-2048
-2048
-2048
-2048
-2048
-2048
-2048
-2048
-2048
-2048
-2048
-2048
-2048
-2048
-2048
-2048
-2048
-2048
-2048
-2048
-2048
-2048
-2048
-2048
-2048
-2048
-2048
-2048
-2048
-2048
-2048
-2048
-2048
-2048
-2048
-2048
-2048
-2048
-2048
-2048
-2048
-2048
-2048
-2048
-2048
-2048
-2048
-2048
-2048
-2048
-2048
-2048
-2048
-2048
-2048
-2048
-2048
-2048
-2048
-2048
-2048
-2048
-2048
-2048
-2048
-2048
-2048
-2048
-2048
-2048
-2048
-2048
-2048
-2048
-2048
-2048
-2048
-2048
-2048
-2048
-2048
-2048
-2048
-2048
-2048
-2048
-2048
-2048
-2048
-2048
-2048
-2048
-2048
-2048
-2048
-2048
-2048
-2048
-2048
-2048
-2048
-2048
-2048
-2048
-2048
-2048
-2048
-2048
-2048
-2048
-2048
-2048
-2048
-2045
-2040
-2033
-2026
-2017
-2007
-1997
-1987
-1976
-1968
-1958
-1950
-1941
-1934
-1926
-1920
-1911
-1904
-1895
-1889
-1880
-1872
-1865
-1857
-1850
-1843
-1836
-1830
-1822
-1817
-1808
-1799
-1790
-1780
-1768
-1754
-1739
-1723
-1707
-1691
-1673
-1656
-1641
-1624
-1610
-1595
-1580
-1566
-1551
-1538
-1524
-1511
-1499
-1486
-1476
-1468
-1462
-1460
-1460
-1463
-1468
-1476
-1484
-1492
-1500
-1507
-1510
-1513
-1512
-1509
-1506
-1501
-1495
-1487
-1480
-1471
-1461
-1448
-1432
-1414
-1395
-1374
-1352
-1332
-1310
-1291
-1271
-1257
-1244
-1232
-1225
-1218
-1212
-1208
-1203
-1199
-1195
-1191
-1186
-1181
-1178
-1174
-1170
-1167
-1165
-1164
-1163
-1163
-1163
-1164
-1164
-1163
-1164
-1162
-1159
-1158
-1154
-1147
-1143
-1137
-1131
-1127
-1123
-1121
-1121
-1125
-1127
-1133
-1140
-1148
-1155
-1163
-1169
-1173
-1179
-1182
-1185
-1185
-1188
-1189
-1190
-1190
-1191
-1191
-1189
-1189
-1187
-1185
-1184
-1181
-1175
-1171
-1161
-1152
-1140
-1127
-1112
-1096
-1078
-1059
-1041
-1023
-1006
-990
-972
-956
-942
-928
-912
-897
-883
-868
-853
-841
-827
-811
-797
-782
-767
-752
-737
-722
-707
-693
-680
-668
-657
-648
-639
-633
-627
-621
-615
-610
-605
-599
-592
-585
-576
-567
-558
-547
-536
-528
-516
-506
-497
-489
-482
-475
-470
-466
-461
-455
-451
-444
-438
-430
-421
-414
-404
-394
-386
-377
-370
-362
-355
-352
-346
-343
-339
-337
-334
-332
-331
-330
-330
-331
-333
-337
-343
-347
-354
-360
-369
-375
-382
-387
-390
-396
-399
-402
-407
-412
-417
-423
-430
-438
-447
-458
-467
-476
-484
-492
-497
-502
-507
-511
-517
-522
-530
-538
-548
-558
-569
-578
-588
-599
-610
-621
-631
-642
-653
-663
-674
-684
-695
-708
-718
-730
-741
-751
-764
-776
-788
-801
-814
-826
-838
-850
-862
-873
-883
-893
-904
-913
-925
-937
-948
-959
-973
-985
-1000
-1012
-1026
-1037
-1051
-1062
-1073
-1083
-1092
-1100
-1110
-1116
-1122
-1130
-1135
-1140
-1144
-1149
-1155
-1163
-1171
-1178
-1189
-1202
-1215
-1230
-1248
-1264
-1278
-1295
-1309
-1322
-1332
-1340
-1346
-1350
-1350
-1350
-1346
-1340
-1327
-1309
-1282
-1244
-1191
-1123
-1036
-931
-811
-681
-550
-428
-323
-240
-179
-127
-59
69
315
753
1457
2047
2047
2047
2047
2047
2047
2047
2047
2047
2047
2047
2047
2047
2047
2047
2047
2047
2047
2047
2047
2047
2047
2047
2047
2047
2047
2047
2047
2047
2047
2047
2047
2047
2047
2047
2047
2047
2047
2047
2047
2047
2047
2047
2047
2047
2047
2047
2047
2047
2047
2047
2047
2047
1282
447
-134
-511
-747
-895
-1003
-1102
-1207
-1324
-1450
-1580
-1704
-1817
-1915
-1993
-2048
-2048
-2048
-2048
-2048
-2048
-2048
-2048
-2048
-2048
-2048
-2048
-2048
-2048
-2048
-2044
-2022
-2004
-1985
-1967
-1953
-1938
-1926
-1915
-1906
-1899
-1894
-1889
-1885
-1885
-1884
-1884
-1885
-1886
-1890
-1894
-1898
-1904
-1911
-1917
-1925
-1935
-1944
-1955
-1966
-1981
-1994
-2010
-2025
-2042
-2048
-2048
-2048
-2048
-2048
-2048
-2048
-2048
-2048
-2048
-2048
-2048
-2042
-2036
-2032
-2031
-2032
-2037
-2040
-2046
-2048
-2048
-2048
-2048
-2048
-2048
-2048
-2048
-2048
-2048
-2048
-2048
-2048
-2048
-2048
-2048
-2048
-2048
-2048
-2048
-2048
-2048
-2048
-2048
-2048
-2048
-2048
-2048
-2048
-2048
-2048
-2048
-2048
-2048
-2048
-2048
-2048
-2048
-2048
-2048
-2048
-2048
-2048
-2048
-2048
-2048
-2048
-2048
-2048
-2048
-2048
-2048
-2048
-2048
-2048
-2048
-2048
-2048
-2048
-2048
-2048
-2048
-2048
-2048
-2048
-2048
-2048
-2048
-2048
-2048
-2048
-2048
-2048
-2048
-2048
-2048
-2048
-2048
-2048
-2048
-2048
-2048
-2048
-2048
-2048
-2048
-2048
-2048
-2048
-2048
-2048
-2048
-2048
-2048
-2048
-2048
-2048
-2048
-2048
-2048
-2047
-2040
-2032
-2027
-2022
-2019
-2016
-2013
-2011
-2011
-2011
-2010
-2009
-2008
-2006
-2004
-2000
-1995
-1990
-1982
-1974
-1964
-1955
-1944
-1934
-1925
-1915
-1907
-1900
-1892
-1886
-1880
-1874
-1867
-1860
-1854
-1847
-1841
-1835
-1828
-1824
-1817
-1814
-1808
-1802
-1799
-1794
-1788
-1781
-1772
-1764
-1754
-1741
-1728
-1713
-1697
-1683
-1667
-1652
-1635
-1621
-1607
-1592
-1581
-1566
-1554
-1539
-1527
-1514
-1502
-1491
-1482
-1474
-1469
-1468
-1469
-1472
-1479
-1488
-1495
-1504
-1509
-1514
-1518
-1519
-1517
-1514
-1509
-1502
-1495
-1487
-1478
-1467
-1455
-1440
-1423
-1403
-1382
-1358
-1336
-1311
-1290
-1267
-1249
-1232
-1218
-1204
-1195
-1187
-1179
-1172
-1165
-1159
-1154
-1148
-1141
-1135
-1128
-1123
-1119
-1115
-1114
-1111
-1110
-1109
-1108
-1110
-1111
-1113
-1110
-1110
-1109
-1107
-1104
-1100
-1094
-1089
-1085
-1083
-1080
-1080
-1083
-1085
-1091
-1098
-1106
-1115
-1123
-1129
-1136
-1143
-1146
-1151
-1155
-1156
-1158
-1160
-1161
-1162
-1164
-1164
-1164
-1163
-1162
-1161
-1158
-1155
-1149
-1143
-1135
-1124
-1113
-1098
-1081
-1064
-1045
-1027
-1008
-988
-970
-951
-934
-918
-902
-885
-870
-852
-837
-822
-805
-789
-773
-757
-742
-726
-709
-693
-676
-660
-645
-630
-618
-604
-592
-581
-574
-566
-559
-552
-545
-539
-531
-525
-517
-509
-499
-489
-479
-468
-458
-448
-437
-429
-420
-413
-406
-402
-398
-393
-390
-386
-381
-376
-370
-363
-356
-348
-340
-333
-325
-318
-312
-308
-304
-302
-300
-298
-296
-295
-298
-297
-300
-301
-304
-308
-313
-320
-327
-334
-342
-351
-359
-367
-376
-381
-385
-390
-393
-397
-403
-408
-413
-421
-428
-438
-448
-457
-466
-475
-482
-490
-494
-499
-503
-509
-512
-518
-525
-533
-541
-552
-558
-567
-576
-585
-594
-602
-612
-620
-629
-639
-647
-656
-665
-675
-684
-693
-703
-711
-720
-731
-741
-752
-762
-772
-784
-792
-803
-812
-820
-829
-838
-847
-858
-868
-879
-891
-903
-916
-929
-943
-957
-968
-981
-992
-1003
-1014
-1024
-1033
-1044
-1049
-1058
-1065
-1073
-1078
-1084
-1091
-1097
-1105
-1114
-1126
-1137
-1152
-1168
-1185
-1201
-1220
-1239
-1255
-1269
-1283
-1294
-1301
-1308
-1313
-1314
-1313
-1309
-1302
-1289
-1267
-1237
-1195
-1138
-1063
-970
-859
-734
-602
-474
-354
-256
-180
-124
-68
17
179
486
1011
1825
2047
2047
2047
2047
2047
2047
2047
2047
2047
2047
2047
2047
2047
2047
2047
2047
2047
2047
2047
2047
2047
2047
2047
2047
2047
2047
2047
2047
2047
2047
2047
2047
2047
2047
2047
2047
2047
2047
2047
2047
2047
2047
2047
2047
2047
2047
2047
2047
2047
2047
2047
2047
1993
990
257
-240
-554
-752
-884
-988
-1090
-1203
-1326
-1457
-1588
-1711
-1819
-1911
-1984
-2040
-2048
-2048
-2048
-2048
-2048
-2048
-2048
-2048
-2048
-2048
-2048
-2048
-2048
-2032
-2013
-1994
-1974
-1957
-1941
-1926
-1913
-1901
-1891
-1883
-1875
-1872
-1867
-1865
-1865
-1864
-1863
-1866
-1867
-1871
-1875
-1881
-1885
-1892
-1898
-1906
-1914
-1924
-1933
-1945
-1957
-1969
-1984
-1997
-2009
-2023
-2035
-2041
-2047
-2048
-2044
-2039
-2028
-2016
-2005
-1993
-1981
-1972
-1966
-1961
-1959
-1961
-1963
-1965
-1972
-1975
-1979
-1983
-1985
-1988
-1991
-1995
-1997
-2002
-2003
-2009
-2014
-2019
-2024
-2029
-2033
-2039
-2044
-2048
-2048
-2048
-2048
-2048
-2048
-2048
-2048
-2048
-2048
-2048
-2048
-2048
-2048
-2048
-2048
-2048
-2048
-2048
-2048
-2048
-2048
-2048
-2048
-2048
-2048
-2048
-2048
-2048
-2048
-2048
-2048
-2048
-2048
-2048
-2048
-2048
-2048
-2048
-2048
-2048
-2048
-2048
-2048
-2048
-2048
-2048
-2048
-2048
-2048
-2048
-2048
-2048
-2048
-2048
-2048
-2048
-2048
-2048
-2048
-2048
-2048
-2048
-2048
-2048
-2048
-2048
-2048
-2048
-2048
-2048
-2048
-2048
-2048
-2048
-2038
-2031
-2018
-2009
-1999
-1988
-1978
-1970
-1961
-1955
-1950
-1945
-1942
-1938
-1937
-1936
-1936
-1937
-1938
-1937
-1937
-1936
-1934
-1932
-1927
-1924
-1917
-1910
-1902
-1894
-1886
-1878
-1871
-1862
-1857
-1852
-1847
-1843
-1838
-1834
-1827
-1823
-1819
-1814
-1809
-1805
-1799
-1795
-1790
-1787
-1785
-1781
-1776
-1772
-1766
-1761
-1753
-1744
-1733
-1720
-1707
-1693
-1677
-1661
-1646
-1630
-1615
-1602
-1587
-1574
-1560
-1547
-1532
-1519
-1506
-1493
-1480
-1468
-1459
-1451
-1448
-1446
-1447
-1450
-1456
-1464
-1470
-1474
-1478
-1481
-1482
-1480
-1475
-1468
-1461
-1452
-1443
-1433
-1420
-1407
-1391
-1373
-1353
-1330
-1308
-1283
-1259
-1233
-1211
-1189
-1171
-1154
-1140
-1130
-1120
-1112
-1106
-1101
-1094
-1088
-1083
-1077
-1073
-1068
-1064
-1061
-1058
-1057
-1056
-1056
-1058
-1057
-1059
-1061
-1062
-1065
-1067
-1067
-1067
-1065
-1064
-1062
-1057
-1054
-1052
-1050
-1049
-1053
-1057
-1063
-1071
-1079
-1088
-1097
-1106
-1114
-1118
-1125
-1128
-1132
-1134
-1136
-1137
-1138
-1138
-1139
-1139
-1138
-1137
-1136
-1133
-1129
-1126
-1119
-1112
-1104
-1093
-1081
-1065
-1049
-1031
-1012
-991
-972
-952
-930
-911
-894
-874
-855
-839
-821
-805
-788
-772
-754
-738
-722
-704
-688
-672
-655
-638
-620
-604
-588
-572
-557
-543
-532
-520
-511
-503
-494
-490
-483
-477
-472
-466
-459
-452
-445
-437
-427
-417
-407
-399
-390
-382
-373
-367
-362
-358
-354
-353
-351
-348
-346
-343
-341
-337
-332
-331
-321
-315
-310
-305
-302
-297
-294
-292
-291
-291
-291
-293
-292
-293
-296
-298
-302
-307
-313
-320
-327
-335
-343
-354
-363
-372
-380
-387
-393
-399
-404
-409
-412
-419
-424
-429
-437
-444
-453
-462
-469
-477
-483
-489
-494
-497
-498
-501
-504
-506
-510
-515
-521
-527
-535
-541
-549
-557
-561
-569
-575
-581
-588
-596
-602
-609
-617
-623
-631
-640
-648
-655
-665
-674
-682
-692
-702
-713
-723
-733
-743
-753
-761
-769
-779
-790
-801
-812
-823
-836
-850
-863
-877
-892
-906
-921
-934
-949
-961
-975
-985
-996
-1008
-1018
-1026
-1036
-1044
-1051
-1060
-1069
-1076
-1085
-1094
-1105
-1118
-1132
-1148
-1165
-1183
-1201
-1220
-1237
-1252
-1266
-1280
-1290
-1295
-1303
-1306
-1306
-1304
-1298
-1285
-1270
-1245
-1209
-1159
-1091
-1007
-905
-784
-655
-522
-396
-285
-199
-132
-80
-14
104
334
746
1416
2047
2047
2047
2047
2047
2047
2047
2047
2047
2047
2047
2047
2047
2047
2047
2047
2047
2047
2047
2047
2047
2047
2047
2047
2047
2047
2047
2047
2047
2047
2047
2047
2047
2047
2047
2047
2047
2047
2047
2047
2047
2047
2047
2047
2047
2047
2047
2047
2047
2047
2047
2047
2047
1396
545
-51
-441
-683
-838
-951
-1054
-1162
-1283
-1412
-1544
-1672
-1787
-1888
-1970
-2033
-2048
-2048
-2048
-2048
-2048
-2048
-2048
-2048
-2048
-2048
-2048
-2048
-2048
-2048
-2039
-2020
-2000
-1983
-1965
-1948
-1934
-1920
-1909
-1899
-1890
-1883
-1878
-1873
-1870
-1868
-1866
-1865
-1863
-1864
-1865
-1869
-1870
-1874
-1879
-1882
-1888
-1895
-1901
-1910
-1920
-1931
-1944
-1956
-1967
-1979
-1990
-1997
-2004
-2006
-2003
-1997
-1989
-1977
-1965
-1953
-1942
-1932
-1926
-1920
-1918
-1919
-1923
-1926
-1931
-1936
-1942
-1947
-1952
-1956
-1960
-1965
-1969
-1973
-1979
-1984
-1990
-1996
-2004
-2010
-2016
-2022
-2029
-2035
-2041
-2048
-2048
-2048
-2048
-2048
-2048
-2048
-2048
-2048
-2048
-2048
-2048
-2048
-2048
-2048
-2048
-2048
-2048
-2048
-2048
-2048
-2048
-2048
-2048
-2048
-2048
-2048
-2048
-2048
-2048
-2048
-2048
-2048
-2048
-2048
-2048
-2048
-2048
-2048
-2048
-2048
-2048
-2048
-2048
-2044
-2037
-2033
-2029
-2027
-2026
-2027
-2030
-2031
-2037
-2040
-2043
-2046
-2048
-2048
-2048
-2048
-2048
-2048
-2048
-2048
-2047
-2044
-2041
-2039
-2037
-2032
-2027
-2022
-2014
-2006
-1997
-1989
-1979
-1968
-1959
-1951
-1946
-1939
-1934
-1931
-1928
-1928
-1927
-1928
-1928
-1930
-1931
-1934
-1935
-1938
-1937
-1937
-1935
-1932
-1929
-1923
-1917
-1910
-1903
-1897
-1890
-1886
-1880
-1875
-1870
-1866
-1863
-1860
-1856
-1852
-1848
-1842
-1838
-1834
-1829
-1825
-1820
-1816
-1813
-1809
-1806
-1802
-1796
-1789
-1782
-1772
-1762
-1749
-1736
-1721
-1704
-1687
-1671
-1655
-1638
-1622
-1606
-1590
-1574
-1560
-1543
-1527
-1511
-1496
-1480
-1466
-1453
-1442
-1433
-1428
-1426
-1425
-1427
-1431
-1435
-1439
-1441
-1442
-1441
-1438
-1434
-1426
-1418
-1408
-1398
-1388
-1376
-1363
-1346
-1330
-1312
-1290
-1266
-1243
-1219
-1196
-1171
-1152
-1134
-1117
-1103
-1092
-1084
-1078
-1073
-1068
-1063
-1059
-1056
-1051
-1047
-1045
-1042
-1039
-1038
-1036
-1037
-1038
-1039
-1042
-1045
-1047
-1051
-1055
-1056
-1058
-1060
-1060
-1059
-1057
-1055
-1052
-1051
-1049
-1049
-1050
-1053
-1057
-1065
-1073
-1081
-1091
-1098
-1108
-1111
-1117
-1121
-1123
-1126
-1127
-1128
-1130
-1129
-1128
-1127
-1125
-1122
-1120
-1116
-1110
-1106
-1099
-1091
-1082
-1071
-1058
-1043
-1025
-1007
-986
-965
-943
-922
-900
-878
-856
-838
-818
-799
-781
-763
-744
-729
-710
-695
-677
-659
-644
-627
-610
-594
-579
-562
-546
-531
-517
-503
-493
-481
-472
-467
-460
-455
-451
-446
-443
-439
-435
-428
-424
-418
-412
-405
-398
-391
-383
-377
-372
-367
-362
-359
-358
-357
-356
-355
-354
-356
-352
-347
-343
-339
-334
-329
-325
-319
-316
-313
-311
-309
-308
-308
-308
-308
-310
-312
-314
-316
-319
-324
-327
-334
-342
-349
-355
-365
-371
-380
-388
-394
-399
-403
-407
-409
-412
-414
-416
-419
-424
-429
-435
-442
-449
-454
-459
-464
-468
-469
-469
-470
-470
-471
-471
-476
-480
-485
-491
-497
-502
-509
-514
-519
-526
-533
-539
-546
-554
-560
-568
-576
-584
-593
-601
-611
-620
-630
-639
-651
-662
-673
-685
-696
-707
-719
-729
-739
-750
-761
-771
-786
-799
-811
-826
-841
-857
