-2048
-2048
-2048
-2048
-2048
-2048
-2048
-2048
-2048
-2048
-2048
-2048
-2048
-2046
-2044
-2041
-2037
-2033
-2027
-2020
-2011
-2003
-1993
-1983
-1972
-1962
-1951
-1943
-1932
-1923
-1913
-1903
-1895
-1888
-1880
-1872
-1864
-1855
-1848
-1839
-1832
-1824
-1816
-1806
-1799
-1792
-1786
-1779
-1774
-1767
-1760
-1754
-1749
-1742
-1737
-1729
-1720
-1712
-1703
-1692
-1682
-1668
-1656
-1642
-1630
-1615
-1603
-1589
-1575
-1562
-1551
-1540
-1528
-1517
-1506
-1496
-1484
-1474
-1464
-1451
-1442
-1433
-1424
-1417
-1413
-1407
-1405
-1404
-1405
-1408
-1414
-1419
-1426
-1432
-1439
-1445
-1449
-1453
-1453
-1451
-1449
-1446
-1442
-1436
-1428
-1420
-1414
-1404
-1393
-1382
-1369
-1354
-1338
-1321
-1302
-1282
-1259
-1237
-1214
-1193
-1170
-1149
-1131
-1111
-1095
-1082
-1069
-1058
-1049
-1040
-1032
-1026
-1024
-1019
-1016
-1013
-1011
-1007
-1006
-1003
-1001
-998
-996
-994
-993
-992
-989
-987
-985
-984
-983
-983
-983
-983
-981
-981
-979
-977
-976
-974
-971
-969
-967
-966
-966
-965
-969
-974
-979
-986
-993
-1003
-1013
-1025
-1036
-1048
-1060
-1070
-1081
-1090
-1098
-1105
-1112
-1118
-1123
-1129
-1134
-1140
-1145
-1147
-1151
-1153
-1156
-1159
-1161
-1162
-1161
-1162
-1160
-1158
-1155
-1150
-1145
-1137
-1127
-1119
-1106
-1094
-1079
-1065
-1050
-1035
-1020
-1005
-990
-976
-960
-947
-934
-921
-907
-894
-881
-867
-854
-841
-826
-812
-797
-782
-768
-755
-739
-723
-708
-691
-677
-663
-648
-635
-622
-610
-598
-589
-581
-573
-566
-561
-555
-548
-546
-540
-536
-530
-525
-521
-514
-508
-501
-493
-485
-477
-469
-462
-455
-447
-439
-433
-429
-425
-419
-416
-414
-411
-410
-406
-406
-404
-399
-398
-394
-389
-383
-379
-374
-369
-364
-361
-358
-354
-351
-350
-348
-347
-346
-347
-346
-347
-347
-347
-347
-348
-350
-351
-353
-356
-359
-363
-366
-370
-375
-380
-384
-389
-395
-399
-404
-406
-408
-411
-413
-414
-415
-418
-417
-419
-422
-425
-428
-431
-436
-440
-443
-447
-451
-453
-455
-456
-457
-455
-455
-454
-455
-456
-458
-460
-463
-468
-472
-479
-485
-489
-494
-501
-507
-512
-520
-524
-532
-540
-546
-553
-562
-569
-580
-586
-596
-604
-614
-624
-634
-644
-654
-666
-676
-687
-700
-712
-725
-734
-745
-755
-768
-778
-788
-799
-809
-822
-834
-847
-860
-872
-886
-901
-915
-930
-944
-958
-974
-986
-1001
-1014
-1027
-1038
-1050
-1061
-1073
-1082
-1093
-1100
-1110
-1118
-1124
-1131
-1138
-1144
-1149
-1156
-1162
-1170
-1178
-1188
-1198
-1208
-1222
-1234
-1250
-1263
-1277
-1291
-1304
-1318
-1328
-1338
-1345
-1351
-1358
-1360
-1362
-1361
-1359
-1354
-1349
-1339
-1327
-1307
-1284
-1251
-1210
-1159
-1095
-1019
-929
-829
-719
-605
-493
-388
-293
-214
-152
-102
-55
7
109
283
571
1016
1662
2047
2047
2047
2047
2047
2047
2047
2047
2047
2047
2047
2047
2047
2047
2047
2047
2047
2047
2047
2047
2047
2047
2047
2047
2047
2047
2047
2047
2047
2047
2047
2047
2047
2047
2047
2047
2047
2047
2047
2047
2047
2047
2047
2047
2047
2047
2047
2047
2047
2047
2047
2047
2047
2047
2047
2047
2047
2047
2047
2047
2047
2047
2047
2047
1662
860
243
-203
-513
-719
-861
-963
-1049
-1132
-1219
-1316
-1419
-1528
-1638
-1742
-1836
-1919
-1990
-2048
-2048
-2048
-2048
-2048
-2048
-2048
-2048
-2048
-2048
-2048
-2048
-2048
-2048
-2048
-2048
-2048
-2048
-2048
-2044
-2026
-2010
-1993
-1978
-1962
-1951
-1940
-1929
-1918
-1911
-1903
-1897
-1893
-1891
-1886
-1884
-1883
-1883
-1883
-1884
-1886
-1887
-1890
-1896
-1900
-1905
-1910
-1918
-1923
-1932
-1939
-1948
-1957
-1967
-1977
-1989
-2002
-2014
-2028
-2041
-2048
-2048
-2048
-2048
-2048
-2048
-2048
-2048
-2048
-2048
-2048
-2048
-2048
-2048
-2048
-2048
-2047
-2040
-2037
-2034
-2033
-2035
-2035
-2039
-2040
-2045
-2048
-2048
-2048
-2048
-2048
-2048
-2048
-2048
-2048
-2048
-2048
-2048
-2048
-2048
-2048
-2048
-2048
-2048
-2048
-2048
-2048
-2048
-2048
-2048
-2048
-2048
-2048
-2048
-2048
-2048
-2048
-2048
-2048
-2048
-2048
-2048
-2048
-2048
-2048
-2048
-2048
-2048
-2048
-2048
-2048
-2048
-2048
-2048
-2048
-2048
-2048
-2048
-2048
-2048
-2048
-2048
-2048
-2048
-2048
-2048
-2048
-2048
-2048
-2048
-2048
-2048
-2048
-2048
-2048
-2048
-2048
-2048
-2048
-2048
-2048
-2048
-2048
-2048
-2048
-2048
-2048
-2048
-2048
-2048
-2048
-2048
-2048
-2048
-2048
-2048
-2048
-2048
-2048
-2048
-2048
-2048
-2048
-2048
-2048
-2048
-2048
-2048
-2048
-2048
-2048
-2048
-2048
-2048
-2048
-2048
-2048
-2048
-2045
-2039
-2031
-2024
-2015
-2008
-2000
-1993
-1985
-1978
-1973
-1968
-1964
-1961
-1958
-1956
-1956
-1955
-1955
-1956
-1957
-1959
-1960
-1962
-1964
-1965
-1966
-1967
-1967
-1966
-1965
-1962
-1958
-1954
-1949
-1944
-1939
-1933
-1930
-1925
-1920
-1916
-1913
-1908
-1905
-1902
-1898
-1896
-1891
-1888
-1884
-1880
-1875
-1872
-1866
-1862
-1857
-1852
-1848
-1845
-1840
-1837
-1832
-1827
-1823
-1818
-1812
-1806
-1799
-1790
-1781
-1771
-1760
-1748
-1733
-1719
-1705
-1690
-1675
-1662
-1646
-1632
-1619
-1605
-1592
-1579
-1565
-1551
-1539
-1526
-1512
-1499
-1485
-1474
-1461
-1451
-1443
-1435
-1431
-1427
-1428
-1427
-1431
-1435
-1438
-1441
-1446
-1449
-1452
-1453
-1451
-1449
-1444
-1439
-1434
-1427
-1420
-1410
-1404
-1395
-1385
-1375
-1361
-1344
-1329
-1313
-1294
-1275
-1255
-1234
-1215
-1198
-1180
-1164
-1150
-1138
-1129
-1122
-1115
-1111
-1107
-1103
-1101
-1099
-1097
-1097
-1094
-1092
-1089
-1088
-1087
-1085
-1086
-1085
-1083
-1083
-1086
-1088
-1090
-1091
-1094
-1097
-1097
-1100
-1102
-1105
-1104
-1107
-1106
-1106
-1104
-1101
-1097
-1096
-1092
-1091
-1088
-1086
-1085
-1087
-1087
-1091
-1097
-1101
-1107
-1113
-1117
-1124
-1131
-1136
-1139
-1141
-1143
-1145
-1146
-1147
-1147
-1147
-1147
-1146
-1146
-1145
-1144
-1140
-1140
-1138
-1135
-1133
-1129
-1127
-1121
-1118
-1112
-1106
-1096
-1087
-1076
-1065
-1052
-1039
-1025
-1008
-993
-977
-963
-947
-934
-919
-906
-894
-882
-870
-856
-845
-833
-823
-813
-801
-790
-779
-767
-758
-747
-739
-728
-716
-706
-697
-686
-678
-667
-659
-651
-643
-636
-633
-628
-622
-620
-617
-615
-614
-613
-610
-608
-605
-604
-602
-596
-592
-588
-582
-578
-571
-565
-559
-553
-548
-542
-537
-534
-531
-527
-525
-523
-521
-520
-518
-517
-514
-511
-506
-502
-495
-490
-484
-477
-470
-463
-457
-451
-445
-439
-434
-428
-423
-419
-415
-411
-407
-404
-401
-398
-396
-395
-393
-394
-393
-395
-397
-400
-403
-408
-411
-416
-420
-423
-428
-432
-435
-436
-438
-439
-441
-443
-445
-447
-451
-455
-460
-466
-472
-478
-485
-492
-498
-503
-506
-511
-514
-516
-519
-521
-524
-526
-529
-534
-539
-545
-553
-560
-567
-575
-581
-588
-595
-603
-610
-616
-624
-631
-638
-645
-652
-659
-667
-673
-682
-688
-695
-703
-710
-717
-726
-733
-740
-747
-756
-764
-773
-781
-789
-796
-803
-809
-816
-823
-830
-836
-845
-852
-861
-869
-880
-888
-899
-909
-919
-929
-940
-949
-962
-972
-981
-991
-1000
-1009
-1018
-1025
-1034
-1043
-1049
-1055
-1062
-1069
-1075
-1082
-1087
-1094
-1101
-1108
-1117
-1126
-1137
-1148
-1162
-1175
-1192
-1209
-1225
-1243
-1259
-1275
-1290
-1305
-1318
-1329
-1339
-1348
-1356
-1361
-1366
-1368
-1368
-1368
-1362
-1353
-1338
-1317
-1288
-1250
-1200
-1138
-1064
-977
-877
-771
-661
-555
-458
-371
-303
-249
-206
-161
-96
18
216
541
1036
1739
2047
2047
2047
2047
2047
2047
2047
2047
2047
2047
2047
2047
2047
2047
2047
2047
2047
2047
2047
2047
2047
2047
2047
2047
2047
2047
2047
2047
2047
2047
2047
2047
2047
2047
2047
2047
2047
2047
2047
2047
2047
2047
2047
2047
2047
2047
2047
2047
2047
2047
2047
2047
2047
2047
2047
2047
2047
2047
2047
2047
2047
2047
2047
2047
1165
467
-51
-417
-666
-832
-952
-1042
-1126
-1215
-1310
-1411
-1522
-1632
-1740
-1841
-1933
-2009
-2048
-2048
-2048
-2048
-2048
-2048
-2048
-2048
-2048
-2048
-2048
-2048
-2048
-2048
-2048
-2048
-2048
-2048
-2048
-2048
-2048
-2048
-2048
-2038
-2022
-2005
-1989
-1976
-1963
-1951
-1940
-1931
-1920
-1914
-1908
-1901
-1895
-1891
-1887
-1883
-1880
-1878
-1877
-1876
-1878
-1877
-1878
-1881
-1884
-1887
-1890
-1896
-1901
-1907
-1912
-1920
-1930
-1940
-1951
-1961
-1973
-1985
-1996
-2007
-2015
-2023
-2028
-2031
-2031
-2029
-2025
-2019
-2010
-2002
-1992
-1984
-1977
-1973
-1969
-1966
-1967
-1969
-1974
-1979
-1985
-1991
-1997
-2007
-2013
-2021
-2027
-2033
-2041
-2048
-2048
-2048
-2048
-2048
-2048
-2048
-2048
-2048
-2048
-2048
-2048
-2048
-2048
-2048
-2048
-2048
-2048
-2048
-2048
-2048
-2048
-2048
-2048
-2048
-2048
-2048
-2048
-2048
-2048
-2048
-2048
-2048
-2048
-2048
-2048
-2048
-2048
-2048
-2048
-2048
-2048
-2048
-2048
-2048
-2048
-2048
-2048
-2048
-2048
-2048
-2048
-2048
-2048
-2048
-2048
-2048
-2048
-2048
-2048
-2048
-2048
-2048
-2048
-2048
-2048
-2048
-2048
-2048
-2048
-2048
-2048
-2048
-2046
-2041
-2039
-2036
-2037
-2037
-2038
-2040
-2043
-2045
-2048
-2048
-2048
-2048
-2048
-2048
-2048
-2048
-2048
-2048
-2048
-2048
-2048
-2048
-2048
-2048
-2048
-2048
-2048
-2048
-2048
-2048
-2048
-2048
-2047
-2042
-2037
-2030
-2024
-2020
-2013
-2011
-2006
-2002
-1999
-1997
-1997
-1996
-1996
-1996
-1996
-1998
-2000
-2002
-2004
-2004
-2006
-2007
-2007
-2006
-2006
-2002
-1998
-1995
-1989
-1981
-1974
-1965
-1958
-1949
-1940
-1931
-1924
-1916
-1906
-1900
-1892
-1884
-1877
-1869
-1863
-1855
-1847
-1840
-1831
-1823
-1814
-1807
-1799
-1791
-1783
-1776
-1769
-1763
-1756
-1748
-1741
-1733
-1727
-1718
-1709
-1700
-1689
-1678
-1664
-1651
-1637
-1622
-1607
-1591
-1574
-1561
-1546
-1531
-1517
-1503
-1490
-1477
-1465
-1452
-1440
-1428
-1415
-1405
-1394
-1387
-1378
-1372
-1365
-1362
-1363
-1364
-1367
-1372
-1379
-1387
-1395
-1403
-1412
-1420
-1425
-1430
-1434
-1434
-1436
-1435
-1432
-1431
-1427
-1423
-1417
-1414
-1408
-1401
-1392
-1381
-1369
-1358
-1343
-1326
-1308
-1290
-1272
-1255
-1237
-1222
-1206
-1192
-1180
-1171
-1162
-1156
-1149
-1144
-1141
-1135
-1131
-1125
-1122
-1117
-1111
-1106
-1102
-1096
-1092
-1087
-1083
-1079
-1076
-1074
-1073
-1071
-1070
-1069
-1070
-1070
-1070
-1070
-1070
-1068
-1067
-1064
-1064
-1061
-1058
-1054
-1050
-1048
-1044
-1045
-1043
-1042
-1045
-1049
-1055
-1063
-1069
-1077
-1085
-1093
-1103
-1110
-1118
-1125
-1130
-1136
-1139
-1145
-1147
-1151
-1154
-1158
-1161
-1163
-1166
-1168
-1171
-1172
-1174
-1175
-1176
-1175
-1173
-1174
-1171
-1168
-1163
-1156
-1147
-1138
-1127
-1114
-1101
-1085
-1071
-1054
-1040
-1023
-1010
-992
-975
-963
-947
-934
-920
-906
-891
-876
-861
-847
-832
-819
-803
-789
-775
-761
-746
-733
-717
-703
-686
-672
-657
-644
-630
-615
-603
-593
-583
-574
-564
-555
-548
-543
-536
-531
-525
-518
-512
-505
-498
-492
-483
-473
-466
-458
-450
-442
-433
-425
-418
-410
-407
-402
-399
-395
-393
-391
-390
-388
-386
-384
-383
-379
-376
-374
-370
-366
-362
-358
-356
-353
-350
-349
-348
-349
-349
-351
-354
-353
-356
-359
-361
-367
-370
-373
-378
-383
-387
-393
-399
-406
-413
-421
-429
-437
-445
-453
-460
-466
-472
-477
-482
-485
-489
-490
-493
-496
-500
-502
-506
-511
-515
-520
-527
-534
-538
-543
-548
-551
-556
-557
-559
-559
-560
-559
-562
-562
-564
-565
-567
-572
-577
-580
-584
-588
-591
-595
-599
-602
-605
-610
-613
-618
-624
-628
-634
-640
-646
-649
-656
-663
-668
-673
-682
-688
-696
-703
-711
-720
-729
-738
-746
-755
-765
-771
-780
-788
-796
-805
-813
-820
-831
-841
-851
-863
-874
-885
-896
-908
-921
-934
-947
-959
-972
-982
-995
-1007
-1018
-1028
-1038
-1047
-1056
-1066
-1072
-1080
-1088
-1094
-1101
-1109
-1116
-1122
-1130
-1138
-1147
-1157
-1169
-1181
-1194
-1208
-1223
-1238
-1255
-1269
-1283
-1296
-1306
-1317
-1327
-1333
-1340
-1344
-1346
-1349
-1349
-1347
-1344
-1338
-1328
-1315
-1295
-1270
-1232
-1186
-1130
-1060
-978
-881
-776
-665
-551
-444
-349
-267
-201
-149
-102
-48
40
188
441
837
1422
2047
2047
2047
2047
2047
2047
2047
2047
2047
2047
2047
2047
2047
2047
2047
2047
2047
2047
2047
2047
2047
2047
2047
2047
2047
2047
2047
2047
2047
2047
2047
2047
2047
2047
2047
2047
2047
2047
2047
2047
2047
2047
2047
2047
2047
2047
2047
2047
2047
2047
2047
2047
2047
2047
2047
2047
2047
2047
2047
2047
2047
2047
2047
2047
1575
768
150
-297
-608
-813
-954
-1055
-1140
-1222
-1308
-1406
-1508
-1615
-1723
-1826
-1920
-2003
-2048
-2048
-2048
-2048
-2048
-2048
-2048
-2048
-2048
-2048
-2048
-2048
-2048
-2048
-2048
-2048
-2048
-2048
-2048
-2048
-2048
-2048
-2045
-2026
-2008
-1990
-1974
-1959
-1945
-1933
-1920
-1911
-1902
-1894
-1889
-1883
-1878
-1873
-1872
-1868
-1868
-1868
-1867
-1868
-1870
-1875
-1878
-1883
-1889
-1893
-1900
-1907
-1914
-1923
-1933
-1941
-1952
-1964
-1978
-1991
-2005
-2019
-2031
-2044
-2048
-2048
-2048
-2048
-2048
-2048
-2048
-2048
-2048
-2048
-2043
-2036
-2028
-2024
-2021
-2018
-2017
-2018
-2019
-2023
-2028
-2032
-2037
-2042
-2047
-2048
-2048
-2048
-2048
-2048
-2048
-2048
-2048
-2048
-2048
-2048
-2048
-2048
-2048
-2048
-2048
-2048
-2048
-2048
-2048
-2048
-2048
-2048
-2048
-2048
-2048
-2048
-2048
-2048
-2048
-2048
-2048
-2048
-2048
-2048
-2048
-2048
-2048
-2048
-2048
-2048
-2048
-2048
-2048
-2048
-2048
-2048
-2048
-2048
-2048
-2048
-2048
-2048
-2048
-2048
-2048
-2048
-2048
-2048
-2048
-2048
-2048
-2048
-2048
-2048
-2048
-2048
-2048
-2048
-2048
-2048
-2048
-2048
-2048
-2048
-2048
-2048
-2048
-2048
-2048
-2048
-2048
-2048
-2048
-2048
-2048
-2048
-2048
-2048
-2048
-2048
-2048
-2048
-2048
-2048
-2048
-2048
-2048
-2048
-2048
-2048
-2048
-2048
-2048
-2048
-2048
-2048
-2048
-2048
-2048
-2048
-2048
-2048
-2048
-2048
-2048
-2048
-2048
-2048
-2046
-2039
-2032
-2026
-2021
-2017
-2012
-2009
-2005
-2004
-2003
-2000
-1999
-1999
-1997
-1996
-1995
-1994
-1991
-1989
-1986
-1982
-1977
-1972
-1964
-1958
-1950
-1942
-1934
-1928
-1920
-1914
-1909
-1901
-1897
-1893
-1888
-1882
-1878
-1872
-1867
-1862
-1857
-1852
-1845
-1839
-1834
-1830
-1825
-1820
-1816
-1814
-1812
-1810
-1808
-1803
-1799
-1795
-1789
-1784
-1776
-1767
-1756
-1743
-1730
-1715
-1699
-1683
-1667
-1651
-1634
-1619
-1603
-1586
-1572
-1558
-1543
-1529
-1515
-1500
-1484
-1470
-1457
-1443
-1430
-1419
-1408
-1397
-1390
-1384
-1382
-1381
-1382
-1384
-1386
-1391
-1396
-1399
-1403
-1404
-1404
-1404
-1402
-1398
-1393
-1387
-1381
-1373
-1366
-1359
-1349
-1340
-1328
-1317
-1303
-1288
-1273
-1256
-1236
-1217
-1197
-1179
-1160
-1143
-1126
-1112
-1099
-1089
-1080
-1074
-1068
-1063
-1060
-1058
-1056
-1055
-1053
-1051
-1049
-1048
-1047
-1046
-1046
-1047
-1047
-1049
-1050
-1053
-1056
-1058
-1063
-1068
-1072
-1077
-1082
-1085
-1090
-1095
-1097
-1101
-1102
-1102
-1102
-1102
-1102
-1101
-1101
-1100
-1100
-1103
-1106
-1109
-1115
-1120
-1129
-1137
-1146
-1154
-1162
-1170
-1177
-1183
-1187
-1193
-1197
-1198
-1201
-1203
-1205
-1205
-1208
-1208
-1207
-1208
-1206
-1206
-1205
-1203
-1200
-1199
-1195
-1192
-1187
-1182
-1176
-1168
-1158
-1148
-1137
-1121
-1107
-1092
-1075
-1059
-1044
-1027
-1010
-995
-981
-965
-950
-937
-923
-909
-898
-884
-871
-859
-845
-833
-820
-807
-795
-783
-771
-759
-745
-734
-720
-707
-694
-683
-672
-661
-653
-644
-635
-630
-625
-620
-616
-612
-609
-605
-603
-602
-597
-594
-589
-585
-580
-575
-569
-562
-557
-550
-544
-537
-530
-524
-519
-514
-510
-507
-504
-501
-498
-496
-493
-491
-486
-483
-477
-472
-465
-459
-451
-444
-436
-430
-422
-416
-409
-403
-399
-393
-388
-384
-381
-378
-375
-371
-369
-368
-366
-364
-364
-363
-364
-365
-368
-369
-373
-377
-381
-384
-389
-392
-395
-399
-402
-404
-406
-406
-408
-409
-409
-412
-416
-419
-423
-427
-434
-442
-449
-457
-463
-470
-477
-482
-486
-490
-494
-499
-502
-508
-513
-519
-524
-533
-540
-550
-559
-568
-577
-586
-594
-604
-614
-623
-632
-641
-651
-660
-670
-681
-689
-699
-708
-718
-729
-739
-748
-758
-768
-778
-789
-800
-810
-820
-831
-842
-851
-861
-870
-879
-888
-895
-904
-912
-919
-929
-939
-948
-958
-968
-978
-989
-999
-1009
-1020
-1030
-1040
-1047
-1057
-1065
-1074
-1081
-1088
-1094
-1101
-1107
-1112
-1118
-1121
-1125
-1129
-1131
-1136
-1137
-1141
-1144
-1148
-1152
-1160
-1167
-1176
-1186
-1197
-1211
-1225
-1240
-1255
-1269
-1283
-1295
-1306
-1318
-1328
-1334
-1341
-1343
-1347
-1346
-1349
-1344
-1338
-1327
-1310
-1290
-1260
-1222
-1173
-1110
-1036
-949
-852
-744
-635
-526
-427
-338
-268
-210
-165
-123
-62
44
225
525
988
1653
2047
2047
2047
2047
2047
2047
2047
2047
2047
2047
2047
2047
2047
2047
2047
2047
2047
2047
2047
2047
2047
2047
2047
2047
2047
2047
2047
2047
2047
2047
2047
2047
2047
2047
2047
2047
2047
2047
2047
2047
2047
2047
2047
2047
2047
2047
2047
2047
2047
2047
2047
2047
2047
2047
2047
2047
2047
2047
2047
2047
2047
2047
2047
2047
1529
755
167
-256
-548
-745
-879
-979
-1065
-1151
-1244
-1346
-1455
-1567
-1679
-1784
-1882
-1968
-2041
-2048
-2048
-2048
-2048
-2048
-2048
-2048
-2048
-2048
-2048
-2048
-2048
-2048
-2048
-2048
-2048
-2048
-2048
-2048
-2048
-2048
-2048
-2048
-2048
-2048
-2037
-2026
-2013
-2003
-1994
-1985
-1979
-1973
-1966
-1964
-1959
-1956
-1953
-1951
-1950
-1948
-1949
-1948
-1950
-1950
-1950
-1953
-1954
-1955
-1957
-1960
-1961
-1965
-1969
-1974
-1979
-1988
-1996
-2006
-2014
-2026
-2037
-2046
-2048
-2048
-2048
-2048
-2048
-2048
-2048
-2048
-2042
-2032
-2022
-2014
-2006
-1999
-1995
-1991
-1991
-1991
-1995
-1997
-2002
-2006
-2011
-2017
-2022
-2027
-2031
-2035
-2040
-2043
-2047
-2048
-2048
-2048
-2048
-2048
-2048
-2048
-2048
-2048
-2048
-2048
-2048
-2048
-2048
-2048
-2048
-2048
-2048
-2048
-2048
-2048
-2048
-2048
-2048
-2048
-2048
-2048
-2048
-2048
-2048
-2048
-2048
-2048
-2048
-2048
-2048
-2048
-2048
-2048
-2048
-2048
-2048
-2048
-2048
-2048
-2048
-2048
-2048
-2048
-2048
-2048
-2048
-2048
-2048
-2048
-2048
-2048
-2048
-2048
-2048
-2048
-2048
-2048
-2048
-2048
-2048
-2048
-2048
-2048
-2048
-2048
-2048
-2048
-2048
-2048
-2048
-2048
-2048
-2048
-2048
-2048
-2048
-2048
-2048
-2048
-2048
-2048
-2048
-2048
-2048
-2048
-2048
-2048
-2048
-2048
-2048
-2048
-2048
-2048
-2048
-2048
-2048
-2048
-2048
-2047
-2042
-2038
-2032
-2025
-2020
-2015
-2010
-2005
-2000
-1997
-1995
-1994
-1993
-1993
-1994
-1995
-1997
-2001
-2006
-2010
-2014
-2018
-2022
-2024
-2029
-2032
-2035
-2034
-2034
-2031
-2029
-2024
-2018
-2009
-2004
-1995
-1988
-1979
-1972
-1964
-1957
-1951
-1945
-1941
-1936
-1930
-1923
-1917
-1912
-1906
-1900
-1893
-1887
-1879
-1871
-1866
-1858
-1850
-1845
-1839
-1834
-1827
-1820
-1813
-1805
-1797
-1788
-1779
-1767
-1752
-1740
-1726
-1709
-1693
-1675
-1656
-1639
-1622
-1604
-1589
-1570
-1554
-1539
-1524
-1510
-1496
-1483
-1466
-1452
-1438
-1424
-1412
-1399
-1388
-1379
-1371
-1364
-1361
-1360
-1360
-1362
-1367
-1370
-1378
-1384
-1389
-1393
-1396
-1396
-1396
-1396
-1394
-1390
-1386
-1381
-1377
-1372
-1367
-1361
-1352
-1344
-1334
-1324
-1312
-1297
-1283
-1267
-1249
-1233
-1217
-1202
-1188
-1173
-1162
-1152
-1143
-1136
-1132
-1126
-1122
-1119
-1117
-1114
-1112
-1108
-1104
-1101
-1098
-1092
-1089
-1086
-1082
-1079
-1076
-1075
-1073
-1072
-1070
-1068
-1070
-1069
-1068
-1068
-1068
-1068
-1067
-1066
-1063
-1061
-1056
-1053
-1048
-1043
-1038
-1035
-1030
-1028
-1026
-1026
-1027
-1029
-1034
-1037
-1043
-1049
-1055
-1062
-1066
-1071
-1076
-1080
-1083
-1087
-1089
-1090
-1093
-1095
-1096
-1099
-1101
-1103
-1106
-1108
-1109
-1111
-1113
-1113
-1113
-1114
-1113
-1112
-1110
-1105
-1100
-1094
-1085
-1074
-1065
-1053
-1041
-1027
-1015
-1000
-988
-975
-962
-950
-938
-927
-916
-906
-895
-884
-874
-865
-854
-844
-832
-822
-813
-803
-792
-783
-772
-762
-751
-740
-730
-719
-709
-699
-689
-680
-672
-665
-659
-652
-647
-643
-637
-633
-628
-623
-619
-614
-608
-601
-593
-586
-576
-569
-559
-549
-539
-529
-521
-512
-502
-495
-487
-479
-474
-469
-464
-460
-455
-450
-446
-441
-435
-428
-421
-415
-408
-400
-393
-385
-379
-372
-367
-362
-356
-353
-351
-348
-347
-343
-343
-344
-342
-343
-343
-344
-345
-347
-350
-354
-357
-362
-368
-375
-380
-387
-395
-400
-406
-412
-417
-420
-424
-427
-428
-431
-434
-437
-439
-443
-447
-453
-458
-464
-470
-476
-481
-486
-491
-493
-498
-498
-500
-501
-501
-502
-504
-506
-509
-510
-515
-520
-525
-531
-535
-539
-544
-550
-554
-560
-564
-569
-575
-579
-584
-590
-597
-601
-608
-614
-620
-626
-634
-640
-648
-655
-663
-672
-681
-690
-699
-708
-717
-725
-734
-742
-751
-760
-767
-775
-783
-792
-800
-811
-821
-832
-846
-857
-871
-883
-898
-910
-925
-938
-951
-966
-978
-991
-1002
-1013
-1025
-1036
-1048
-1057
-1068
-1079
-1087
-1097
-1107
-1115
-1125
-1135
-1143
-1154
-1167
-1178
-1192
-1207
-1222
-1236
-1255
-1273
-1290
-1308
-1323
-1338
-1352
-1364
-1375
-1382
-1390
-1395
-1399
-1401
-1401
-1400
-1395
-1388
-1375
-1357
-1332
-1299
-1256
-1202
-1135
-1056
-963
-860
-749
-637
-528
-427
-342
-273
-219
-173
-121
-45
85
307
665
1203
1956
2047
2047
2047
2047
2047
2047
2047
2047
2047
2047
2047
2047
2047
2047
2047
2047
2047
2047
2047
2047
2047
2047
2047
2047
2047
2047
2047
2047
2047
2047
2047
2047
2047
2047
2047
2047
2047
2047
2047
2047
2047
2047
2047
2047
2047
2047
2047
2047
2047
2047
2047
2047
2047
2047
2047
2047
2047
2047
2047
2047
2047
2047
2047
1966
1092
408
-99
-457
-699
-863
-977
-1066
-1149
-1235
-1329
-1430
-1538
-1646
-1751
-1851
-1939
-2015
-2048
-2048
-2048
-2048
-2048
-2048
-2048
-2048
-2048
-2048
-2048
-2048
-2048
-2048
-2048
-2048
-2048
-2048
-2048
-2048
-2048
-2047
-2028
-2009
-1993
-1976
-1961
-1947
-1935
-1923
-1913
-1905
-1896
-1890
-1883
-1878
-1873
-1868
-1865
-1864
-1860
-1860
-1860
-1861
-1863
-1865
-1870
-1872
-1879
-1885
-1890
-1898
-1905
-1912
-1923
-1934
-1945
-1955
-1969
-1981
-1996
-2009
-2023
-2035
-2047
-2048
-2048
-2048
-2048
-2048
-2048
-2048
-2048
-2046
-2036
-2030
-2023
-2020
-2017
-2016
-2019
-2021
-2025
-2030
-2037
-2044
-2048
-2048
-2048
-2048
-2048
-2048
-2048
-2048
-2048
-2048
-2048
-2048
-2048
-2048
-2048
-2048
-2048
-2048
-2048
-2048
-2048
-2048
-2048
-2048
-2048
-2048
-2048
-2048
-2048
-2048
-2048
-2048
-2048
-2048
-2048
-2048
-2048
-2048
-2048
-2048
-2048
-2048
-2048
-2048
-2048
-2048
-2048
-2048
-2048
-2048
-2048
-2048
-2048
-2048
-2048
-2048
-2048
-2048
-2048
-2048
-2048
-2048
-2048
-2048
-2048
-2048
-2048
-2048
-2048
-2048
-2048
-2048
-2048
-2048
-2048
-2048
-2048
-2048
-2048
-2048
-2046
-2046
-2045
-2045
-2047
-2048
-2048
-2048
-2048
-2048
-2048
-2048
-2048
-2048
-2048
-2048
-2048
-2048
-2048
-2048
-2048
-2048
-2048
-2048
-2048
-2048
-2048
-2048
-2048
-2048
-2048
-2048
-2048
-2048
-2048
-2048
-2045
-2038
-2030
-2021
-2014
-2007
-2000
-1995
-1991
-1987
-1984
-1981
-1977
-1976
-1973
-1972
-1971
-1969
-1967
-1965
-1962
-1961
-1958
-1955
-1952
-1948
-1942
-1936
-1930
-1924
-1917
-1908
-1901
-1892
-1884
-1877
-1870
-1863
-1857
-1851
-1846
-1841
-1838
-1832
-1827
-1823
-1819
-1815
-1811
-1806
-1801
-1797
-1792
-1787
-1784
-1778
-1776
-1772
-1767
-1763
-1761
-1756
-1751
-1746
-1741
-1734
-1726
-1716
-1708
-1697
-1685
-1672
-1659
-1645
-1631
-1619
-1606
-1593
-1581
-1568
-1556
-1546
-1534
-1523
-1512
-1500
-1489
-1477
-1465
-1455
-1445
-1436
-1429
-1422
-1418
-1416
-1414
-1417
-1418
-1422
-1427
-1432
-1436
-1439
-1442
-1443
-1442
-1440
-1436
-1432
-1426
-1419
-1411
-1402
-1394
-1383
-1374
-1361
-1348
-1334
-1319
-1302
-1283
-1264
-1243
-1222
-1203
-1182
-1163
-1144
-1129
-1114
-1101
-1091
-1082
-1076
-1068
-1063
-1059
-1056
-1053
-1049
-1046
-1042
-1039
-1038
-1034
-1033
-1031
-1030
-1030
-1031
-1031
-1034
-1035
-1039
-1042
-1046
-1050
-1054
-1058
-1062
-1066
-1067
-1071
-1073
-1073
-1073
-1073
-1073
-1071
-1071
-1070
-1070
-1071
-1074
-1078
-1083
-1089
-1096
-1104
-1113
-1121
-1130
-1138
-1145
-1151
-1156
-1162
-1165
-1169
-1171
-1171
-1172
-1173
-1173
-1172
-1171
-1170
-1168
-1166
-1163
-1160
-1156
-1152
-1148
-1143
-1138
-1130
-1121
-1112
-1102
-1092
-1078
-1063
-1047
-1031
-1014
-996
-979
-961
-943
-928
-910
-895
-879
-865
-851
-836
-822
-809
-797
-783
-771
-758
-744
-731
-718
-707
-694
-681
-667
-654
-644
-631
-619
-608
-595
-585
-576
-568
-561
-555
-549
-545
-542
-539
-538
-537
-536
-535
-534
-531
-530
-528
-525
-521
-518
-514
-510
-505
-501
-496
-490
-488
-485
-482
-479
-478
-477
-477
-477
-478
-478
-477
-476
-475
-472
-470
-466
-462
-457
-454
-448
-444
-438
-433
-430
-426
-424
-422
-420
-418
-416
-415
-414
-413
-412
-411
-409
-410
-411
-411
-413
-414
-415
-418
-421
-425
-429
-431
-436
-439
-442
-445
-447
-448
-447
-446
-446
-447
-447
-447
-447
-450
-451
-455
-458
-463
-467
-471
-476
-479
-483
-486
-488
-488
-489
-489
-490
-491
-492
-493
-497
-500
-504
-507
-513
-519
-525
-530
-537
-542
-550
-558
-567
-575
-586
-597
-606
-617
-628
-637
-647
-657
-668
-678
-688
-696
-705
-715
-725
-735
-747
-757
-767
-777
-786
-794
-803
-812
-818
-826
-833
-841
-847
-856
-864
-874
-885
-895
-906
-917
-930
-940
-952
-963
-974
-985
-995
-1005
-1016
-1024
-1033
-1040
-1048
-1055
-1061
-1066
-1070
-1075
-1079
-1082
-1087
-1090
-1094
-1098
-1102
-1109
-1116
-1124
-1135
-1146
-1158
-1170
-1185
-1200
-1215
-1227
-1241
-1253
-1265
-1274
-1283
-1291
-1296
-1301
-1304
-1306
-1305
-1303
-1297
-1289
-1275
-1256
-1230
-1196
-1151
-1094
-1025
-944
-849
-746
-637
-526
-423
-331
-254
-194
-146
-105
-52
32
181
437
840
1437
2047
2047
2047
2047
2047
2047
2047
2047
2047
2047
2047
2047
2047
2047
2047
2047
2047
2047
2047
2047
2047
2047
2047
2047
2047
2047
2047
2047
2047
2047
2047
2047
2047
2047
2047
2047
2047
2047
2047
2047
2047
2047
2047
2047
2047
2047
2047
2047
2047
2047
2047
2047
2047
2047
2047
2047
2047
2047
2047
2047
2047
2047
2047
2047
1503
734
151
-267
-553
-747
-876
-974
-1057
-1142
-1233
-1332
-1439
-1549
-1657
-1760
-1854
-1936
-2004
-2048
-2048
-2048
-2048
-2048
-2048
-2048
-2048
-2048
-2048
-2048
-2048
-2048
-2048
-2048
-2048
-2048
-2048
-2048
-2048
-2038
-2022
-2006
-1992
-1978
-1965
-1954
-1943
-1935
-1927
-1919
-1913
-1908
-1904
-1900
-1897
-1896
-1893
-1890
-1891
-1891
-1892
-1892
-1896
-1897
-1900
-1904
-1906
-1912
-1917
-1920
-1926
-1932
-1938
-1945
-1953
-1962
-1971
-1981
-1991
-2000
-2010
-2018
-2026
-2032
-2035
-2036
-2035
-2031
-2025
-2017
-2006
-1994
-1983
-1972
-1962
-1952
-1946
-1940
-1936
-1935
-1935
-1937
-1940
-1943
-1948
-1951
-1956
-1959
-1963
-1967
-1970
-1973
-1977
-1981
-1983
-1990
-1992
-1999
-2004
-2009
-2015
-2021
-2027
-2032
-2039
-2045
-2048
-2048
-2048
-2048
-2048
-2048
-2048
-2048
-2048
-2048
-2048
-2048
-2048
-2048
-2048
-2048
-2048
-2048
-2048
-2048
-2048
-2048
-2048
-2048
-2048
-2048
-2048
-2048
-2048
-2048
-2048
-2048
-2048
-2048
-2048
-2048
-2048
-2048
-2048
-2048
-2048
-2048
-2048
-2048
-2048
-2048
-2048
-2048
-2048
-2048
-2048
-2048
-2048
-2048
-2048
-2048
-2048
-2048
-2048
-2048
-2048
-2048
-2048
-2048
-2048
-2048
-2048
-2048
-2048
-2048
-2048
-2048
-2048
-2048
-2048
-2048
-2048
-2048
-2048
-2048
-2048
-2048
-2048
-2048
-2048
-2048
-2048
-2048
-2046
-2040
-2034
-2027
-2021
-2012
-2005
-1997
-1988
-1982
-1974
-1966
-1959
-1955
-1949
-1946
-1943
-1941
-1940
-1940
-1940
-1941
-1943
-1945
-1947
-1949
-1952
-1955
-1958
-1959
-1961
-1962
-1962
-1960
-1960
-1955
-1952
-1947
-1941
-1936
-1930
-1926
-1919
-1914
-1909
-1905
-1901
-1896
-1893
-1890
-1885
-1880
-1876
-1870
-1866
-1858
-1853
-1847
-1842
-1835
-1828
-1822
-1817
-1810
-1803
-1798
-1791
-1784
-1778
-1769
-1761
-1751
-1740
-1728
-1715
-1701
-1685
-1669
-1653
-1634
-1616
-1599
-1581
-1565
-1547
-1532
-1515
-1498
-1484
-1469
-1454
-1439
-1423
-1408
-1393
-1380
-1367
-1354
-1343
-1333
-1325
-1321
-1317
-1316
-1316
-1318
-1322
-1327
-1332
-1337
-1341
-1343
-1345
-1344
-1343
-1341
-1337
-1333
-1328
-1322
-1317
-1310
-1304
-1297
-1288
-1279
-1270
-1257
-1244
-1228
-1213
-1198
-1181
-1165
-1148
-1133
-1119
-1108
-1098
-1091
-1084
-1079
-1075
-1072
-1073
-1071
-1071
-1070
-1069
-1068
-1068
-1068
-1066
-1065
-1066
-1066
-1067
-1068
-1067
-1070
-1072
-1075
-1077
-1080
-1082
-1085
-1088
-1091
-1092
-1093
-1094
-1094
-1094
-1091
-1088
-1086
-1082
-1079
-1076
-1073
-1071
-1070
-1071
-1073
-1075
-1079
-1085
-1091
-1097
-1104
-1110
-1114
-1119
-1124
-1128
-1129
-1131
-1131
-1132
-1133
-1132
-1132
-1133
-1133
-1132
-1132
-1132
-1131
-1129
-1127
-1125
-1124
-1120
-1117
-1113
-1107
-1100
-1093
-1084
-1073
-1062
-1048
-1035
-1021
-1005
-989
-973
-959
-943
-929
-915
-900
-889
-876
-862
-850
-838
-826
-814
-804
-792
-780
-770
-759
-748
-739
-727
-716
-704
-694
-685
-674
-664
-653
-645
-636
-627
-619
-612
-607
-603
-598
-594
-591
-588
-584
-581
-577
-574
-569
-563
-558
-552
-544
-536
-527
-519
-510
-502
-492
-482
-475
-467
-460
-455
-447
-443
-439
-433
-430
-426
-420
-417
-410
-404
-396
-389
-381
-373
-366
-358
-350
-344
-336
-330
-325
-320
-316
-313
-310
-308
-306
-305
-304
-303
-303
-305
-305
-307
-311
-315
-319
-326
-332
-338
-345
-352
-361
-367
-375
-382
-390
-396
-402
-407
-412
-416
-421
-425
-433
-438
-444
-451
-458
-465
-472
-476
-484
-489
-494
-499
-502
-505
-507
-509
-511
-515
-519
-525
-531
-538
-546
-554
-565
-574
-585
-594
-604
-613
-622
-631
-640
-650
-658
-666
-676
-684
-690
-699
-706
-713
-721
-728
-734
-740
-746
-753
-759
-764
-772
-778
-786
-791
-798
-805
-811
-817
-820
-826
-831
-837
-843
-850
-857
-864
-873
-882
-890
-901
-911
-921
-932
-942
-951
-961
-971
-978
-986
-995
-1001
-1008
-1015
-1019
-1024
-1030
-1035
-1038
-1042
-1047
-1050
-1055
-1060
-1066
-1071
-1078
-1087
-1096
-1107
-1122
-1134
-1150
-1164
-1182
-1199
-1216
-1231
-1245
-1260
-1273
-1286
-1295
-1304
-1310
-1316
-1319
-1320
-1320
-1316
-1309
-1298
-1281
-1260
-1229
-1189
-1136
-1075
-997
-908
-809
-702
-589
-481
-380
-294
-223
-167
-122
-76
-11
99
290
602
1082
1768
2047
2047
2047
2047
2047
2047
2047
2047
2047
2047
2047
2047
2047
2047
2047
2047
2047
2047
2047
2047
2047
2047
2047
2047
2047
2047
2047
2047
2047
2047
2047
2047
2047
2047
2047
2047
2047
2047
2047
2047
2047
2047
2047
2047
2047
2047
2047
2047
2047
2047
2047
2047
2047
2047
2047
2047
2047
2047
2047
2047
2047
2047
2047
2047
1279
552
9
-378
-642
-820
-943
-1038
-1123
-1210
-1306
-1408
-1517
-1629
-1739
-1841
-1935
-2015
-2048
-2048
-2048
-2048
-2048
-2048
-2048
-2048
-2048
-2048
-2048
-2048
-2048
-2048
-2048
-2048
-2048
-2048
-2048
-2048
-2048
-2048
-2048
-2032
-2015
-1998
-1982
-1968
-1954
-1942
-1931
-1920
-1911
-1906
-1897
-1892
-1885
-1882
-1878
-1874
-1871
-1870
-1869
-1870
-1869
-1870
-1873
-1876
-1880
-1883
-1888
-1894
-1898
-1906
-1914
-1923
-1934
-1944
-1956
-1969
-1982
-1994
-2007
-2018
-2027
-2035
-2041
-2045
-2046
-2042
-2038
-2031
-2024
-2016
-2007
-2000
-1993
-1987
-1984
-1983
-1982
-1983
-1986
-1989
-1995
-2000
-2005
-2011
-2016
-2019
-2024
-2027
-2030
-2036
-2039
-2043
-2046
-2048
-2048
-2048
-2048
-2048
-2048
-2048
-2048
-2048
-2048
-2048
-2048
-2048
-2048
-2048
-2048
-2048
-2048
-2048
-2048
-2048
-2048
-2048
-2048
-2048
-2048
-2048
-2048
-2048
-2048
-2048
-2048
-2048
-2048
-2048
-2048
-2048
-2048
-2048
-2048
-2048
-2048
-2048
-2048
-2048
-2048
-2048
-2048
-2048
-2048
-2048
-2048
-2048
-2048
-2048
-2048
-2048
-2048
-2048
-2048
-2048
-2048
-2048
-2048
-2048
-2048
-2043
-2039
-2036
-2035
-2035
-2034
-2036
-2037
-2041
-2045
-2048
-2048
-2048
-2048
-2048
-2048
-2048
-2048
-2048
-2048
-2048
-2048
-2048
-2048
-2048
-2048
-2048
-2048
-2048
-2048
-2048
-2048
-2048
-2048
-2048
-2048
-2048
-2048
-2048
-2048
-2048
-2048
-2048
-2048
-2043
-2037
-2032
-2028
-2024
-2020
-2017
-2015
-2013
-2012
-2011
-2009
-2009
-2008
-2008
-2007
-2006
-2005
-2004
-2000
-1997
-1993
-1988
-1982
-1974
-1966
-1957
-1948
-1939
-1930
-1923
-1913
-1904
-1897
-1890
-1883
-1876
-1872
-1865
-1859
-1852
-1846
-1841
-1834
-1828
-1822
-1814
-1807
-1801
-1796
-1790
-1784
-1778
-1773
-1768
-1762
-1756
-1750
-1744
-1736
-1728
-1720
-1709
-1699
-1687
-1673
-1660
-1645
-1631
-1616
-1603
-1588
-1573
-1560
-1548
-1534
-1522
-1510
-1499
-1486
-1475
-1463
-1450
-1438
-1428
-1418
-1407
-1399
-1393
-1388
-1385
-1385
-1385
-1387
-1390
-1395
-1402
-1406
-1411
-1414
-1417
-1417
-1416
-1415
-1411
-1405
-1399
-1392
-1385
-1378
-1370
-1358
-1349
-1335
-1321
-1307
-1292
-1272
-1250
-1231
-1209
-1189
-1167
-1146
-1127
-1109
-1092
-1079
-1066
-1055
-1045
-1036
-1030
-1022
-1017
-1012
-1007
-1001
-998
-992
-988
-984
-980
-977
-974
-972
-970
-969
-970
-970
-971
-974
-977
-980
-982
-985
-988
-990
-994
-997
-998
-999
-999
-1000
-1001
-1001
-1000
-1000
-1002
-1005
-1008
-1014
-1019
-1028
-1036
-1048
-1057
-1069
-1080
-1091
-1101
-1111
-1120
-1128
-1134
-1141
-1146
-1151
-1155
-1160
-1164
-1168
-1171
-1172
-1176
-1176
-1179
-1179
-1180
-1178
-1178
-1175
-1174
-1171
-1165
-1158
-1152
-1143
-1132
-1121
-1104
-1090
-1076
-1060
-1043
-1028
-1010
-994
-977
-962
-947
-934
-918
-904
-889
-875
-861
-848
-833
-819
-805
-791
-778
-763
-748
-734
-719
-705
-690
-676
-661
-648
-635
-622
-610
-598
-589
-582
-575
-566
-562
-558
-553
-550
-547
-544
-540
-538
-534
-530
-526
-522
-516
-512
-505
-499
-493
-488
-484
-479
-476
-471
-468
-465
-465
-464
-464
-462
-461
-460
-460
-458
-455
-451
-447
-443
-438
-433
-430
-424
-419
-413
-410
-407
-404
-402
-399
-397
-395
-394
-392
-390
-389
-386
-384
-383
-383
-384
-383
-385
-385
-390
-393
-397
-402
-406
-411
-414
-418
-420
-422
-423
-422
-421
-420
-419
-417
-415
-415
-416
-416
-420
-422
-425
-430
-434
-438
-445
-446
-450
-453
-456
-458
-458
-459
-461
-465
-467
-472
-477
-482
-488
-495
-502
-509
-516
-523
-530
-538
-544
-552
-560
-568
-576
-583
-594
-603
-613
-622
-632
-642
-654
-665
-676
-686
-697
-709
-721
-734
-748
-761
-773
-786
-798
-810
-822
-833
-844
-854
-866
-877
-888
-900
-912
-923
-935
-949
-961
-976
-989
-1001
-1015
-1027
-1040
-1050
-1062
-1073
-1083
-1093
-1103
-1112
-1120
-1127
-1132
-1141
-1145
-1151
-1158
-1162
-1168
-1171
-1177
-1183
-1190
-1197
-1206
-1216
-1226
-1237
-1249
-1263
-1276
-1289
-1299
-1312
-1322
-1330
-1337
-1344
-1348
-1351
-1354
-1353
-1352
-1347
-1342
-1333
-1321
-1306
-1284
-1255
-1221
-1175
-1118
-1047
-966
-871
-768
-655
-543
-435
-338
-255
-188
-135
-91
-41
37
171
401
767
1315
2047
2047
2047
2047
2047
2047
2047
2047
2047
2047
2047
2047
2047
2047
2047
2047
2047
2047
2047
2047
2047
2047
2047
2047
2047
2047
2047
2047
2047
2047
2047
2047
2047
2047
2047
2047
2047
2047
2047
2047
2047
2047
2047
2047
2047
2047
2047
2047
2047
2047
2047
2047
2047
2047
2047
2047
2047
2047
2047
2047
2047
2047
2047
2047
2047
1175
483
-32
-393
-639
-803
-918
-1005
-1086
-1170
-1262
-1362
-1468
-1576
-1681
-1780
-1869
-1945
-2009
-2048
-2048
-2048
-2048
-2048
-2048
-2048
-2048
-2048
-2048
-2048
-2048
-2048
-2048
-2048
-2048
-2048
-2048
-2043
-2027
-2009
-1994
-1980
-1966
-1953
-1941
-1930
-1922
-1913
-1907
-1902
-1897
-1894
-1891
-1889
-1889
-1889
-1890
-1890
-1893
-1894
-1900
-1904
-1908
-1913
-1920
-1927
-1933
-1941
-1949
-1957
-1966
-1975
-1988
-1999
-2011
-2023
-2037
-2048
-2048
-2048
-2048
-2048
-2048
-2048
-2048
-2048
-2048
-2048
-2048
-2048
-2048
-2048
-2048
-2048
-2048
-2044
-2039
-2034
-2032
-2029
-2029
-2030
-2032
-2034
-2038
-2041
-2042
-2043
-2045
-2047
-2047
-2048
-2048
-2048
-2048
-2048
-2048
-2048
-2048
-2048
-2048
-2048
-2048
-2048
-2048
-2048
-2048
-2048
-2048
-2048
-2048
-2048
-2048
-2048
-2048
-2048
-2048
-2048
-2048
-2048
-2048
-2048
-2048
-2048
-2048
-2048
-2048
-2048
-2048
-2048
-2048
-2048
-2048
-2048
-2048
-2048
-2048
-2048
-2048
-2048
-2048
-2048
-2048
-2048
-2048
-2048
-2048
-2048
-2048
-2048
-2048
-2048
-2048
-2048
-2048
-2048
-2048
-2048
-2048
-2048
-2048
-2048
-2048
-2048
-2048
-2048
-2048
-2048
-2048
-2048
-2048
-2048
-2048
-2048
-2048
-2048
-2048
-2048
-2048
-2048
-2048
-2048
-2048
-2048
-2048
-2048
-2048
-2048
-2048
-2048
-2048
-2048
-2047
-2042
-2036
-2031
-2023
-2014
-2007
-1996
-1988
-1978
-1970
-1959
-1951
-1944
-1939
-1932
-1925
-1922
-1917
-1915
-1914
-1914
-1913
-1912
-1914
-1915
-1916
-1919
-1920
-1920
-1923
-1924
-1925
-1925
-1924
-1922
-1919
-1915
-1912
-1907
-1902
-1896
-1892
-1888
-1884
-1881
-1878
-1874
-1871
-1869
-1867
-1866
-1865
-1863
-1860
-1859
-1855
-1854
-1850
-1847
-1844
-1842
-1840
-1838
-1835
-1832
-1830
-1829
-1824
-1821
-1817
-1812
-1806
-1800
-1791
-1781
-1770
-1759
-1746
-1731
-1717
-1700
-1686
-1669
-1654
-1639
-1625
-1609
-1594
-1580
-1565
-1550
-1536
-1521
-1506
-1491
-1475
-1461
-1448
-1434
-1423
-1414
-1406
-1401
-1397
-1395
-1397
-1398
-1402
-1406
-1408
-1411
-1413
-1412
-1410
-1408
-1404
-1398
-1391
-1384
-1375
-1367
-1358
-1349
-1339
-1327
-1316
-1302
-1288
-1271
-1254
-1237
-1218
-1198
-1179
-1162
-1145
-1129
-1116
-1103
-1094
-1084
-1078
-1073
-1070
-1066
-1065
-1063
-1062
-1060
-1058
-1058
-1056
-1054
-1052
-1052
-1051
-1048
-1050
-1049
-1050
-1053
-1055
-1055
-1058
-1061
-1064
-1067
-1069
-1072
-1074
-1075
-1076
-1076
-1076
-1074
-1071
-1070
-1066
-1063
-1061
-1057
-1058
-1057
-1058
-1060
-1064
-1069
-1074
-1080
-1086
-1092
-1097
-1100
-1106
-1110
-1113
-1116
-1116
-1117
-1116
-1118
-1118
-1118
-1117
-1116
-1114
-1113
-1112
-1109
-1106
-1104
-1102
-1097
-1094
-1088
-1083
-1077
-1070
-1060
-1051
-1039
-1026
-1012
-997
-982
-966
-951
-935
-919
-903
-887
-875
-862
-849
-838
-825
-812
-802
-791
-780
-769
-757
-747
-737
-726
-716
-706
-695
-684
-675
-666
-655
-646
-636
-628
-619
-611
-606
-600
-595
-591
-587
-586
-584
-582
-581
-579
-577
-577
-575
-573
-570
-565
-563
-557
-552
-546
-537
-530
-522
-516
-509
-505
-500
-495
-493
-492
-491
-492
-492
-492
-493
-494
-492
-490
-486
-480
-474
-468
-461
-453
-445
-436
-428
-421
-416
-411
-405
-399
-394
-390
-386
-382
-379
-375
-372
-369
-366
-366
-365
-366
-368
-369
-371
-377
-380
-384
-389
-394
-397
-403
-408
-409
-412
-414
-416
-417
-418
-421
-421
-424
-427
-432
-434
-440
-445
-451
-457
-462
-465
-471
-474
-475
-478
-480
-481
-483
-485
-487
-490
-497
-501
-508
-514
-524
-530
-537
-545
-552
-559
-566
-574
-581
-589
-597
-603
-610
-618
-626
-634
-642
-650
-655
-665
-673
-682
-689
-698
-705
-715
-724
-733
-742
-751
-760
-767
-776
-784
-791
-798
-806
-813
-821
-831
-841
-849
-858
-868
-880
-891
-904
-914
-926
-937
-948
-959
-971
-980
-990
-999
-1008
-1017
-1026
-1034
-1041
-1047
-1052
-1058
-1064
-1071
-1075
-1082
-1088
-1095
-1102
-1112
-1121
-1132
-1144
-1158
-1173
-1191
-1206
-1224
-1242
-1258
-1273
-1289
-1303
-1314
-1325
-1335
-1343
-1351
-1354
-1357
-1358
-1357
-1353
-1346
-1333
-1314
-1290
-1257
-1214
-1159
-1090
-1010
-917
-815
-705
-596
-493
-399
-320
-258
-211
-168
-118
-37
107
351
739
1312
2047
2047
2047
2047
2047
2047
2047
2047
2047
2047
2047
2047
2047
2047
2047
2047
2047
2047
2047
2047
2047
2047
2047
2047
2047
2047
2047
2047
2047
2047
2047
2047
2047
2047
2047
2047
2047
2047
2047
2047
2047
2047
2047
2047
2047
2047
2047
2047
2047
2047
2047
2047
2047
2047
2047
2047
2047
2047
2047
2047
2047
2047
2047
2047
1697
886
264
-190
-504
-717
-861
-966
-1053
-1137
-1227
-1323
-1428
-1540
-1650
-1756
-1852
-1938
-2013
-2048
-2048
-2048
-2048
-2048
-2048
-2048
-2048
-2048
-2048
-2048
-2048
-2048
-2048
-2048
-2048
-2048
-2048
-2048
-2048
-2048
-2040
-2021
-2004
-1987
-1971
-1956
-1942
-1927
-1915
-1905
-1895
-1885
-1878
-1869
-1863
-1858
-1852
-1848
-1845
-1841
-1840
-1839
-1838
-1837
-1839
-1840
-1842
-1846
-1848
-1853
-1857
-1863
-1870
-1878
-1886
-1896
-1907
-1917
-1930
-1942
-1954
-1965
-1977
-1985
-1993
-1997
-2001
-2001
-1999
-1994
-1989
-1982
-1973
-1967
-1960
-1955
-1950
-1948
-1950
-1951
-1955
-1960
-1965
-1972
-1981
-1989
-1996
-2005
-2011
-2018
-2023
-2029
-2034
-2041
-2045
-2048
-2048
-2048
-2048
-2048
-2048
-2048
-2048
-2048
-2048
-2048
-2048
-2048
-2048
-2048
-2048
-2048
-2048
-2048
-2048
-2048
-2048
-2048
-2048
-2048
-2048
-2048
-2048
-2048
-2048
-2048
-2048
-2048
-2048
-2048
-2048
-2048
-2048
-2048
-2048
-2048
-2048
-2048
-2048
-2048
-2048
-2048
-2048
-2048
-2048
-2048
-2048
-2048
-2048
-2048
-2048
-2048
-2048
-2048
-2048
-2048
-2048
-2048
-2048
-2048
-2046
-2037
-2030
-2025
-2019
-2017
-2014
-2012
-2011
-2011
-2013
-2015
-2018
-2021
-2023
-2027
-2030
-2034
-2037
-2039
-2039
-2042
-2043
-2045
-2046
-2047
-2047
-2047
-2048
-2048
-2048
-2048
-2047
-2046
-2045
-2042
-2040
-2036
-2031
-2025
-2020
-2013
-2007
-2000
-1993
-1987
-1981
-1976
-1972
-1969
-1964
-1962
-1958
-1958
-1956
-1956
-1956
-1955
-1955
-1956
-1956
-1955
-1954
-1952
-1951
-1949
-1947
-1942
-1936
-1930
-1923
-1915
-1906
-1899
-1889
-1881
-1873
-1865
-1857
-1851
-1843
-1836
-1830
-1823
-1817
-1812
-1804
-1797
-1790
-1784
-1777
-1770
-1762
-1754
-1747
-1742
-1735
-1732
-1725
-1720
-1715
-1711
-1706
-1701
-1694
-1687
-1678
-1670
-1659
-1649
-1636
-1622
-1606
-1591
-1577
-1562
-1549
-1534
-1520
-1506
-1494
-1483
-1472
-1461
-1450
-1439
-1430
-1418
-1408
-1399
-1389
-1381
-1372
-1366
-1363
-1359
-1358
-1362
-1365
-1369
-1377
-1383
-1390
-1396
-1401
-1407
-1411
-1411
-1412
-1411
-1407
-1403
-1399
-1392
-1386
-1379
-1374
-1365
-1355
-1344
-1332
-1319
-1304
-1286
-1269
-1251
-1231
-1211
-1194
-1176
-1159
-1145
-1132
-1121
-1111
-1100
-1095
-1090
-1084
-1079
-1074
-1071
-1067
-1062
-1057
-1052
-1048
-1045
-1041
-1038
-1034
-1031
-1031
-1029
-1028
-1029
-1029
-1031
-1032
-1034
-1036
-1039
-1039
-1041
-1041
-1042
-1041
-1042
-1038
-1037
-1035
-1034
-1031
-1030
-1031
-1031
-1032
-1035
-1041
-1047
-1053
-1062
-1069
-1079
-1087
-1094
-1103
-1109
-1114
-1120
-1124
-1129
-1131
-1134
-1136
-1139
-1142
-1142
-1144
-1144
-1146
-1147
-1146
-1146
-1146
-1144
-1142
-1142
-1138
-1133
-1129
-1121
-1113
-1104
-1094
-1080
-1065
-1050
-1033
-1017
-1001
-984
-968
-951
-934
-917
-902
-887
-873
-858
-842
-828
-815
-799
-786
-772
-756
-743
-729
-715
-703
-688
-675
-661
-648
-635
-623
-608
-595
-582
-572
-560
-551
-541
-530
-519
-511
-502
-496
-488
-483
-475
-469
-460
-453
-445
-439
-432
-426
-417
-410
-404
-395
-389
-383
-377
-373
-370
-367
-364
-363
-362
-363
-364
-366
-366
-366
-366
-367
-367
-364
-363
-362
-360
-359
-357
-355
-354
-354
-354
-356
-357
-358
-360
-362
-366
-370
-374
-377
-380
-384
-391
-394
-401
-405
-412
-419
-427
-435
-443
-450
-458
-465
-472
-477
-484
-488
-492
-493
-495
-496
-498
-499
-499
-500
-503
-506
-508
-513
-516
-519
-524
-527
-530
-532
-533
-533
-533
-531
-532
-532
-531
-529
-531
-533
-535
-539
-542
-546
-550
-555
-559
-564
-567
-570
-574
-579
-584
-589
-594
-598
-605
-612
-619
-625
-631
-638
-645
-653
-661
-671
-679
-687
-697
-707
-717
-729
-740
-748
-758
-769
-779
-790
-799
-808
-818
-829
-840
-853
-864
-876
-888
-901
-915
-929
-944
-955
-970
-983
-997
-1008
-1022
-1033
-1044
-1054
-1066
-1075
-1086
-1093
-1101
-1109
-1116
-1123
-1130
-1136
-1142
-1149
-1157
-1165
-1175
-1183
-1193
-1205
-1218
-1231
-1245
-1259
-1271
-1284
-1297
-1308
-1318
-1326
-1334
-1338
-1344
-1345
-1347
-1346
-1344
-1339
-1333
-1326
-1312
-1296
-1270
-1240
-1201
-1151
-1090
-1018
-931
-832
-725
-612
-501
-396
-303
-224
-162
-113
-69
-13
78
237
506
924
1538
2047
2047
2047
2047
2047
2047
2047
2047
2047
2047
2047
2047
2047
2047
2047
2047
2047
2047
2047
2047
2047
2047
2047
2047
2047
2047
2047
2047
2047
2047
2047
2047
2047
2047
2047
2047
2047
2047
2047
2047
2047
2047
2047
2047
2047
2047
2047
2047
2047
2047
2047
2047
2047
2047
2047
2047
2047
2047
2047
2047
2047
2047
2047
2047
1413
641
55
-366
-654
-846
-977
-1072
-1155
-1236
-1324
-1420
-1524
-1630
-1737
-1838
-1930
-2009
-2048
-2048
-2048
-2048
-2048
-2048
-2048
-2048
-2048
-2048
-2048
-2048
-2048
-2048
-2048
-2048
-2048
-2048
-2048
-2048
-2048
-2046
-2027
-2008
-1990
-1973
-1957
-1943
-1932
-1919
-1910
-1900
-1892
-1886
-1882
-1876
-1873
-1870
-1868
-1867
-1868
-1867
-1869
-1870
-1874
-1877
-1881
-1886
-1891
-1900
-1905
-1913
-1920
-1931
-1941
-1952
-1963
-1975
-1989
-2002
-2016
-2030
-2043
-2048
-2048
-2048
-2048
-2048
-2048
-2048
-2048
-2048
-2048
-2048
-2048
-2048
-2041
-2035
-2029
-2023
-2024
-2023
-2024
-2027
-2031
-2034
-2040
-2043
-2047
-2048
-2048
-2048
-2048
-2048
-2048
-2048
-2048
-2048
-2048
-2048
-2048
-2048
-2048
-2048
-2048
-2048
-2048
-2048
-2048
-2048
-2048
-2048
-2048
-2048
-2048
-2048
-2048
-2048
-2048
-2048
-2048
-2048
-2048
-2048
-2048
-2048
-2048
-2048
-2048
-2048
-2048
-2048
-2048
-2048
-2048
-2048
-2048
-2048
-2048
-2048
-2048
-2048
-2048
-2048
-2048
-2048
-2048
-2048
-2048
-2048
-2048
-2048
-2048
-2048
-2048
-2048
-2048
-2048
-2048
-2048
-2048
-2048
-2048
-2048
-2048
-2048
-2048
-2048
-2048
-2048
-2048
-2048
-2048
-2048
-2048
-2048
-2048
-2048
-2048
-2048
-2048
-2048
-2048
-2048
-2048
-2048
-2048
-2048
-2048
-2048
-2048
-2048
-2048
-2048
-2048
-2048
-2048
-2048
-2048
-2048
-2048
-2048
-2048
-2048
-2048
-2048
-2048
-2048
-2045
-2038
-2030
-2027
-2020
-2014
-2010
-2008
-2004
-2002
-2002
-1998
-1996
-1997
-1996
-1995
-1995
-1991
-1988
-1986
-1981
-1977
-1972
-1965
-1956
-1949
-1941
-1932
-1925
-1916
-1907
-1900
-1892
-1886
-1880
-1874
-1869
-1865
-1859
-1854
-1850
-1844
-1839
-1836
-1831
-1828
-1823
-1818
-1813
-1811
-1805
-1802
-1799
-1794
-1789
-1785
-1779
-1774
-1768
-1762
-1752
-1742
-1733
-1721
-1710
-1696
-1681
-1668
-1654
-1640
-1625
-1611
-1595
-1583
-1571
-1558
-1546
-1533
-1519
-1505
-1493
-1481
-1468
-1456
-1443
-1431
-1421
-1413
-1406
-1401
-1397
-1395
-1396
-1397
-1401
-1403
-1407
-1408
-1411
-1412
-1412
-1411
-1406
-1402
-1394
-1389
-1381
-1372
-1363
-1352
-1342
-1330
-1319
-1307
-1291
-1275
-1256
-1237
-1217
-1197
-1176
-1155
-1135
-1117
-1100
-1085
-1071
-1060
-1052
-1044
-1037
-1034
-1031
-1025
-1023
-1021
-1019
-1018
-1016
-1013
-1011
-1011
-1011
-1011
-1011
-1012
-1014
-1018
-1022
-1026
-1030
-1033
-1040
-1046
-1052
-1058
-1063
-1066
-1070
-1075
-1077
-1080
-1082
-1081
-1081
-1081
-1081
-1082
-1083
-1086
-1089
-1093
-1099
-1107
-1117
-1125
-1133
-1143
-1150
-1159
-1166
-1173
-1178
-1183
-1186
-1190
-1191
-1193
-1194
-1194
-1194
-1195
-1195
-1194
-1193
-1190
-1189
-1187
-1184
-1179
-1174
-1171
-1164
-1158
-1151
-1141
-1131
-1118
-1104
-1089
-1072
-1056
-1037
-1019
-1001
-984
-967
-950
-933
-918
-904
-891
-879
-867
-855
-843
-831
-821
-808
-798
-784
-773
-760
-747
-735
-722
-707
-692
-680
-664
-649
-636
-622
-609
-600
-589
-581
-574
-566
-563
-559
-556
-553
-555
-553
-550
-550
-547
-545
-542
-539
-534
-530
-524
-519
-512
-507
-500
-492
-486
-477
-476
-471
-466
-463
-459
-455
-451
-448
-444
-439
-433
-428
-421
-415
-407
-399
-391
-382
-375
-368
-361
-354
-348
-343
-339
-335
-331
-329
-326
-323
-321
-319
-318
-318
-318
-316
-317
-319
-321
-323
-325
-330
-334
-338
-343
-347
-352
-355
-359
-361
-363
-365
-366
-368
-370
-372
-375
-378
-383
-388
-395
-402
-410
-419
-425
-433
-442
-449
-456
-460
-466
-472
-476
-480
-485
-489
-495
-502
-509
-517
-526
-534
-542
-550
-559
-567
-576
-583
-591
-599
-608
-617
-626
-635
-643
-653
-662
-671
-682
-691
-700
-711
-720
-732
-741
-751
-762
-772
-783
-794
-805
-815
-824
-833
-842
-851
-860
-868
-874
-884
-892
-902
-911
-923
-931
-941
-952
-961
-972
-983
-991
-1001
-1011
-1020
-1031
-1039
-1046
-1055
-1063
-1070
-1077
-1083
-1090
-1093
-1100
-1104
-1109
-1113
-1118
-1121
-1124
-1132
-1139
-1148
-1156
-1166
-1178
-1190
-1203
-1216
-1230
-1243
-1256
-1268
-1279
-1291
-1298
-1306
-1312
-1316
-1320
-1322
-1322
-1319
-1316
-1309
-1298
-1282
-1260
-1229
-1189
-1141
-1078
-1004
-918
-818
-712
-602
-493
-391
-303
-228
-171
-124
-79
-19
82
261
554
1005
1656
2047
2047
2047
2047
2047
2047
2047
2047
2047
2047
2047
2047
2047
2047
2047
2047
2047
2047
2047
2047
2047
2047
2047
2047
2047
2047
2047
2047
2047
2047
2047
2047
2047
2047
2047
2047
2047
2047
2047
2047
2047
2047
2047
2047
2047
2047
2047
2047
2047
2047
2047
2047
2047
2047
2047
2047
2047
2047
2047
2047
2047
2047
2047
2047
1583
799
201
-230
-528
-727
-864
-966
-1051
-1136
-1229
-1328
-1435
-1546
-1656
-1762
-1859
-1943
-2015
-2048
-2048
-2048
-2048
-2048
-2048
-2048
-2048
-2048
-2048
-2048
-2048
-2048
-2048
-2048
-2048
-2048
-2048
-2048
-2048
-2048
-2048
-2047
