11.125000
8.125000
23.500000
25.125000
26.250000
6.250000
-1.375000
7.625000
16.250000
22.375000
9.875000
10.625000
13.125000
29.500000
22.875000
21.125000
3.750000
10.000000
29.750000
32.875000
18.875000
3.750000
19.250000
32.375000
36.750000
13.875000
2.625000
13.125000
23.625000
32.625000
11.125000
0.625000
19.875000
30.625000
28.000000
-6.250000
-8.625000
-6.500000
19.000000
23.625000
12.625000
0.500000
-11.875000
3.375000
16.875000
6.250000
6.375000
-15.125000
3.625000
6.875000
18.500000
4.000000
-2.125000
-0.500000
9.250000
22.500000
15.500000
12.250000
1.625000
18.000000
17.375000
14.625000
3.375000
5.750000
17.375000
17.125000
15.875000
-2.000000
12.875000
18.250000
13.625000
10.500000
-3.750000
1.625000
-0.375000
18.625000
8.875000
-1.250000
-2.125000
-3.625000
21.000000
11.125000
16.250000
-10.750000
2.625000
13.125000
21.875000
10.750000
-8.125000
9.875000
15.875000
36.500000
15.125000
4.000000
-3.000000
8.500000
24.500000
23.250000
27.375000
6.625000
11.500000
14.250000
29.250000
12.625000
-12.250000
2.250000
25.500000
46.625000
26.250000
5.000000
-10.000000
-3.000000
39.250000
34.000000
17.250000
-45.875000
-100.250000
-83.375000
15.250000
127.875000
72.250000
-34.500000
-181.875000
-86.125000
43.750000
172.125000
117.750000
17.375000
-5.875000
34.000000
153.625000
168.250000
82.500000
-52.125000
-21.500000
110.625000
248.875000
157.000000
-6.500000
-136.750000
-54.750000
78.125000
115.375000
19.500000
-86.750000
-64.500000
-9.250000
19.250000
-51.125000
-98.375000
-76.375000
8.500000
50.000000
-25.500000
-78.625000
-83.625000
18.375000
57.125000
39.125000
-43.250000
-42.125000
20.750000
84.250000
85.875000
23.000000
-1.250000
13.250000
71.625000
86.125000
56.875000
20.500000
23.375000
57.500000
58.625000
30.250000
-10.625000
-0.250000
39.625000
52.375000
15.875000
-31.875000
-43.375000
-14.250000
22.125000
21.000000
-12.750000
-41.750000
-38.125000
-14.625000
-2.875000
-6.250000
-29.875000
-28.375000
2.000000
11.000000
-2.250000
-23.875000
-5.250000
17.125000
42.000000
34.250000
5.500000
7.000000
29.375000
53.375000
46.375000
34.625000
24.000000
24.375000
49.000000
60.250000
39.750000
30.750000
15.625000
21.750000
36.250000
33.750000
30.750000
-1.750000
6.500000
12.125000
12.750000
3.125000
-15.500000
-16.125000
1.250000
14.250000
-9.625000
-28.625000
-30.250000
0.000000
15.500000
13.500000
-9.750000
-22.375000
-4.125000
24.750000
38.250000
15.625000
2.625000
11.625000
47.875000
45.500000
23.875000
13.000000
27.625000
56.500000
58.250000
40.375000
21.000000
29.125000
42.000000
53.250000
33.000000
19.125000
9.750000
24.750000
30.625000
39.250000
5.875000
-9.250000
-12.750000
18.625000
22.750000
8.500000
-16.500000
-27.125000
7.125000
9.625000
9.500000
-21.125000
-19.750000
8.500000
23.625000
25.875000
-17.500000
-17.250000
3.250000
47.000000
38.250000
2.000000
-22.000000
-5.125000
28.875000
41.000000
23.750000
-6.625000
-0.125000
8.375000
36.125000
18.000000
3.125000
-2.750000
22.375000
42.000000
13.000000
6.000000
-3.750000
40.250000
-20.500000
-20.125000
7.750000
2.875000
73.375000
-56.750000
35.000000
-38.625000
40.375000
19.500000
-4.875000
51.875000
-40.250000
90.875000
-8.375000
92.250000
-10.125000
54.625000
-12.125000
-1.000000
59.375000
31.375000
85.750000
-34.250000
12.625000
-26.375000
47.250000
41.000000
12.875000
18.875000
-28.750000
33.250000
-2.875000
29.000000
-13.375000
0.375000
19.000000
9.375000
28.750000
-13.000000
20.750000
-13.375000
36.125000
19.500000
34.250000
6.750000
9.000000
14.875000
31.125000
37.250000
10.875000
18.500000
13.625000
45.625000
28.375000
12.875000
4.750000
15.250000
40.000000
21.000000
21.500000
4.125000
21.625000
25.875000
15.625000
12.875000
0.125000
24.000000
13.625000
18.250000
-0.625000
-0.750000
8.375000
5.125000
15.125000
-0.750000
2.875000
4.500000
9.625000
3.000000
6.375000
6.000000
25.750000
22.250000
-4.875000
6.375000
4.125000
31.375000
17.375000
5.000000
0.250000
10.250000
35.000000
22.250000
8.250000
-2.875000
13.625000
32.125000
18.750000
3.000000
-18.000000
9.500000
23.750000
25.000000
4.500000
-12.500000
-0.875000
22.500000
18.125000
5.375000
-2.875000
5.750000
24.500000
20.250000
12.000000
2.125000
14.125000
31.375000
36.125000
17.250000
11.250000
16.375000
33.875000
44.000000
37.750000
34.000000
6.375000
7.750000
15.500000
26.500000
33.375000
24.250000
19.500000
20.125000
22.250000
27.375000
15.250000
12.625000
9.375000
31.375000
17.250000
9.250000
9.500000
14.250000
35.125000
13.500000
2.250000
-1.375000
22.500000
35.375000
22.875000
23.875000
8.000000
14.500000
19.000000
10.250000
9.750000
11.375000
29.375000
28.500000
11.625000
-4.875000
-16.750000
12.625000
26.125000
25.875000
13.125000
-5.500000
-4.250000
-3.375000
20.375000
26.625000
8.250000
18.250000
-10.250000
7.625000
-4.000000
17.625000
23.000000
22.250000
17.250000
-6.750000
2.250000
-5.625000
22.000000
35.875000
-4.000000
18.625000
-21.250000
26.750000
-7.875000
24.125000
-9.750000
-3.500000
12.500000
7.750000
36.000000
-18.125000
9.500000
-25.625000
17.750000
8.500000
14.375000
18.250000
-1.875000
16.000000
-11.375000
11.375000
7.625000
26.250000
22.375000
7.500000
7.625000
-8.500000
22.000000
20.000000
19.625000
14.625000
4.875000
16.500000
4.750000
10.000000
0.875000
21.250000
23.000000
21.625000
11.875000
-4.250000
3.750000
6.125000
22.625000
30.875000
23.000000
15.125000
11.250000
12.625000
12.250000
18.500000
23.125000
27.500000
24.875000
29.500000
22.625000
14.250000
14.375000
20.500000
36.750000
34.250000
13.500000
14.750000
5.375000
32.625000
25.125000
37.125000
14.750000
17.875000
9.750000
17.375000
22.000000
14.375000
17.250000
3.750000
18.500000
22.125000
18.750000
8.750000
-5.500000
10.875000
7.750000
30.625000
17.625000
25.750000
16.500000
18.500000
14.875000
5.750000
11.000000
17.000000
25.750000
25.625000
21.625000
4.000000
-2.125000
11.125000
17.625000
29.000000
24.125000
18.750000
6.375000
5.000000
10.500000
13.000000
21.125000
21.500000
20.875000
2.750000
3.875000
3.375000
12.750000
23.375000
26.625000
12.250000
-0.750000
-1.125000
9.375000
27.250000
27.625000
8.875000
2.750000
11.250000
22.750000
12.750000
7.250000
0.125000
12.625000
28.125000
18.625000
12.250000
1.250000
5.125000
5.875000
13.375000
11.625000
13.250000
13.000000
1.875000
1.625000
4.000000
11.625000
3.625000
3.875000
-4.125000
6.875000
10.750000
3.750000
-0.750000
-2.500000
6.375000
11.375000
17.875000
8.500000
2.750000
7.125000
8.875000
13.625000
17.500000
21.125000
14.875000
10.500000
19.000000
22.500000
23.500000
8.125000
14.500000
15.125000
38.125000
22.250000
8.625000
-2.750000
7.000000
45.000000
34.125000
35.625000
-10.750000
-40.125000
-44.250000
97.750000
133.750000
24.000000
-56.500000
-60.875000
98.625000
119.500000
45.000000
-77.375000
-75.500000
58.625000
126.875000
89.750000
-47.625000
-19.375000
-63.625000
-33.875000
26.625000
93.250000
40.875000
-60.250000
-39.625000
7.500000
73.375000
28.875000
-18.250000
-37.750000
1.250000
60.625000
45.875000
13.250000
-62.750000
-21.000000
49.125000
68.000000
36.625000
-41.625000
-15.125000
19.500000
54.750000
23.125000
-24.875000
-15.875000
20.750000
64.000000
22.125000
-23.500000
-49.500000
8.875000
52.375000
43.500000
-3.250000
-47.750000
-5.375000
16.125000
44.500000
-7.500000
-22.625000
-11.250000
29.125000
42.125000
5.375000
-23.125000
-25.875000
27.625000
39.125000
30.250000
-3.000000
-9.625000
17.250000
35.375000
40.375000
5.750000
13.375000
19.750000
48.750000
36.625000
0.875000
0.125000
13.625000
52.250000
42.250000
28.125000
0.250000
0.250000
23.625000
23.625000
34.500000
-2.250000
19.625000
19.250000
35.875000
5.875000
-15.750000
-0.750000
31.250000
43.250000
21.250000
-10.125000
-7.375000
23.875000
37.750000
42.000000
-13.625000
20.000000
7.500000
58.375000
19.875000
28.750000
9.625000
23.875000
46.500000
35.500000
37.750000
11.750000
25.000000
32.625000
41.000000
34.625000
15.500000
24.250000
21.625000
45.500000
20.750000
7.625000
-6.375000
11.125000
36.875000
36.250000
17.250000
-24.375000
-15.875000
11.125000
39.500000
22.125000
-16.125000
-23.875000
-2.125000
18.625000
15.250000
-4.375000
-20.500000
-2.750000
15.375000
22.125000
-3.375000
-25.375000
-12.125000
13.000000
36.500000
22.875000
-1.250000
-20.625000
0.250000
13.875000
19.625000
9.750000
-4.500000
22.250000
21.500000
25.125000
-14.625000
-14.750000
6.375000
21.625000
26.000000
15.125000
11.750000
-3.500000
10.000000
-5.625000
6.375000
11.750000
16.250000
16.875000
-2.250000
-8.250000
-1.750000
16.375000
21.250000
15.125000
-4.125000
3.875000
26.500000
22.375000
28.125000
22.000000
14.750000
39.625000
34.875000
56.125000
6.250000
10.375000
-13.500000
35.125000
38.500000
42.000000
-2.125000
-33.000000
-20.250000
1.875000
29.375000
8.000000
3.125000
-25.250000
-1.500000
27.875000
28.750000
14.750000
-9.375000
4.500000
24.000000
55.875000
43.125000
32.750000
9.625000
15.625000
24.500000
40.750000
46.875000
41.250000
33.000000
15.625000
11.500000
3.625000
19.625000
31.250000
36.375000
23.875000
11.750000
-15.625000
-12.500000
-7.875000
15.750000
20.625000
9.250000
-3.125000
-10.250000
-15.875000
-2.750000
-8.750000
-1.875000
3.000000
11.125000
13.875000
9.375000
-3.000000
-0.250000
11.000000
14.375000
19.625000
11.000000
22.500000
25.750000
33.125000
13.000000
8.125000
11.250000
23.625000
40.375000
26.250000
18.625000
0.125000
11.250000
14.375000
19.750000
21.875000
12.500000
15.250000
5.250000
15.000000
2.500000
7.500000
11.500000
13.500000
14.125000
-4.875000
-0.625000
-0.625000
18.000000
19.000000
4.000000
-4.125000
-4.375000
11.875000
12.500000
10.625000
-4.250000
1.000000
18.000000
17.875000
13.000000
-5.250000
13.375000
22.750000
32.375000
14.250000
2.250000
12.125000
30.125000
38.625000
15.375000
13.750000
12.250000
30.625000
38.375000
27.125000
7.375000
6.750000
7.250000
22.375000
19.000000
25.875000
8.750000
6.500000
-3.375000
12.125000
19.625000
19.500000
28.000000
4.000000
24.875000
7.375000
4.000000
14.625000
17.875000
43.375000
16.125000
38.375000
-2.875000
8.750000
7.625000
29.375000
63.125000
26.125000
20.125000
-19.625000
23.375000
28.750000
34.625000
14.250000
-7.375000
18.250000
21.250000
33.625000
-8.000000
-2.875000
3.000000
29.250000
25.125000
-6.750000
-14.875000
-12.125000
23.250000
21.250000
19.250000
-3.375000
-13.250000
0.125000
13.750000
27.250000
3.125000
0.625000
2.375000
63.625000
111.000000
47.500000
-57.000000
-81.250000
15.875000
57.125000
62.875000
13.000000
-8.250000
35.125000
42.125000
22.375000
-39.375000
-22.750000
43.250000
58.250000
1.500000
42.500000
90.375000
71.125000
-34.625000
-54.500000
-12.375000
35.750000
49.000000
-5.875000
-18.250000
-15.250000
29.125000
22.750000
-11.000000
-23.000000
16.250000
57.125000
36.000000
-16.250000
-46.375000
12.125000
64.250000
78.625000
3.875000
-35.500000
-6.500000
55.875000
63.250000
24.125000
-12.125000
-0.750000
42.500000
42.625000
13.625000
-17.500000
1.125000
25.125000
36.000000
1.750000
-10.125000
-14.500000
5.000000
20.875000
21.875000
-2.875000
-25.750000
-10.750000
14.625000
27.500000
3.500000
-13.750000
-18.500000
10.625000
30.875000
13.250000
0.125000
-13.125000
23.250000
33.375000
20.250000
3.750000
-9.125000
27.000000
22.375000
39.125000
4.500000
4.625000
9.375000
25.625000
27.125000
14.500000
2.750000
8.875000
16.500000
18.000000
16.500000
10.000000
4.750000
8.125000
12.750000
13.750000
11.375000
2.250000
3.875000
16.500000
9.500000
-1.000000
10.375000
10.500000
21.875000
8.125000
17.125000
17.250000
16.750000
31.250000
10.625000
13.750000
-6.375000
17.625000
21.000000
29.250000
17.500000
-0.500000
12.750000
11.500000
29.625000
17.625000
19.875000
18.000000
23.875000
14.500000
28.375000
17.375000
25.750000
37.250000
23.125000
27.375000
8.500000
23.250000
26.875000
26.875000
31.625000
16.625000
12.125000
8.500000
22.500000
19.250000
25.500000
16.250000
7.875000
7.000000
9.250000
17.250000
14.250000
13.375000
7.625000
23.500000
12.375000
15.375000
-7.375000
10.875000
31.625000
33.500000
27.500000
-4.375000
1.250000
16.375000
42.375000
26.875000
15.625000
4.250000
21.875000
37.000000
20.750000
2.500000
-0.125000
28.875000
40.750000
14.625000
-14.000000
-9.750000
14.250000
30.125000
11.125000
-5.500000
5.750000
50.625000
47.000000
22.250000
-36.625000
-26.625000
13.500000
31.750000
41.000000
-11.875000
-5.000000
2.125000
36.875000
30.750000
-0.250000
-4.375000
1.750000
33.250000
59.125000
65.750000
29.500000
-19.250000
-15.750000
19.250000
30.750000
21.750000
1.375000
12.750000
19.875000
19.125000
-11.750000
-24.375000
-6.000000
34.375000
41.875000
10.250000
-25.250000
-25.000000
9.250000
30.500000
22.375000
0.000000
0.500000
20.250000
10.375000
6.625000
-4.875000
5.750000
30.000000
28.625000
30.125000
-4.000000
-5.750000
-10.375000
21.125000
40.875000
30.375000
14.000000
-7.125000
7.000000
17.125000
28.250000
5.000000
19.000000
18.625000
18.250000
8.250000
-22.375000
2.875000
23.875000
54.625000
23.125000
-2.625000
-20.125000
-0.125000
32.625000
27.875000
24.500000
5.625000
17.750000
19.125000
17.625000
0.500000
5.500000
23.750000
41.875000
28.250000
-1.500000
-24.750000
-8.250000
24.375000
42.625000
29.625000
-0.125000
-9.000000
1.125000
17.000000
19.125000
2.375000
7.250000
6.750000
18.250000
12.125000
8.750000
9.250000
12.875000
10.250000
4.250000
-4.250000
11.750000
21.750000
31.875000
18.500000
-5.000000
-11.125000
5.125000
18.125000
25.875000
10.000000
3.250000
9.500000
8.625000
14.500000
10.000000
11.625000
6.625000
22.375000
26.625000
10.500000
5.875000
-6.875000
7.125000
10.125000
28.375000
27.500000
10.625000
-7.125000
-8.875000
14.125000
31.500000
28.875000
21.250000
4.375000
14.500000
15.750000
15.250000
15.750000
16.250000
26.250000
23.875000
25.750000
12.000000
19.000000
10.625000
20.375000
23.625000
30.375000
29.250000
9.000000
15.875000
0.125000
25.000000
7.000000
25.625000
24.000000
15.750000
17.625000
-12.375000
9.500000
5.875000
39.000000
31.125000
14.250000
1.000000
-3.250000
31.625000
13.875000
19.500000
7.375000
26.375000
22.000000
25.500000
7.625000
-1.500000
16.250000
75.250000
99.000000
-2.875000
-33.500000
-55.500000
-1.750000
44.250000
17.250000
29.000000
25.250000
37.000000
15.875000
-27.500000
-49.250000
-10.750000
23.750000
34.375000
27.750000
62.500000
-27.000000
-12.250000
-2.500000
16.625000
21.750000
-41.750000
8.375000
20.750000
73.250000
25.500000
-18.750000
-28.250000
-7.000000
51.625000
26.750000
39.000000
7.125000
23.000000
33.875000
-0.750000
7.625000
-12.000000
40.125000
25.000000
54.125000
6.125000
-1.000000
-14.500000
4.125000
23.625000
33.375000
29.375000
-3.000000
11.500000
-2.000000
12.500000
9.250000
6.375000
3.125000
6.125000
17.000000
25.000000
13.000000
-12.625000
9.125000
23.625000
48.875000
32.000000
7.125000
4.500000
-1.250000
31.875000
24.000000
22.750000
-9.375000
2.750000
21.750000
30.875000
28.250000
-5.500000
-4.000000
10.875000
35.750000
27.625000
4.125000
-2.500000
8.875000
24.625000
25.750000
8.750000
6.875000
4.625000
29.250000
28.875000
20.000000
-5.625000
3.125000
8.625000
27.875000
17.625000
4.625000
-3.125000
-7.875000
20.375000
8.750000
24.875000
-17.375000
-0.750000
-0.500000
25.000000
18.375000
-13.375000
-1.625000
-5.625000
33.000000
16.875000
19.625000
-14.000000
-6.500000
15.125000
31.875000
24.250000
-8.250000
6.750000
17.875000
37.250000
8.875000
9.125000
-0.375000
15.750000
40.375000
26.125000
23.875000
-9.250000
20.250000
13.125000
30.500000
20.500000
14.750000
14.625000
13.750000
27.500000
18.125000
11.375000
-0.750000
8.125000
18.000000
31.125000
20.750000
4.750000
5.750000
13.625000
24.250000
23.500000
15.625000
21.375000
12.625000
37.875000
12.000000
22.500000
9.750000
26.375000
20.000000
31.750000
21.375000
19.625000
21.625000
15.125000
31.125000
17.625000
25.750000
15.000000
22.250000
20.750000
20.375000
21.375000
26.250000
25.375000
7.375000
5.250000
10.750000
29.250000
21.000000
-28.625000
-38.125000
19.500000
105.500000
88.000000
-36.750000
-133.000000
-68.750000
31.000000
114.625000
63.375000
-66.125000
-67.375000
-18.625000
51.500000
49.375000
-11.250000
-92.500000
-92.000000
81.000000
197.000000
103.500000
-56.250000
-206.000000
-58.375000
83.625000
205.500000
59.000000
-59.875000
-59.875000
19.375000
81.750000
-6.375000
-53.000000
-38.750000
87.375000
130.875000
27.000000
-110.000000
-140.375000
5.750000
116.125000
123.875000
-3.625000
-73.000000
-55.875000
38.625000
53.500000
8.750000
-39.250000
-5.000000
77.875000
69.750000
12.250000
-71.500000
-39.875000
36.875000
87.500000
56.125000
-8.375000
-19.375000
10.125000
56.625000
35.500000
7.125000
-3.500000
31.125000
61.125000
56.125000
16.750000
-21.250000
-0.375000
27.625000
55.750000
37.125000
7.875000
5.375000
14.750000
32.625000
11.000000
0.875000
5.625000
28.375000
48.875000
28.500000
1.250000
-11.375000
1.375000
28.625000
31.125000
23.375000
6.250000
0.250000
12.375000
28.500000
15.500000
12.125000
16.375000
29.000000
28.500000
4.625000
10.375000
-1.875000
19.375000
27.875000
19.625000
6.375000
-10.750000
11.000000
13.000000
17.750000
1.625000
2.875000
9.375000
5.875000
-6.000000
-9.875000
1.625000
9.250000
12.250000
-3.750000
-8.250000
1.625000
5.375000
0.375000
-18.750000
-2.875000
-1.250000
31.750000
21.625000
15.000000
0.000000
-2.625000
11.125000
10.500000
37.125000
23.000000
30.875000
9.000000
15.875000
18.250000
16.375000
26.000000
13.125000
34.375000
21.875000
20.375000
-1.875000
-0.500000
8.250000
17.000000
24.750000
-7.500000
-1.000000
7.375000
16.625000
6.250000
-6.000000
-0.875000
8.500000
14.125000
-1.875000
1.250000
4.375000
20.750000
8.750000
2.750000
-4.500000
3.875000
11.750000
26.875000
38.375000
24.500000
9.625000
-14.500000
6.000000
20.875000
44.375000
22.500000
6.625000
8.375000
22.125000
39.125000
15.625000
1.500000
-77.875000
-9.500000
138.625000
48.875000
76.250000
-136.625000
-23.000000
62.125000
114.875000
31.500000
-60.750000
-31.875000
70.625000
113.875000
5.000000
-18.750000
30.000000
94.125000
-75.250000
39.750000
-9.250000
51.250000
65.125000
8.875000
39.500000
-63.375000
28.875000
-18.250000
69.500000
9.250000
3.500000
-14.000000
-29.125000
34.250000
0.375000
46.250000
-15.125000
19.000000
-9.750000
12.125000
25.875000
16.000000
46.250000
8.750000
25.875000
-14.375000
21.250000
31.500000
55.000000
36.750000
1.250000
1.875000
12.250000
43.125000
26.250000
29.875000
12.125000
26.000000
18.125000
17.250000
8.375000
11.250000
33.625000
23.375000
10.750000
-9.750000
-4.875000
10.125000
23.125000
15.875000
6.500000
-10.875000
-3.375000
5.000000
12.500000
16.125000
4.625000
1.500000
2.625000
10.875000
11.875000
28.000000
12.375000
13.250000
2.375000
15.500000
18.500000
29.625000
21.500000
11.000000
12.125000
14.000000
24.375000
7.875000
21.500000
8.250000
24.500000
11.875000
13.750000
9.500000
2.000000
15.500000
10.375000
17.750000
-6.750000
-4.750000
-3.875000
11.625000
15.250000
-1.375000
1.375000
-3.375000
17.125000
14.125000
13.750000
2.000000
8.125000
18.375000
29.500000
23.875000
6.625000
11.250000
16.250000
32.625000
27.875000
24.875000
8.750000
18.250000
26.375000
35.625000
32.000000
14.625000
19.750000
5.750000
39.125000
25.625000
18.625000
11.375000
5.500000
28.750000
21.750000
13.375000
-4.500000
16.250000
10.375000
23.000000
7.500000
-7.500000
1.250000
9.750000
20.125000
2.125000
2.375000
0.750000
15.250000
16.500000
11.875000
16.125000
4.250000
18.375000
17.875000
18.125000
-1.375000
-8.625000
4.500000
7.250000
12.375000
10.750000
5.625000
5.125000
3.125000
13.750000
7.750000
8.125000
8.750000
4.625000
16.875000
13.375000
22.875000
12.625000
17.125000
13.625000
2.500000
-26.875000
-27.250000
-16.625000
31.125000
9.625000
28.500000
2.250000
-1.750000
-7.000000
-39.000000
34.500000
7.875000
99.000000
38.875000
71.000000
34.000000
51.125000
49.625000
21.875000
61.750000
36.250000
88.125000
64.875000
69.375000
8.375000
-29.250000
-23.500000
8.250000
65.750000
30.125000
-6.125000
-69.875000
-54.625000
-10.125000
22.500000
14.000000
-28.875000
-32.375000
-24.000000
11.250000
-1.000000
-7.500000
5.250000
28.000000
49.375000
15.000000
2.875000
7.000000
44.500000
70.125000
67.500000
39.250000
22.875000
30.250000
56.625000
68.500000
46.625000
30.375000
30.250000
48.000000
41.500000
19.625000
5.500000
7.125000
33.125000
27.000000
1.500000
-18.750000
-16.500000
5.500000
-1.625000
-4.250000
-29.500000
-16.625000
-16.000000
-5.625000
-22.250000
-20.875000
-9.500000
3.875000
12.125000
-9.875000
-5.875000
-9.750000
9.250000
19.750000
21.000000
22.625000
13.000000
18.625000
11.875000
30.125000
18.250000
19.875000
14.625000
30.125000
37.000000
19.000000
4.750000
-2.875000
15.250000
27.500000
29.625000
13.375000
11.375000
-6.000000
-25.125000
-2.750000
-12.250000
14.000000
-4.250000
0.250000
-9.625000
-16.625000
1.000000
-16.875000
7.250000
1.625000
15.875000
5.625000
2.625000
6.875000
10.500000
23.750000
9.750000
28.875000
21.750000
42.875000
27.375000
28.375000
17.750000
28.375000
42.125000
41.750000
42.000000
22.375000
28.375000
23.625000
36.375000
31.875000
24.000000
20.625000
20.375000
28.000000
22.625000
9.875000
7.625000
2.000000
24.375000
21.625000
10.375000
-7.250000
-13.875000
9.125000
13.250000
25.125000
-7.750000
-2.125000
-13.125000
13.750000
20.875000
16.375000
8.750000
-2.750000
17.375000
16.625000
30.625000
6.625000
16.750000
15.875000
12.125000
24.000000
18.250000
36.375000
17.875000
15.000000
5.750000
10.250000
27.125000
12.750000
20.125000
8.125000
17.250000
17.125000
-11.750000
-93.875000
-126.625000
76.500000
134.250000
172.250000
-28.000000
-174.000000
-134.000000
-11.500000
125.750000
73.500000
-3.875000
-20.875000
63.375000
78.250000
18.500000
-2.000000
-85.750000
-85.500000
80.250000
158.500000
188.250000
-20.500000
-95.000000
-118.125000
33.125000
91.750000
69.875000
0.750000
-32.750000
24.250000
16.750000
1.375000
-65.375000
-44.125000
27.500000
76.250000
54.500000
-50.875000
-62.000000
-40.625000
61.750000
47.875000
-12.000000
-39.375000
-11.375000
66.500000
57.500000
9.375000
-55.750000
-10.625000
53.750000
87.375000
46.375000
-24.125000
-5.875000
20.875000
76.500000
40.375000
11.375000
-3.000000
36.000000
68.125000
31.625000
-12.000000
-20.625000
28.625000
64.250000
48.750000
2.875000
-23.000000
-7.125000
43.750000
48.875000
4.250000
-17.625000
-17.750000
34.375000
25.875000
10.750000
-19.375000
-16.125000
25.000000
32.125000
27.500000
-7.625000
2.875000
6.125000
40.125000
17.875000
6.375000
-9.625000
32.875000
51.000000
45.125000
9.000000
-9.875000
4.125000
38.875000
58.125000
27.750000
-0.250000
0.250000
35.000000
35.750000
20.500000
-9.500000
2.375000
20.625000
22.500000
21.250000
-15.000000
-1.375000
1.125000
20.125000
15.875000
-0.125000
-6.875000
-7.375000
8.125000
12.750000
6.250000
2.250000
-2.250000
14.375000
10.375000
27.750000
-4.250000
8.250000
-3.375000
31.250000
35.500000
25.125000
13.875000
-5.625000
28.500000
17.875000
32.250000
5.250000
17.375000
29.375000
17.625000
17.750000
-5.000000
20.625000
7.375000
28.875000
15.625000
-3.000000
1.125000
1.125000
27.625000
6.000000
5.250000
-11.375000
3.125000
9.250000
13.750000
4.250000
-0.875000
4.375000
7.250000
13.125000
10.250000
11.000000
9.375000
15.250000
8.500000
18.375000
7.500000
12.000000
21.375000
36.625000
21.375000
8.625000
2.375000
20.375000
42.125000
32.375000
16.375000
-8.250000
15.750000
23.125000
2.375000
-25.750000
-17.500000
27.125000
42.625000
21.375000
-29.000000
-29.750000
6.125000
35.875000
34.750000
11.375000
23.375000
23.625000
59.375000
74.375000
31.375000
2.750000
-13.500000
25.000000
67.750000
93.000000
64.750000
8.750000
-29.750000
-19.500000
24.125000
38.125000
34.750000
3.375000
7.125000
-6.750000
-2.125000
-41.125000
-20.250000
-4.625000
19.125000
18.125000
-4.250000
-43.875000
-39.375000
-9.750000
14.125000
26.250000
-11.250000
3.500000
-9.000000
19.375000
3.000000
4.875000
-8.875000
5.250000
40.375000
35.000000
28.250000
-21.500000
-5.750000
-0.500000
26.000000
30.625000
23.625000
12.625000
-3.875000
19.125000
15.250000
23.500000
-12.625000
12.875000
24.000000
41.375000
29.125000
-14.625000
-2.750000
1.375000
44.750000
21.625000
10.500000
-7.000000
4.750000
36.125000
21.500000
22.125000
-22.875000
7.375000
31.875000
50.750000
14.125000
-15.625000
-12.375000
29.375000
54.125000
32.875000
2.500000
-4.750000
32.000000
44.375000
33.125000
5.375000
2.250000
22.375000
49.125000
36.250000
8.750000
-3.125000
25.375000
35.000000
43.375000
7.125000
4.875000
4.125000
34.750000
46.375000
20.250000
-6.500000
-18.875000
22.750000
30.500000
31.500000
5.750000
-12.500000
8.625000
20.375000
31.625000
-3.125000
-6.625000
-0.375000
21.875000
34.000000
13.750000
-0.875000
-2.000000
15.500000
25.750000
23.875000
12.375000
10.875000
18.875000
20.750000
22.125000
12.000000
10.000000
10.125000
16.375000
21.375000
4.625000
10.125000
3.375000
27.500000
1.750000
6.750000
-17.875000
0.375000
11.750000
12.625000
8.625000
-7.250000
6.125000
-6.000000
-1.375000
-7.375000
4.250000
23.875000
10.875000
3.625000
-17.000000
6.500000
8.750000
2.125000
13.000000
16.625000
25.125000
18.750000
6.250000
1.125000
2.375000
19.625000
29.750000
31.750000
18.250000
15.750000
16.375000
17.125000
22.000000
15.750000
30.875000
21.000000
24.000000
12.750000
19.500000
8.500000
7.750000
20.375000
23.750000
31.125000
19.500000
6.875000
-5.750000
4.875000
10.125000
22.375000
20.750000
14.000000
18.750000
5.000000
5.000000
-1.500000
20.125000
22.000000
29.125000
8.375000
-3.000000
-5.875000
11.750000
18.375000
14.250000
10.625000
6.125000
5.000000
2.125000
3.500000
-8.125000
7.125000
19.625000
13.750000
13.625000
-4.125000
-3.125000
3.625000
14.125000
15.750000
13.000000
3.625000
15.125000
5.625000
1.625000
2.875000
8.500000
27.500000
14.500000
19.500000
3.750000
4.625000
19.875000
15.000000
33.250000
13.000000
18.000000
3.500000
15.875000
14.500000
19.375000
24.250000
13.250000
14.750000
8.250000
26.250000
13.500000
15.625000
10.625000
19.625000
27.625000
19.000000
7.500000
3.375000
10.875000
19.875000
29.000000
21.125000
14.000000
4.000000
14.250000
17.500000
22.250000
19.625000
11.375000
15.750000
7.375000
9.625000
15.875000
26.250000
21.625000
16.750000
3.875000
14.000000
16.750000
12.250000
10.750000
12.750000
27.500000
15.875000
17.000000
0.500000
8.875000
23.250000
35.125000
23.875000
1.375000
10.375000
23.375000
41.750000
30.000000
18.125000
-1.750000
10.125000
29.250000
42.875000
32.625000
14.000000
-0.750000
6.000000
24.750000
30.625000
13.375000
4.625000
10.250000
24.500000
7.375000
8.125000
6.125000
28.375000
18.500000
12.875000
-2.625000
-0.250000
16.750000
15.375000
20.125000
-7.500000
3.375000
-7.875000
9.625000
15.625000
9.000000
3.375000
-13.375000
9.375000
9.500000
24.750000
2.000000
4.750000
5.750000
16.125000
26.125000
8.125000
12.875000
-1.375000
21.125000
17.250000
18.750000
1.000000
3.125000
26.750000
29.750000
24.500000
0.125000
5.250000
10.250000
23.750000
34.125000
26.375000
-0.625000
-5.625000
22.125000
42.375000
20.375000
-35.750000
-56.375000
13.375000
106.500000
75.750000
-12.250000
-40.000000
-4.875000
83.125000
134.750000
-17.625000
-15.000000
-55.125000
88.750000
78.000000
36.500000
-12.500000
-108.875000
-38.375000
-51.250000
81.125000
23.875000
-14.000000
-67.875000
-27.875000
58.750000
42.750000
23.125000
-52.375000
2.250000
36.500000
92.875000
47.750000
-3.875000
-5.625000
32.250000
82.375000
39.625000
19.250000
-5.625000
44.375000
64.875000
27.250000
-6.000000
-39.250000
36.625000
43.250000
49.125000
-16.500000
-57.000000
-21.125000
19.250000
56.750000
-11.375000
-30.375000
-35.750000
13.875000
25.500000
-5.875000
-21.125000
-23.500000
35.125000
38.750000
17.125000
-22.125000
-10.500000
43.375000
55.500000
50.500000
1.125000
7.750000
37.000000
69.250000
52.250000
17.000000
16.000000
25.000000
55.500000
38.625000
19.750000
-2.625000
18.375000
34.125000
35.000000
0.000000
-26.375000
-7.625000
12.875000
35.250000
-1.000000
-29.875000
-27.625000
-1.375000
24.500000
-2.250000
-30.625000
-25.750000
3.625000
30.625000
7.750000
-14.125000
-18.375000
7.250000
38.000000
23.500000
-0.375000
-12.375000
16.000000
43.875000
44.375000
15.000000
-13.375000
7.875000
34.500000
56.625000
22.875000
4.875000
-12.500000
35.000000
41.000000
33.000000
1.000000
-22.000000
19.375000
25.750000
28.625000
-10.125000
-11.250000
2.625000
16.500000
17.375000
-11.125000
-17.500000
-21.125000
1.250000
19.875000
19.125000
-0.625000
-30.500000
-7.875000
18.250000
32.375000
7.625000
-10.375000
8.750000
36.000000
44.500000
15.625000
-6.500000
12.875000
30.625000
43.125000
21.625000
-7.375000
17.875000
47.250000
61.250000
33.125000
-5.375000
-11.750000
12.500000
48.750000
39.750000
16.625000
-10.750000
-5.750000
25.375000
15.875000
9.125000
-9.000000
9.250000
11.375000
14.750000
-5.375000
-19.875000
-4.125000
18.125000
32.625000
9.250000
-12.875000
-14.125000
11.875000
42.875000
38.250000
55.125000
43.500000
28.625000
-13.875000
67.000000
-24.000000
51.000000
38.750000
82.875000
68.375000
-14.125000
-36.750000
-54.750000
49.000000
61.000000
37.250000
-94.125000
-20.750000
21.250000
67.750000
47.625000
-64.625000
-67.875000
-92.000000
35.500000
49.375000
50.000000
-24.125000
-38.625000
18.500000
29.500000
40.000000
-9.000000
13.000000
38.625000
64.125000
42.625000
-0.125000
6.375000
36.875000
73.250000
51.750000
22.875000
-9.125000
9.250000
45.625000
60.500000
30.625000
-26.000000
-29.875000
-0.875000
34.500000
43.250000
-15.125000
-23.750000
-43.500000
15.875000
14.875000
0.750000
-21.875000
-23.125000
13.875000
14.750000
5.500000
-42.000000
-9.000000
24.000000
51.375000
22.625000
-26.750000
-11.250000
22.500000
66.750000
47.375000
15.625000
-2.125000
28.375000
44.250000
42.750000
18.125000
-0.750000
28.000000
37.375000
53.875000
5.625000
-7.625000
14.375000
33.750000
38.000000
2.125000
-24.250000
-19.125000
23.250000
30.500000
18.875000
-29.875000
-25.000000
1.375000
19.250000
13.875000
-25.250000
-25.875000
-5.875000
23.625000
13.500000
-14.875000
-22.250000
1.750000
28.375000
19.250000
6.000000
-20.375000
6.750000
21.250000
41.500000
23.125000
3.375000
5.250000
20.375000
42.500000
25.125000
13.250000
1.125000
20.125000
30.750000
22.625000
13.750000
11.750000
16.875000
36.750000
-0.625000
33.500000
-0.125000
35.875000
22.000000
24.125000
16.250000
-5.250000
25.125000
-1.125000
26.375000
3.750000
18.875000
20.750000
17.750000
18.250000
4.250000
26.750000
8.625000
33.500000
21.125000
32.375000
19.750000
10.625000
14.375000
16.500000
44.500000
17.750000
26.250000
8.375000
27.750000
19.625000
11.125000
9.125000
8.750000
40.750000
20.750000
23.250000
-15.625000
-2.375000
9.375000
20.500000
21.625000
-1.750000
4.125000
-19.375000
18.000000
4.625000
14.875000
-8.875000
-10.750000
21.375000
62.500000
135.000000
81.125000
-32.875000
-117.375000
-73.750000
37.125000
89.125000
64.125000
5.125000
-23.125000
9.875000
-20.250000
-65.750000
-105.500000
-40.125000
-3.500000
66.375000
114.000000
125.875000
-21.000000
-106.750000
-79.375000
5.375000
64.500000
-10.750000
-18.750000
-37.875000
59.875000
53.500000
17.250000
-56.875000
-28.250000
76.375000
100.250000
73.375000
-41.875000
-31.250000
19.250000
107.000000
84.250000
1.750000
-33.375000
-10.125000
72.500000
69.750000
26.750000
-44.875000
-31.250000
31.125000
56.625000
37.375000
-41.250000
-45.375000
-12.750000
45.750000
44.750000
-19.250000
-49.750000
-24.875000
44.250000
50.500000
10.125000
-25.125000
-13.375000
46.500000
60.750000
40.500000
-8.500000
-7.375000
35.125000
70.250000
55.875000
6.750000
-4.500000
28.625000
62.125000
52.625000
21.875000
-1.500000
17.250000
34.625000
40.000000
21.875000
-1.625000
-3.375000
18.750000
31.875000
12.625000
-12.875000
-26.250000
-0.375000
10.250000
13.500000
-13.750000
-12.375000
-13.500000
4.125000
-3.750000
-16.125000
-15.000000
-3.250000
12.125000
1.000000
-6.625000
-12.750000
-10.375000
-1.875000
12.250000
23.875000
13.375000
13.750000
1.875000
1.625000
24.875000
7.875000
35.625000
11.000000
31.250000
13.250000
19.125000
9.625000
11.500000
30.875000
14.000000
30.000000
-9.125000
19.375000
7.000000
16.875000
8.875000
-8.000000
23.375000
12.250000
26.875000
-4.625000
-7.750000
14.625000
27.000000
27.000000
12.500000
8.750000
9.750000
23.750000
22.375000
20.500000
13.000000
16.500000
34.625000
35.625000
39.250000
13.500000
19.750000
27.125000
37.250000
41.375000
23.750000
31.625000
14.500000
48.250000
28.875000
33.000000
6.125000
11.250000
20.250000
19.875000
29.125000
0.500000
9.750000
-4.875000
14.250000
2.750000
-0.125000
-6.750000
-0.750000
14.750000
7.625000
0.500000
-23.000000
5.875000
15.625000
19.375000
7.875000
-4.750000
52.625000
107.250000
42.875000
-17.500000
-90.375000
18.000000
8.125000
60.125000
-34.250000
22.875000
36.125000
72.250000
9.125000
-57.500000
-44.625000
11.500000
43.125000
-31.500000
51.125000
90.875000
86.875000
-29.375000
-70.750000
-60.250000
-12.875000
61.750000
37.625000
44.125000
-36.875000
-34.875000
-52.500000
-16.125000
31.125000
29.000000
43.375000
-18.875000
-10.000000
-30.375000
0.125000
15.000000
29.250000
34.250000
5.125000
0.375000
-6.625000
18.375000
25.250000
22.000000
15.375000
9.125000
19.500000
14.625000
22.750000
6.500000
8.375000
14.000000
22.500000
17.250000
7.375000
12.250000
19.500000
26.625000
11.625000
3.000000
6.750000
17.250000
27.875000
24.875000
21.125000
4.500000
7.125000
9.875000
21.500000
25.875000
20.625000
17.875000
11.875000
19.000000
16.875000
12.250000
17.000000
16.375000
23.375000
23.500000
16.375000
11.750000
30.750000
25.375000
25.875000
4.000000
12.000000
25.125000
29.500000
27.125000
7.250000
13.500000
11.375000
29.375000
18.625000
21.000000
15.500000
12.250000
10.625000
-5.375000
5.125000
9.375000
24.750000
17.625000
6.750000
-0.875000
-4.125000
12.625000
11.750000
16.625000
5.250000
6.500000
8.125000
15.125000
10.125000
12.000000
17.625000
9.375000
19.750000
16.750000
22.000000
8.875000
7.125000
7.375000
14.500000
26.125000
13.125000
11.625000
3.125000
17.125000
18.500000
8.875000
0.875000
0.125000
21.375000
25.625000
9.125000
-7.250000
-7.500000
14.875000
26.750000
28.125000
4.875000
-12.125000
4.375000
20.500000
29.250000
4.000000
-1.250000
-3.250000
23.750000
28.500000
15.375000
-10.000000
-14.875000
18.750000
38.750000
30.375000
-2.750000
-8.000000
8.625000
35.000000
24.375000
7.125000
-2.125000
14.375000
28.500000
24.750000
13.500000
-6.750000
1.125000
15.000000
39.125000
32.750000
5.000000
7.375000
1.500000
23.875000
17.125000
11.500000
26.750000
48.625000
46.000000
-5.375000
-1.125000
-30.125000
13.750000
14.750000
35.125000
37.625000
15.500000
20.125000
-10.500000
15.875000
-17.125000
30.375000
15.250000
11.875000
54.250000
20.000000
25.750000
-6.375000
12.875000
-2.875000
21.375000
32.250000
23.625000
34.000000
10.375000
11.375000
-14.875000
4.125000
14.875000
26.875000
33.625000
15.875000
12.875000
-5.500000
5.500000
1.250000
50.250000
51.750000
37.000000
-6.750000
-37.125000
11.875000
16.625000
53.750000
-8.625000
-1.125000
-7.500000
13.125000
22.875000
-10.375000
-0.250000
-2.250000
43.625000
13.125000
5.000000
-16.750000
5.625000
27.875000
14.125000
19.125000
-1.625000
28.875000
9.000000
27.625000
6.875000
1.375000
23.500000
17.750000
55.125000
20.000000
21.000000
-5.500000
12.750000
39.625000
40.125000
33.500000
-3.375000
18.625000
13.750000
36.125000
2.625000
11.000000
13.750000
22.250000
27.375000
-4.625000
2.000000
-6.500000
28.125000
15.000000
17.875000
-5.750000
-10.125000
9.875000
9.250000
18.250000
4.000000
10.750000
6.000000
8.250000
20.875000
5.500000
17.750000
9.125000
34.500000
16.125000
20.500000
10.500000
20.875000
25.375000
19.875000
27.250000
8.250000
22.375000
22.125000
29.875000
9.625000
11.250000
15.125000
34.250000
37.125000
14.250000
0.750000
-7.750000
14.625000
26.750000
26.500000
9.750000
-4.250000
3.500000
14.125000
10.875000
-1.250000
5.750000
12.750000
16.000000
10.125000
-13.125000
2.375000
7.625000
18.000000
3.625000
3.375000
11.750000
8.250000
14.125000
2.750000
-1.750000
7.250000
14.750000
18.875000
3.750000
8.250000
-4.375000
7.500000
4.250000
8.125000
8.125000
6.875000
16.125000
-0.875000
3.375000
-8.000000
8.750000
20.750000
14.250000
18.500000
-11.500000
-7.375000
-14.000000
17.000000
19.875000
5.875000
3.750000
-1.875000
20.125000
6.375000
-9.375000
-12.500000
-30.875000
-30.500000
64.500000
155.000000
41.875000
-100.250000
-137.750000
5.750000
171.000000
182.625000
3.250000
-154.625000
-67.250000
94.375000
153.375000
28.375000
-55.500000
-19.625000
-15.375000
82.250000
99.375000
73.875000
-61.750000
-51.375000
13.125000
98.250000
102.750000
-10.375000
-23.750000
-19.625000
68.750000
24.750000
-3.000000
-29.875000
8.250000
52.750000
51.625000
28.375000
-34.625000
-32.500000
14.875000
69.625000
38.875000
-0.500000
-15.000000
4.750000
44.250000
35.000000
12.500000
-18.875000
36.125000
51.875000
45.250000
-10.375000
-20.500000
17.750000
50.375000
59.625000
9.000000
-12.250000
-20.125000
11.625000
26.125000
25.625000
3.375000
-6.000000
16.625000
24.250000
8.500000
-9.375000
-23.125000
15.625000
34.750000
31.875000
-3.125000
-36.250000
1.625000
7.000000
51.250000
9.875000
4.750000
-5.125000
-1.750000
23.875000
2.250000
17.875000
0.125000
24.125000
17.500000
15.875000
5.125000
-15.375000
22.125000
15.375000
42.125000
0.125000
4.750000
-2.750000
20.000000
24.875000
16.375000
-5.625000
9.625000
4.375000
21.750000
14.250000
-1.500000
3.375000
3.750000
27.875000
6.875000
4.250000
0.250000
9.000000
13.000000
9.750000
11.000000
1.125000
17.000000
37.875000
24.750000
10.125000
9.500000
14.000000
25.875000
25.750000
14.875000
29.000000
28.000000
38.375000
14.875000
15.125000
16.875000
23.625000
39.375000
30.000000
31.375000
17.625000
19.750000
14.875000
19.750000
16.250000
22.875000
27.375000
13.500000
4.625000
-2.125000
3.875000
12.125000
17.875000
19.625000
11.000000
-1.000000
-0.375000
6.750000
5.375000
12.875000
9.000000
11.500000
8.500000
3.625000
3.625000
3.375000
10.625000
11.500000
17.375000
17.125000
5.750000
-0.125000
11.625000
13.125000
27.125000
8.875000
-18.750000
-12.875000
42.000000
26.500000
18.000000
-40.500000
3.250000
24.875000
50.125000
17.000000
-42.125000
-80.875000
-63.500000
58.500000
114.500000
61.500000
-33.750000
-58.750000
-25.875000
12.875000
1.625000
-3.125000
32.875000
78.000000
71.000000
-4.375000
-20.000000
27.375000
27.000000
40.250000
-0.875000
33.125000
50.125000
68.000000
72.625000
3.125000
3.125000
-32.375000
34.375000
41.250000
64.750000
-0.375000
-51.375000
-40.250000
-16.875000
45.000000
21.000000
18.250000
-41.750000
-33.625000
-21.500000
8.750000
18.500000
7.875000
18.500000
-1.000000
6.000000
-17.750000
12.000000
19.875000
49.000000
34.625000
1.625000
-5.500000
9.750000
42.750000
47.875000
32.875000
16.250000
7.250000
27.125000
38.750000
38.875000
27.625000
18.875000
21.375000
21.125000
3.375000
21.250000
20.500000
26.750000
14.500000
3.750000
-5.125000
-0.375000
27.000000
20.375000
16.500000
-2.375000
3.125000
18.125000
23.000000
15.375000
3.375000
6.375000
17.750000
31.625000
19.000000
7.625000
11.875000
26.500000
23.625000
20.500000
14.625000
15.625000
25.375000
23.750000
20.750000
14.625000
27.625000
18.625000
7.375000
7.375000
14.625000
18.750000
11.875000
7.250000
-5.625000
7.000000
14.250000
13.250000
-1.875000
-5.375000
9.750000
9.750000
7.125000
9.375000
-10.125000
10.250000
8.875000
22.750000
11.375000
8.375000
-2.375000
-18.250000
9.625000
9.625000
28.625000
-6.250000
15.875000
-0.750000
21.000000
18.625000
8.875000
14.125000
1.750000
30.625000
10.625000
31.375000
12.875000
12.125000
1.625000
12.750000
29.125000
16.875000
7.125000
1.750000
10.375000
25.250000
8.250000
12.500000
-12.875000
21.250000
11.125000
29.750000
3.625000
1.500000
8.125000
23.125000
37.750000
8.000000
1.875000
-10.375000
21.250000
27.625000
26.125000
14.625000
2.875000
18.375000
24.000000
21.750000
23.375000
14.000000
30.125000
28.250000
17.375000
17.625000
12.125000
39.125000
23.250000
24.750000
14.125000
20.375000
20.500000
23.750000
7.250000
-7.625000
-17.000000
46.000000
29.750000
53.750000
-22.250000
-22.625000
-5.750000
24.875000
63.375000
19.125000
23.000000
0.500000
46.750000
17.250000
37.875000
29.125000
61.500000
-21.250000
20.625000
7.250000
52.250000
39.125000
-11.250000
-9.750000
-33.375000
42.875000
17.500000
28.375000
-27.500000
-28.875000
-7.375000
9.625000
19.500000
-20.375000
-9.875000
-16.500000
22.000000
2.250000
-1.375000
-6.375000
-7.125000
20.375000
6.125000
20.750000
-10.125000
5.375000
1.750000
27.125000
24.875000
14.000000
7.500000
1.000000
23.250000
22.625000
17.500000
0.375000
11.875000
24.500000
24.875000
6.250000
-3.500000
-0.375000
22.250000
25.500000
12.875000
-8.125000
-16.375000
-1.500000
17.375000
24.750000
1.250000
-12.500000
-10.375000
13.625000
23.375000
17.625000
7.500000
-2.875000
10.625000
19.375000
32.875000
18.500000
13.375000
15.000000
31.750000
28.375000
18.000000
12.500000
23.375000
32.625000
39.750000
21.125000
5.875000
9.625000
27.250000
44.250000
28.125000
13.500000
1.375000
12.250000
21.125000
25.750000
15.750000
9.875000
16.250000
11.500000
3.750000
-4.625000
6.625000
16.875000
24.125000
13.750000
5.375000
7.500000
1.375000
13.125000
13.875000
17.625000
20.375000
17.375000
16.375000
4.750000
24.875000
25.875000
33.875000
20.000000
2.625000
13.250000
25.875000
34.125000
25.000000
20.875000
20.375000
15.000000
21.500000
9.500000
23.375000
16.125000
24.250000
23.125000
16.500000
4.125000
3.125000
15.875000
23.500000
18.000000
1.875000
-1.625000
5.625000
14.875000
21.500000
7.250000
7.375000
1.750000
11.750000
22.625000
25.500000
3.000000
8.875000
10.250000
16.375000
20.875000
11.875000
17.500000
9.250000
24.875000
11.000000
20.250000
9.000000
17.625000
41.000000
22.125000
0.750000
-19.125000
12.875000
29.500000
40.125000
19.375000
3.000000
2.875000
9.125000
-4.250000
-53.875000
-102.750000
-32.625000
113.125000
111.875000
19.750000
-144.125000
-98.125000
11.375000
130.625000
85.750000
-9.375000
2.250000
38.125000
122.375000
81.500000
77.750000
-23.625000
-19.750000
51.875000
147.625000
142.625000
13.250000
-66.875000
-79.375000
34.500000
69.875000
55.375000
-33.375000
-66.000000
-35.625000
-5.000000
-4.375000
-52.000000
-40.125000
-28.250000
21.500000
-8.750000
-51.000000
-68.125000
-27.250000
46.250000
42.250000
13.125000
-24.375000
-7.250000
39.125000
55.750000
41.625000
20.125000
25.625000
54.375000
70.750000
52.375000
19.375000
16.750000
30.750000
61.125000
50.750000
28.750000
-5.250000
9.625000
28.250000
26.750000
3.750000
-10.875000
-11.000000
4.000000
10.500000
-1.875000
-20.250000
-34.625000
-4.250000
6.000000
10.875000
-20.000000
-13.875000
0.875000
21.250000
18.750000
11.750000
14.125000
29.625000
34.750000
35.750000
20.750000
20.750000
25.750000
37.500000
58.875000
29.250000
26.625000
12.250000
47.125000
44.375000
31.375000
17.250000
8.125000
42.750000
35.500000
36.875000
-14.000000
-2.875000
7.375000
45.000000
18.625000
-4.250000
-18.625000
-13.500000
17.000000
9.375000
3.875000
-15.875000
3.125000
7.625000
14.500000
-3.625000
-13.750000
1.875000
28.125000
37.375000
9.125000
4.125000
1.875000
39.250000
42.375000
34.125000
6.750000
-5.750000
19.625000
37.750000
60.250000
15.000000
6.625000
10.500000
29.875000
39.500000
18.375000
16.000000
8.250000
20.750000
12.125000
-0.125000
1.875000
9.250000
24.375000
9.375000
-9.250000
-16.750000
3.625000
11.750000
13.375000
2.875000
-7.125000
-6.375000
0.875000
12.000000
16.000000
15.250000
-0.875000
2.625000
14.875000
19.250000
17.000000
16.750000
21.500000
26.125000
21.625000
8.625000
19.375000
20.750000
34.750000
23.625000
18.125000
7.500000
17.000000
22.250000
21.750000
24.750000
16.625000
13.250000
1.625000
-23.625000
-43.250000
16.000000
13.250000
38.250000
53.125000
-18.000000
-11.750000
-57.625000
3.500000
19.625000
47.375000
65.375000
26.375000
25.750000
10.250000
72.125000
22.500000
-14.625000
17.875000
15.750000
80.750000
53.000000
62.625000
2.250000
-4.500000
-21.000000
11.000000
44.750000
36.625000
31.375000
-12.750000
-12.250000
-19.875000
-15.000000
-1.625000
0.375000
20.125000
-4.250000
-10.750000
-30.250000
-25.500000
-5.750000
4.250000
15.750000
1.250000
3.750000
2.500000
-2.000000
8.125000
19.375000
27.500000
26.625000
20.250000
19.375000
11.500000
25.375000
14.250000
25.500000
19.125000
32.875000
30.125000
40.500000
10.625000
16.500000
-4.500000
14.875000
29.750000
35.625000
25.625000
-0.625000
10.250000
7.750000
16.625000
5.750000
3.500000
14.500000
17.375000
17.625000
1.875000
2.875000
1.875000
13.875000
15.500000
11.250000
7.250000
-4.000000
19.750000
16.375000
23.625000
6.000000
1.125000
11.500000
36.000000
30.750000
6.625000
20.625000
6.375000
47.750000
20.250000
36.000000
0.875000
1.875000
15.250000
25.750000
48.250000
14.125000
20.625000
3.125000
13.125000
13.500000
0.250000
18.375000
11.250000
36.500000
10.875000
-2.125000
-16.375000
-4.125000
23.500000
20.000000
30.625000
1.375000
7.000000
3.000000
11.500000
14.750000
9.000000
28.875000
15.750000
26.125000
4.500000
9.250000
14.750000
35.250000
49.125000
28.875000
14.375000
-5.750000
18.375000
31.125000
39.125000
24.000000
4.625000
16.125000
16.750000
23.250000
3.250000
-5.500000
5.000000
21.875000
33.875000
8.375000
0.125000
-12.375000
0.250000
8.625000
11.750000
16.875000
5.875000
10.625000
-8.125000
-3.250000
-4.875000
-9.625000
7.625000
14.500000
31.000000
4.875000
-8.750000
-16.625000
21.250000
41.750000
18.750000
4.625000
6.625000
14.000000
15.125000
6.750000
8.250000
30.375000
40.375000
31.250000
6.500000
0.125000
7.500000
28.500000
29.625000
18.000000
3.125000
12.500000
27.375000
29.625000
21.000000
-2.125000
9.500000
-5.250000
9.250000
35.750000
38.750000
28.625000
-6.750000
-13.125000
37.125000
45.625000
31.375000
-18.750000
3.500000
41.875000
49.125000
12.250000
7.375000
3.250000
30.750000
41.125000
10.375000
3.750000
-7.000000
35.750000
37.250000
34.500000
-1.500000
-8.750000
-1.875000
10.875000
24.750000
18.125000
27.500000
14.875000
5.375000
-20.000000
-11.000000
7.750000
18.125000
28.375000
6.750000
2.625000
-7.500000
11.375000
9.625000
3.375000
4.375000
5.750000
37.625000
21.250000
16.625000
-16.250000
6.125000
22.625000
32.375000
28.250000
-0.875000
7.875000
13.625000
25.875000
21.250000
0.500000
2.000000
11.125000
33.000000
18.875000
0.875000
-13.375000
-4.500000
26.250000
31.875000
10.375000
-9.750000
-13.750000
8.000000
24.750000
15.125000
-1.875000
-9.250000
2.250000
24.625000
21.750000
11.250000
-10.250000
-9.500000
25.125000
18.250000
27.125000
4.625000
1.375000
15.625000
34.625000
23.375000
6.625000
-4.500000
17.000000
27.625000
39.875000
12.625000
-4.000000
-0.375000
22.625000
40.625000
23.500000
1.500000
-0.750000
22.625000
38.375000
26.125000
11.875000
-8.750000
20.375000
32.875000
36.750000
14.625000
3.125000
7.750000
31.625000
47.000000
17.625000
1.250000
5.375000
21.500000
44.375000
27.000000
8.250000
-2.000000
8.000000
35.500000
27.875000
13.625000
5.375000
22.000000
16.375000
21.500000
3.875000
10.375000
7.375000
10.625000
15.875000
12.750000
6.375000
5.250000
13.750000
17.750000
6.250000
5.375000
23.000000
28.500000
17.375000
9.750000
10.625000
25.750000
16.500000
30.375000
12.250000
7.125000
-0.625000
11.250000
23.625000
5.500000
13.125000
1.000000
11.625000
8.500000
9.625000
3.625000
-3.000000
9.625000
11.875000
12.625000
-37.625000
-22.000000
51.125000
66.125000
65.875000
-68.000000
-20.500000
-8.250000
122.500000
53.000000
-41.875000
-62.375000
-7.250000
94.750000
59.000000
-4.750000
-30.750000
-43.750000
26.750000
29.625000
48.500000
40.500000
-57.750000
22.000000
-2.375000
94.750000
17.625000
4.750000
-14.875000
2.000000
69.500000
39.875000
52.500000
-14.750000
20.500000
17.625000
36.625000
29.750000
17.500000
37.625000
11.250000
31.125000
-3.250000
4.500000
5.125000
37.625000
34.625000
5.625000
-19.750000
-20.500000
17.500000
40.000000
35.375000
-6.750000
-17.000000
0.750000
16.750000
25.250000
-8.500000
8.875000
15.500000
35.125000
16.125000
6.750000
-1.625000
10.750000
45.750000
35.250000
19.750000
2.875000
6.375000
34.375000
35.125000
30.250000
14.000000
15.125000
22.000000
23.250000
12.750000
5.375000
5.625000
22.625000
13.500000
15.750000
-18.250000
-11.875000
-6.250000
17.250000
21.375000
-10.875000
-25.500000
-31.375000
4.500000
19.375000
6.375000
-21.500000
-23.250000
-2.500000
18.250000
13.625000
-11.375000
-7.875000
4.875000
34.000000
17.250000
-0.375000
-12.875000
10.500000
30.750000
19.625000
27.875000
5.000000
19.125000
-0.125000
23.750000
10.500000
1.625000
13.125000
19.750000
45.250000
14.000000
9.250000
-13.750000
3.375000
23.000000
30.375000
21.750000
-7.625000
-4.000000
7.250000
28.250000
15.625000
-1.125000
4.625000
24.125000
47.250000
35.250000
6.375000
-21.625000
7.375000
43.875000
52.750000
24.750000
8.250000
22.500000
34.000000
39.250000
20.000000
10.500000
16.750000
41.625000
46.250000
29.250000
9.500000
8.250000
27.625000
29.875000
27.500000
9.875000
9.875000
20.625000
24.500000
23.875000
-4.625000
7.250000
19.750000
38.125000
26.250000
7.625000
-1.250000
12.750000
30.750000
32.250000
16.125000
17.375000
19.250000
28.250000
21.500000
6.125000
14.875000
29.750000
47.125000
39.500000
38.625000
52.875000
62.875000
24.875000
-20.750000
-20.125000
6.375000
41.000000
68.375000
45.250000
5.000000
-52.500000
-37.000000
-24.375000
23.250000
-19.250000
-34.375000
-42.875000
25.875000
55.125000
0.250000
-68.000000
-107.875000
-54.375000
-11.500000
47.250000
24.250000
7.250000
-28.125000
-26.125000
1.875000
26.625000
71.250000
60.500000
52.125000
14.000000
20.375000
33.750000
68.125000
82.000000
54.375000
33.625000
1.625000
20.500000
33.750000
54.000000
44.250000
12.125000
-10.125000
-24.125000
1.500000
6.875000
12.125000
-6.750000
-23.125000
-28.625000
-19.875000
-10.375000
-13.375000
-17.500000
-13.625000
9.250000
1.750000
-9.750000
3.375000
15.875000
34.375000
33.625000
7.000000
14.875000
25.000000
70.500000
64.750000
54.375000
27.375000
24.250000
63.875000
71.750000
83.625000
38.000000
32.500000
26.625000
54.125000
61.250000
55.125000
24.500000
9.500000
15.500000
7.875000
8.875000
-5.625000
10.375000
5.375000
-5.000000
-18.125000
-30.750000
-18.750000
-2.125000
2.625000
-7.875000
-24.000000
-30.750000
-7.875000
7.125000
16.125000
-15.500000
-14.500000
-1.875000
23.625000
34.125000
14.500000
-0.875000
1.250000
23.500000
26.625000
26.875000
25.750000
28.125000
30.875000
17.125000
3.750000
9.750000
29.000000
45.875000
45.500000
8.000000
-16.375000
-20.125000
6.750000
20.000000
13.875000
11.875000
-11.125000
-22.000000
-11.625000
-9.250000
3.875000
0.875000
3.875000
7.875000
10.625000
-3.500000
-12.875000
4.125000
33.500000
40.375000
28.250000
8.500000
7.125000
22.375000
37.375000
43.250000
36.000000
23.750000
24.625000
24.750000
31.750000
27.875000
23.500000
20.750000
15.625000
22.625000
13.125000
25.000000
4.375000
-2.000000
1.000000
2.125000
21.500000
2.750000
10.375000
-17.250000
-4.250000
-8.500000
8.625000
19.250000
0.250000
4.625000
-1.875000
18.875000
7.000000
2.500000
17.625000
94.125000
178.625000
66.625000
-59.250000
-164.625000
-24.375000
117.875000
91.375000
52.000000
-90.125000
54.500000
49.000000
64.375000
-58.500000
-75.250000
31.000000
44.500000
82.000000
63.500000
95.375000
29.250000
-43.000000
-31.875000
-4.250000
36.625000
5.750000
3.500000
-5.375000
37.500000
25.375000
-17.875000
-38.625000
-19.625000
66.500000
76.250000
22.625000
-54.250000
-43.125000
28.250000
87.375000
63.750000
-15.000000
-42.625000
2.000000
60.625000
61.625000
3.750000
-32.500000
3.625000
50.625000
58.125000
11.875000
-39.750000
-17.250000
27.750000
55.500000
14.875000
-37.750000
-36.375000
15.125000
44.625000
21.750000
-15.375000
-49.000000
-2.750000
22.625000
44.625000
-4.750000
-16.500000
-15.250000
30.125000
47.375000
9.625000
-15.000000
-12.375000
40.750000
44.875000
35.375000
-15.375000
-4.625000
19.875000
41.000000
35.250000
9.750000
1.250000
18.375000
32.375000
37.750000
14.000000
-4.625000
11.750000
28.250000
39.875000
16.750000
-2.000000
-6.000000
15.875000
33.500000
27.125000
7.250000
-10.375000
6.000000
21.375000
34.125000
1.125000
9.250000
-1.500000
29.875000
7.000000
24.750000
-4.750000
27.625000
22.375000
26.250000
13.500000
-2.375000
17.625000
10.625000
46.500000
8.625000
26.875000
-4.500000
24.000000
16.125000
24.750000
29.250000
15.875000
23.625000
3.750000
27.750000
12.125000
19.250000
11.500000
11.125000
41.250000
8.250000
13.625000
7.375000
7.000000
23.250000
7.750000
25.750000
4.625000
18.750000
12.125000
10.250000
13.000000
5.625000
18.875000
18.875000
20.875000
5.875000
-0.625000
0.125000
11.000000
21.375000
22.125000
7.375000
-6.875000
-8.125000
7.125000
14.250000
11.500000
-5.625000
-3.000000
9.250000
8.125000
1.750000
-13.625000
2.750000
9.500000
14.750000
2.500000
-6.375000
-0.250000
2.625000
13.125000
6.250000
12.125000
4.250000
12.375000
8.250000
5.875000
12.500000
29.875000
48.500000
26.625000
29.000000
-18.375000
9.375000
-3.625000
24.875000
29.125000
20.625000
47.250000
9.625000
21.500000
-16.875000
1.375000
6.500000
1.375000
37.375000
58.875000
73.250000
8.625000
-13.250000
-27.250000
-5.500000
27.625000
41.000000
50.500000
11.375000
15.875000
-9.750000
9.500000
9.750000
30.875000
41.625000
40.500000
24.375000
0.375000
10.375000
9.375000
37.500000
29.750000
37.000000
18.500000
7.125000
14.875000
17.125000
22.875000
9.125000
14.750000
23.875000
31.250000
21.875000
-1.750000
1.250000
-9.500000
29.625000
12.750000
20.000000
6.500000
3.875000
19.125000
6.500000
6.000000
-4.375000
9.125000
16.375000
21.000000
20.875000
3.875000
8.750000
0.375000
19.875000
19.375000
26.250000
16.250000
16.500000
11.125000
14.500000
19.250000
12.625000
18.000000
11.500000
21.375000
15.625000
12.750000
14.625000
17.750000
15.875000
-0.125000
2.125000
8.375000
18.875000
23.750000
6.125000
-3.000000
-7.250000
16.500000
17.250000
21.250000
-7.875000
-4.750000
5.125000
12.625000
11.750000
2.125000
19.500000
24.750000
14.250000
-7.750000
-9.000000
11.625000
40.750000
31.375000
16.750000
-6.125000
3.375000
25.000000
29.875000
26.875000
10.625000
8.125000
19.375000
20.625000
15.750000
4.375000
14.250000
25.250000
17.875000
12.000000
0.250000
4.375000
10.250000
19.625000
23.125000
19.250000
1.500000
-5.625000
13.625000
26.625000
23.375000
4.625000
-0.125000
12.750000
33.875000
30.500000
19.625000
-0.250000
-6.500000
18.500000
30.000000
38.250000
11.750000
3.125000
9.750000
18.375000
25.500000
3.250000
9.125000
11.375000
31.875000
8.250000
-0.750000
0.375000
10.750000
23.250000
7.500000
-2.750000
-11.875000
10.875000
18.875000
15.125000
11.625000
-4.125000
3.000000
4.125000
11.375000
20.750000
17.375000
23.750000
10.750000
6.125000
10.625000
14.875000
19.625000
-1.750000
36.875000
-1.500000
30.125000
10.750000
-23.750000
41.875000
-7.625000
71.000000
-12.750000
-6.875000
4.125000
20.500000
57.750000
-17.000000
23.000000
-25.000000
38.875000
14.625000
34.875000
12.250000
3.625000
4.250000
24.125000
38.250000
29.375000
-6.625000
17.250000
19.000000
38.625000
-1.750000
9.250000
15.375000
28.875000
24.875000
20.375000
24.250000
14.125000
6.500000
18.125000
24.625000
29.625000
13.875000
-3.250000
0.875000
4.750000
22.125000
8.625000
4.750000
0.250000
1.000000
22.875000
8.750000
8.750000
-3.875000
8.125000
20.125000
18.125000
17.375000
3.375000
2.875000
17.875000
35.750000
24.375000
14.500000
9.500000
27.000000
31.750000
33.000000
14.125000
10.250000
21.000000
40.000000
31.625000
7.500000
8.625000
22.375000
34.000000
22.250000
10.125000
4.625000
10.500000
31.125000
36.875000
2.875000
-8.250000
-4.000000
20.375000
23.750000
14.125000
0.125000
-4.375000
17.500000
10.875000
13.000000
-3.750000
10.000000
11.875000
15.625000
12.375000
0.750000
16.875000
6.750000
23.500000
14.375000
7.125000
2.750000
10.500000
8.625000
7.875000
13.500000
14.000000
25.125000
11.875000
3.625000
-1.750000
4.625000
17.125000
24.000000
31.625000
2.000000
8.250000
-2.500000
19.750000
25.125000
20.250000
10.125000
-1.500000
11.750000
2.625000
5.500000
0.750000
5.375000
10.250000
10.250000
-1.000000
-7.625000
-2.500000
3.250000
22.250000
10.750000
14.375000
3.375000
11.500000
14.250000
18.750000
14.625000
9.125000
30.500000
32.750000
35.250000
8.125000
7.250000
6.125000
28.625000
38.250000
35.250000
20.125000
-4.750000
7.125000
13.750000
31.625000
27.500000
6.750000
3.875000
-2.750000
13.750000
8.375000
4.750000
0.500000
14.375000
23.750000
22.125000
-13.500000
-20.875000
3.500000
42.000000
41.625000
12.875000
-2.500000
15.750000
37.125000
7.000000
-63.750000
-74.875000
47.875000
207.625000
168.375000
-60.250000
-170.000000
-104.625000
81.875000
169.625000
70.000000
-42.625000
-25.625000
70.250000
77.625000
31.000000
-38.375000
-67.500000
24.750000
158.125000
173.250000
55.750000
-132.625000
-146.625000
24.375000
173.625000
152.625000
-20.500000
-127.000000
-79.375000
36.875000
50.125000
-14.875000
-63.000000
-18.000000
65.375000
44.625000
-62.000000
-139.125000
-47.250000
104.250000
149.250000
46.625000
-89.000000
-89.625000
17.625000
117.750000
95.875000
5.625000
-23.250000
16.125000
71.750000
48.500000
-15.750000
-27.375000
48.125000
105.250000
77.000000
-32.750000
-81.500000
-30.500000
83.750000
97.750000
27.875000
-59.250000
-50.000000
13.500000
43.125000
14.000000
-30.750000
-10.000000
32.500000
49.625000
-6.625000
-47.750000
-28.875000
37.625000
79.875000
45.750000
-7.000000
-43.375000
10.625000
61.000000
69.000000
28.125000
5.000000
28.625000
50.875000
51.250000
16.125000
9.625000
35.625000
59.125000
45.250000
4.125000
-14.000000
-0.125000
45.750000
42.250000
26.125000
-12.875000
-13.875000
5.000000
20.625000
7.750000
-15.875000
-10.875000
2.625000
16.250000
-4.750000
-22.625000
-17.625000
4.750000
15.750000
-1.875000
-4.500000
-12.125000
13.125000
15.000000
12.625000
-2.750000
-5.625000
6.625000
42.125000
47.625000
20.000000
-7.125000
-3.500000
30.000000
45.625000
45.250000
30.625000
6.000000
26.000000
19.000000
32.250000
4.000000
20.500000
27.750000
41.250000
30.000000
-6.875000
-14.750000
-9.500000
36.750000
31.875000
13.000000
-21.625000
-10.125000
15.500000
24.375000
21.125000
-8.625000
-8.250000
-1.375000
32.125000
21.875000
10.250000
-11.375000
10.625000
23.125000
35.250000
17.125000
9.875000
14.500000
29.000000
36.000000
17.125000
-1.375000
-3.625000
30.375000
39.500000
31.500000
-7.500000
-20.500000
8.750000
36.125000
41.125000
2.375000
-7.500000
-6.750000
13.750000
22.500000
10.000000
-49.750000
-76.375000
46.000000
55.000000
73.875000
-16.750000
-72.875000
-12.375000
9.250000
72.750000
-2.750000
18.875000
-12.625000
50.250000
32.000000
30.125000
72.125000
40.375000
-38.250000
-3.875000
5.750000
70.625000
63.625000
50.625000
-6.750000
-25.125000
-14.125000
3.125000
46.625000
32.000000
18.875000
-43.250000
-40.125000
-23.000000
17.000000
34.250000
9.125000
-10.875000
-35.125000
-27.250000
5.000000
22.875000
28.875000
11.250000
-1.500000
2.250000
8.750000
25.125000
28.250000
31.125000
22.125000
16.500000
28.750000
19.125000
28.500000
22.750000
41.375000
30.250000
18.375000
16.875000
29.250000
36.000000
21.750000
20.875000
9.500000
16.625000
12.500000
14.750000
20.625000
10.500000
24.750000
11.500000
14.375000
-1.625000
6.750000
15.750000
22.000000
19.500000
1.375000
10.625000
7.375000
27.250000
22.625000
19.500000
11.375000
8.875000
18.000000
31.250000
36.375000
20.000000
12.375000
26.250000
11.625000
27.750000
19.250000
15.875000
10.000000
19.625000
25.875000
10.250000
5.875000
4.000000
5.125000
9.875000
14.250000
11.250000
-0.500000
8.250000
0.500000
6.125000
-3.000000
-5.875000
-3.375000
3.500000
8.250000
-4.125000
1.125000
-6.250000
11.750000
-0.625000
-2.250000
6.750000
13.000000
21.875000
3.875000
14.500000
9.000000
10.750000
19.750000
22.375000
29.875000
13.875000
36.625000
4.625000
29.500000
15.250000
40.625000
33.125000
17.000000
17.000000
0.750000
32.750000
28.500000
25.250000
14.500000
0.625000
15.125000
8.500000
28.625000
7.375000
21.000000
-0.625000
17.375000
3.375000
13.250000
20.125000
21.375000
17.875000
-6.250000
3.125000
10.125000
25.250000
26.250000
12.875000
17.500000
1.625000
27.375000
13.875000
22.125000
10.875000
20.375000
26.125000
29.375000
35.500000
10.125000
1.500000
-9.625000
35.125000
55.750000
24.125000
4.625000
-12.250000
20.375000
32.250000
18.875000
-4.250000
11.625000
16.500000
26.750000
17.250000
19.250000
7.000000
-59.625000
28.875000
9.500000
72.000000
18.250000
5.250000
-127.625000
35.500000
92.125000
13.000000
64.750000
-157.750000
68.125000
-36.125000
130.500000
-33.125000
-31.500000
-34.875000
18.375000
97.250000
-32.125000
7.000000
-101.875000
66.125000
38.375000
54.750000
-29.750000
-72.625000
29.125000
21.250000
85.000000
-42.875000
-33.125000
-35.125000
55.500000
57.625000
-3.500000
-27.375000
-39.250000
52.875000
30.250000
17.875000
-40.125000
-25.125000
36.750000
47.750000
29.500000
-34.375000
-21.125000
9.750000
52.125000
32.750000
-9.875000
-16.375000
10.375000
50.000000
27.500000
11.125000
-13.625000
15.125000
36.375000
36.000000
24.750000
-4.750000
27.125000
23.375000
59.250000
27.000000
4.250000
4.500000
10.000000
53.125000
34.250000
28.375000
-8.250000
18.875000
35.875000
48.875000
24.250000
-7.125000
16.875000
26.500000
55.625000
15.875000
9.375000
2.875000
32.000000
49.250000
28.375000
13.000000
2.375000
18.875000
32.500000
20.000000
21.000000
16.625000
29.875000
22.375000
7.000000
5.625000
2.125000
26.000000
19.500000
33.750000
9.625000
6.875000
9.625000
5.375000
17.375000
-5.125000
11.375000
4.500000
28.625000
18.000000
12.625000
5.875000
6.000000
11.000000
-11.125000
-4.250000
-4.000000
29.250000
25.125000
28.625000
1.500000
-16.500000
-4.625000
1.375000
21.875000
7.125000
11.125000
1.125000
19.750000
16.125000
1.125000
-10.750000
-7.750000
23.375000
28.250000
15.750000
-8.875000
4.625000
29.250000
18.375000
3.250000
-18.875000
1.250000
26.625000
36.125000
19.125000
-12.625000
-5.375000
11.000000
35.125000
17.375000
-4.125000
-8.500000
10.000000
27.625000
17.375000
9.250000
-3.250000
12.125000
19.125000
21.625000
18.875000
8.250000
5.875000
9.500000
26.500000
21.500000
9.125000
3.250000
6.125000
20.750000
28.000000
18.250000
-47.250000
40.500000
-12.500000
90.250000
8.250000
-23.125000
-3.625000
-17.500000
86.125000
21.625000
11.000000
18.125000
6.000000
83.375000
10.000000
18.625000
20.875000
-8.875000
53.500000
23.250000
53.125000
1.625000
-6.500000
-1.250000
5.125000
44.875000
8.250000
21.250000
-16.875000
4.375000
7.625000
10.750000
11.875000
-18.000000
13.125000
4.750000
23.375000
6.125000
-11.875000
-2.625000
10.875000
44.000000
16.375000
-0.375000
-13.500000
14.125000
34.875000
37.625000
12.500000
-10.500000
4.875000
24.125000
38.250000
21.000000
-9.625000
4.625000
16.375000
30.625000
9.625000
-0.125000
-4.750000
6.000000
18.375000
6.250000
-9.500000
-8.375000
4.375000
10.875000
5.000000
-5.125000
3.500000
7.875000
14.000000
10.625000
5.000000
-1.000000
11.000000
31.750000
25.625000
22.000000
-6.125000
9.625000
16.375000
39.875000
21.500000
8.250000
6.000000
15.375000
26.250000
19.375000
27.000000
-1.500000
13.250000
15.000000
14.125000
7.000000
1.875000
15.250000
8.500000
29.875000
5.375000
3.625000
-16.375000
31.500000
41.125000
37.875000
-0.250000
-23.125000
5.875000
31.125000
41.625000
7.000000
2.250000
-3.875000
27.125000
24.625000
20.625000
0.500000
14.125000
26.875000
22.750000
16.375000
5.875000
27.125000
27.000000
37.375000
14.750000
12.375000
2.750000
21.750000
27.250000
32.500000
17.875000
6.375000
21.000000
19.375000
37.250000
19.500000
10.000000
-0.750000
15.000000
26.875000
22.125000
10.250000
-5.125000
14.375000
15.500000
19.500000
5.750000
1.625000
9.000000
23.375000
27.125000
-8.625000
-5.500000
6.375000
39.750000
25.000000
4.500000
-21.000000
0.000000
31.750000
35.750000
21.125000
-21.750000
-0.750000
24.875000
34.875000
23.125000
-16.875000
8.125000
3.750000
37.750000
18.625000
-6.875000
-6.750000
10.750000
40.500000
12.875000
-3.875000
-33.875000
-24.875000
-39.875000
-44.750000
-13.625000
-16.250000
20.625000
27.750000
20.375000
-9.750000
-15.500000
-0.500000
24.875000
49.750000
72.750000
65.500000
91.250000
81.875000
39.875000
-43.375000
-35.000000
23.250000
84.375000
135.875000
69.625000
47.500000
-63.625000
-22.750000
-54.250000
41.000000
36.250000
75.250000
22.250000
-16.250000
-47.000000
-67.125000
-16.375000
4.000000
39.625000
36.000000
5.875000
-20.875000
-28.750000
-20.375000
-3.500000
10.000000
16.750000
62.125000
43.125000
42.250000
1.750000
-8.500000
22.000000
49.000000
75.750000
59.875000
53.375000
28.000000
32.750000
16.375000
28.625000
21.000000
39.750000
43.250000
45.375000
12.375000
-14.375000
-22.500000
5.625000
33.375000
24.125000
2.125000
-28.875000
-19.375000
-1.500000
1.625000
4.125000
-10.125000
-2.125000
-2.125000
5.125000
-4.375000
-9.250000
5.250000
11.875000
33.250000
12.125000
-1.750000
-8.750000
11.000000
31.250000
26.875000
24.000000
28.875000
3.625000
11.500000
18.250000
18.375000
29.625000
11.625000
1.250000
-1.750000
6.875000
19.125000
10.750000
4.375000
1.125000
-0.750000
5.125000
-3.500000
-3.250000
-5.125000
-7.750000
-0.750000
-5.125000
1.625000
-6.750000
4.500000
-4.250000
11.625000
2.250000
-2.625000
9.375000
15.000000
22.625000
15.500000
26.000000
24.250000
27.250000
20.375000
31.375000
50.125000
44.625000
27.375000
14.500000
22.625000
37.000000
56.125000
40.250000
29.125000
11.125000
17.750000
31.125000
33.250000
28.000000
16.500000
17.250000
8.125000
5.375000
7.500000
11.250000
20.750000
22.375000
11.125000
-0.250000
-0.625000
11.250000
15.000000
18.875000
8.750000
19.500000
17.375000
19.125000
13.000000
10.000000
14.250000
22.500000
29.750000
22.875000
18.000000
13.000000
26.000000
30.375000
21.125000
14.750000
-6.250000
16.500000
30.875000
26.250000
12.750000
-18.250000
-8.625000
8.875000
33.875000
26.125000
-63.750000
-13.125000
40.375000
14.625000
35.500000
-70.000000
13.875000
47.375000
57.875000
-9.250000
-79.375000
6.250000
75.625000
111.000000
4.500000
-38.000000
-2.000000
3.375000
-21.375000
48.625000
53.875000
10.750000
-6.375000
-15.625000
50.875000
51.250000
25.250000
-28.875000
-30.500000
6.750000
60.250000
56.750000
14.375000
-23.750000
-31.500000
8.125000
24.500000
16.000000
-4.250000
4.250000
24.625000
30.250000
-11.500000
-35.250000
-29.875000
26.125000
47.000000
29.000000
-25.750000
-49.250000
-6.250000
38.250000
51.125000
2.375000
-19.250000
-9.375000
22.375000
36.500000
19.000000
4.875000
5.375000
33.500000
41.750000
27.500000
-12.500000
0.000000
42.125000
48.875000
39.250000
-0.125000
-10.000000
16.125000
65.875000
34.125000
12.250000
-29.875000
26.375000
41.875000
37.000000
20.250000
-29.125000
15.250000
37.125000
52.500000
2.500000
-24.250000
1.000000
22.500000
49.875000
-1.375000
-4.250000
-19.500000
27.375000
34.125000
14.250000
-17.875000
-15.750000
27.500000
38.500000
27.375000
-12.000000
-11.500000
11.250000
34.625000
27.375000
7.875000
-2.375000
6.875000
30.000000
26.000000
5.250000
-5.125000
4.500000
25.625000
32.625000
9.875000
2.000000
8.125000
21.250000
19.000000
1.375000
3.625000
12.500000
29.875000
15.875000
0.625000
-4.750000
8.000000
26.625000
20.625000
4.500000
-11.625000
5.375000
22.125000
24.625000
7.375000
-7.625000
6.625000
18.625000
26.375000
5.250000
1.000000
3.750000
23.125000
22.625000
5.250000
6.500000
2.750000
18.000000
14.625000
19.625000
6.625000
6.375000
5.625000
28.250000
29.375000
11.125000
-5.750000
2.875000
25.000000
31.125000
11.500000
-13.125000
7.125000
27.375000
35.125000
9.000000
-14.000000
-6.000000
19.875000
35.625000
41.750000
-17.625000
0.750000
-13.500000
49.125000
18.375000
20.125000
-11.500000
3.875000
27.500000
32.750000
10.375000
-11.750000
9.500000
38.375000
66.875000
24.750000
-17.250000
-0.375000
34.000000
85.375000
39.750000
-7.000000
-27.750000
10.375000
68.500000
56.875000
24.625000
-44.875000
-7.375000
34.125000
77.500000
20.500000
-34.625000
-42.250000
20.625000
68.500000
45.250000
-1.750000
-31.500000
6.125000
45.750000
51.625000
13.625000
-14.625000
7.375000
37.375000
41.625000
12.750000
-16.125000
11.000000
29.875000
30.875000
18.875000
-17.375000
-10.250000
12.250000
27.375000
21.125000
-7.875000
-9.875000
-6.125000
8.125000
2.500000
-5.750000
-15.375000
-0.375000
13.500000
11.750000
-6.375000
-27.125000
-8.000000
18.875000
31.625000
20.625000
-20.000000
-11.500000
-0.125000
30.625000
17.750000
10.250000
6.500000
10.625000
30.250000
15.500000
3.875000
-4.625000
23.875000
45.125000
39.625000
17.500000
-13.625000
1.625000
20.125000
46.000000
27.000000
11.250000
6.500000
10.000000
22.250000
-1.500000
8.250000
0.875000
40.875000
22.125000
15.125000
-16.875000
-5.625000
10.000000
22.125000
24.500000
8.000000
15.500000
12.500000
11.875000
-4.125000
4.500000
17.625000
35.625000
30.875000
11.625000
4.875000
3.250000
8.625000
20.250000
25.250000
25.625000
27.625000
15.875000
26.500000
13.750000
12.000000
6.250000
20.125000
31.000000
37.500000
26.750000
1.625000
7.875000
6.375000
22.625000
23.375000
18.375000
24.125000
9.500000
9.250000
-3.750000
-3.500000
12.750000
30.000000
27.750000
12.875000
0.875000
-3.750000
-3.750000
8.625000
12.500000
11.375000
17.750000
12.875000
18.875000
-3.250000
12.000000
-10.000000
5.750000
10.625000
25.000000
38.500000
12.375000
9.500000
-8.875000
30.375000
14.625000
31.125000
14.750000
12.250000
9.125000
3.875000
17.125000
11.375000
26.875000
19.875000
20.000000
14.750000
4.000000
5.125000
-12.000000
14.500000
20.500000
35.375000
18.375000
-11.625000
1.500000
13.125000
76.500000
118.625000
75.875000
-56.125000
-98.750000
-27.125000
18.625000
61.250000
13.125000
13.750000
34.375000
18.750000
-11.250000
-78.625000
-24.375000
9.375000
20.625000
17.750000
68.250000
108.250000
22.125000
-33.500000
-55.750000
-29.750000
13.500000
45.625000
71.500000
36.250000
31.125000
-24.000000
-18.875000
2.125000
48.625000
82.125000
50.875000
28.625000
-24.875000
0.750000
26.125000
50.125000
36.625000
0.750000
14.000000
6.000000
35.625000
1.500000
-5.250000
-16.875000
2.625000
21.250000
6.125000
-2.500000
-20.625000
-12.375000
-10.125000
-5.875000
-0.250000
-12.125000
4.125000
-3.875000
5.250000
-8.500000
-13.250000
-2.000000
25.625000
32.375000
30.500000
-1.375000
-2.750000
6.875000
27.125000
39.125000
26.250000
17.500000
17.375000
15.375000
25.250000
16.625000
12.250000
21.750000
21.000000
30.625000
14.000000
13.500000
-2.625000
4.750000
17.750000
16.625000
21.750000
-1.750000
4.125000
3.250000
10.375000
9.375000
4.250000
16.125000
5.250000
23.375000
10.000000
14.750000
4.250000
5.875000
18.500000
22.750000
16.625000
-0.500000
19.125000
25.750000
17.875000
3.625000
12.125000
23.375000
27.875000
22.250000
20.625000
10.875000
7.000000
12.500000
14.375000
26.500000
17.125000
17.125000
6.625000
11.500000
3.500000
11.250000
23.125000
13.875000
4.250000
15.750000
19.375000
-8.250000
-2.125000
23.250000
29.000000
15.250000
-3.625000
-15.750000
-5.000000
17.250000
28.250000
17.500000
-2.500000
-1.375000
-5.875000
10.125000
20.375000
24.875000
36.875000
15.375000
3.125000
-7.000000
16.000000
39.750000
36.000000
20.250000
0.500000
10.500000
13.375000
29.125000
20.000000
8.875000
15.750000
8.125000
12.000000
-0.875000
10.625000
1.625000
6.000000
6.625000
-1.375000
1.875000
-1.625000
3.750000
-9.375000
8.375000
12.000000
6.250000
-6.750000
-9.875000
12.125000
23.750000
24.625000
49.625000
111.875000
147.000000
37.750000
-90.750000
-111.250000
2.750000
100.000000
84.000000
13.875000
-48.625000
-24.125000
68.375000
30.750000
-40.750000
-145.500000
-121.500000
42.625000
222.000000
234.000000
17.375000
-199.125000
-147.625000
38.500000
168.125000
18.500000
-103.250000
-101.000000
98.500000
143.250000
8.875000
-127.500000
-105.750000
109.750000
192.750000
104.125000
-104.250000
-131.125000
23.125000
169.250000
136.750000
-24.875000
-87.500000
-17.750000
121.500000
106.625000
5.500000
-92.625000
-57.125000
74.625000
120.000000
68.375000
-96.625000
-83.250000
-13.750000
91.750000
61.875000
-55.250000
-62.750000
-26.125000
105.750000
48.250000
-25.875000
-92.250000
-34.000000
82.000000
95.250000
36.625000
-62.625000
-33.750000
50.250000
100.000000
42.500000
-25.500000
-29.875000
64.500000
99.000000
61.625000
-31.250000
-33.125000
43.250000
101.250000
78.875000
-22.750000
-30.375000
7.125000
81.875000
57.250000
-7.000000
-30.875000
-9.875000
67.250000
45.750000
13.500000
-47.125000
-13.250000
47.750000
55.250000
23.500000
-48.250000
-12.375000
20.125000
70.500000
27.250000
-14.500000
-29.125000
11.000000
60.625000
32.125000
10.750000
-31.625000
10.750000
32.750000
41.875000
4.875000
-26.125000
-9.000000
26.500000
50.750000
8.875000
-16.625000
-20.875000
21.500000
40.750000
19.250000
-10.875000
-9.375000
14.625000
37.625000
12.750000
-3.375000
-15.875000
3.250000
23.500000
9.375000
-2.125000
-14.750000
3.500000
28.875000
27.250000
-13.750000
-16.875000
-2.250000
20.875000
38.125000
6.000000
1.500000
-13.250000
18.375000
21.000000
21.125000
6.625000
13.500000
32.375000
18.250000
5.375000
-13.500000
20.750000
30.125000
31.000000
5.250000
-4.625000
-0.875000
4.875000
23.375000
7.250000
2.250000
-7.625000
10.625000
16.250000
5.250000
9.000000
2.750000
17.375000
19.125000
12.875000
-8.375000
-12.375000
2.625000
29.250000
31.250000
23.500000
5.375000
16.625000
41.750000
86.250000
72.625000
-12.625000
-12.625000
-48.625000
2.375000
50.500000
42.750000
44.625000
6.625000
37.250000
2.750000
12.750000
-4.500000
7.250000
7.750000
-24.500000
19.375000
108.250000
102.875000
55.250000
-22.375000
-87.625000
-51.875000
0.125000
82.625000
83.250000
51.125000
-37.000000
-48.625000
-25.125000
12.125000
43.500000
21.250000
35.500000
20.125000
19.500000
-1.375000
-17.375000
-5.375000
18.375000
48.625000
40.000000
14.750000
3.500000
16.125000
17.875000
8.875000
-7.875000
14.500000
48.625000
57.375000
20.250000
-9.375000
-41.875000
-7.125000
19.500000
47.250000
22.500000
-6.000000
-1.500000
-6.375000
6.125000
-19.375000
4.000000
11.750000
33.625000
38.000000
12.000000
-4.500000
-21.375000
11.250000
26.500000
33.250000
21.750000
14.875000
19.000000
10.625000
16.000000
5.875000
23.250000
32.250000
35.875000
12.625000
-9.250000
6.875000
16.125000
41.375000
34.000000
-9.375000
0.625000
12.625000
29.375000
26.625000
-4.500000
-15.125000
3.625000
14.375000
27.125000
-10.375000
-2.625000
-9.625000
28.875000
10.000000
4.375000
-16.875000
-3.375000
30.875000
14.125000
19.500000
-7.375000
-1.375000
21.875000
18.250000
23.000000
-9.375000
19.250000
26.250000
39.125000
14.125000
-8.250000
-4.500000
14.125000
51.375000
27.500000
10.750000
-8.250000
15.125000
33.625000
32.625000
22.750000
0.125000
19.000000
21.250000
39.375000
10.000000
-0.250000
3.625000
21.625000
39.250000
22.625000
12.750000
-6.500000
14.250000
31.125000
33.375000
4.000000
1.375000
15.500000
33.375000
34.375000
0.875000
-0.625000
15.000000
36.625000
34.750000
6.625000
1.500000
3.375000
27.250000
25.500000
21.625000
2.375000
9.000000
12.125000
15.250000
9.250000
2.875000
9.375000
13.625000
19.875000
12.500000
-0.875000
-4.250000
-11.250000
6.250000
22.375000
15.875000
7.500000
-8.500000
3.750000
10.250000
5.250000
-14.125000
8.625000
23.125000
22.125000
4.000000
-23.125000
8.000000
10.125000
47.250000
12.125000
-19.000000
-11.625000
28.500000
65.625000
-27.625000
-11.000000
4.500000
95.250000
-38.875000
26.000000
-27.625000
-6.000000
29.750000
54.125000
-4.375000
-56.375000
45.625000
-20.000000
48.500000
-10.625000
4.875000
-26.875000
33.625000
24.375000
-13.000000
6.875000
-10.125000
35.625000
20.875000
15.250000
-15.375000
0.500000
29.000000
29.875000
30.625000
-12.375000
6.125000
16.625000
31.000000
28.750000
9.875000
29.500000
19.375000
36.875000
-10.125000
9.375000
7.625000
43.500000
45.500000
13.375000
-4.875000
-7.125000
36.625000
36.625000
30.875000
3.875000
0.375000
25.500000
27.625000
32.375000
-4.750000
11.250000
22.750000
47.000000
22.500000
-0.500000
-1.375000
21.250000
45.125000
36.500000
24.750000
-8.250000
-2.000000
30.875000
53.625000
34.875000
-0.250000
-5.125000
17.125000
44.375000
34.375000
9.500000
-7.875000
2.750000
37.375000
22.750000
1.750000
-26.250000
13.125000
26.500000
32.625000
-3.875000
-24.000000
-9.625000
8.625000
31.250000
4.625000
-4.375000
-14.875000
11.625000
18.000000
3.000000
3.125000
-5.125000
32.500000
6.875000
17.625000
-5.625000
-2.500000
20.750000
10.750000
35.375000
-2.500000
12.125000
-1.375000
29.000000
16.875000
0.625000
-0.500000
3.125000
39.375000
15.875000
9.250000
-1.750000
-5.000000
15.750000
14.000000
19.000000
3.375000
3.375000
-2.875000
25.750000
15.875000
16.375000
7.875000
-3.000000
22.625000
5.375000
38.125000
11.875000
22.750000
6.375000
22.750000
23.625000
14.000000
22.375000
20.500000
33.000000
19.000000
24.875000
18.000000
19.625000
24.875000
23.750000
20.875000
12.500000
23.125000
18.875000
26.875000
23.125000
22.250000
22.875000
7.500000
19.875000
20.500000
19.750000
21.250000
15.500000
25.375000
17.750000
19.000000
15.250000
23.250000
-4.875000
-70.375000
-22.625000
147.625000
92.750000
-2.250000
-88.375000
-93.625000
103.625000
74.500000
42.625000
-69.875000
-9.375000
79.375000
96.875000
-10.250000
-96.750000
-18.250000
45.000000
63.625000
75.125000
30.125000
-61.750000
-34.375000
-19.375000
64.375000
40.750000
35.125000
-17.375000
-10.500000
15.000000
-15.625000
-11.375000
-53.625000
20.000000
41.250000
59.625000
4.500000
-55.500000
-47.625000
-16.125000
50.000000
41.750000
18.750000
-11.500000
-7.500000
9.250000
-8.250000
-4.875000
5.500000
44.750000
55.625000
19.125000
-24.875000
-38.375000
3.500000
32.875000
50.750000
24.500000
-4.250000
-3.500000
0.000000
16.625000
-1.750000
7.625000
9.000000
37.500000
25.750000
6.375000
-9.625000
-8.500000
21.000000
20.750000
29.375000
6.125000
18.875000
22.875000
20.750000
11.500000
-10.125000
13.125000
34.625000
54.750000
30.000000
5.875000
-9.375000
2.875000
33.625000
38.250000
40.250000
18.750000
16.375000
13.500000
13.750000
12.625000
19.250000
26.750000
33.625000
31.375000
13.625000
-0.750000
-0.500000
15.250000
39.625000
44.625000
18.125000
-6.250000
-9.625000
6.750000
33.125000
23.875000
-0.750000
-13.125000
9.000000
25.250000
24.625000
-3.125000
-14.625000
-2.625000
24.250000
19.375000
1.375000
-13.750000
-0.500000
15.125000
15.250000
6.125000
-9.750000
6.000000
27.875000
28.500000
8.500000
-3.750000
-6.375000
15.625000
28.125000
27.625000
21.375000
1.500000
4.750000
1.125000
23.625000
17.375000
14.375000
4.500000
13.625000
20.375000
12.875000
8.375000
0.125000
11.375000
13.750000
29.125000
21.875000
7.250000
-6.000000
-0.375000
18.375000
25.375000
13.375000
6.875000
10.375000
14.750000
25.125000
7.375000
12.750000
5.125000
15.750000
17.125000
15.625000
5.000000
16.375000
14.750000
25.750000
11.625000
2.125000
10.000000
6.000000
35.375000
10.875000
18.000000
-6.125000
7.625000
17.625000
-2.750000
-49.250000
-77.500000
3.625000
80.750000
86.875000
24.750000
-74.375000
-94.750000
-11.750000
56.875000
97.250000
49.750000
24.250000
15.875000
60.875000
114.250000
78.000000
46.000000
4.875000
50.875000
109.375000
114.625000
57.500000
-20.750000
-19.750000
8.875000
38.750000
17.125000
-32.750000
-50.375000
-42.625000
-23.875000
-36.000000
-55.375000
-49.875000
-28.000000
-20.250000
-33.750000
-44.250000
-43.250000
4.250000
16.875000
13.000000
-8.875000
-9.500000
19.375000
36.500000
46.125000
27.750000
24.250000
22.750000
44.125000
57.375000
32.250000
21.625000
30.750000
64.375000
56.000000
21.250000
-2.250000
5.000000
41.750000
44.875000
23.375000
-20.625000
-22.500000
1.375000
13.625000
10.625000
-29.875000
-17.250000
-4.625000
10.250000
1.375000
-24.500000
-20.375000
-2.250000
31.375000
16.375000
1.250000
-19.875000
8.625000
36.500000
40.500000
21.250000
15.000000
23.375000
49.500000
45.375000
36.250000
26.375000
30.500000
50.375000
42.500000
48.000000
18.250000
21.750000
25.125000
37.500000
33.625000
10.750000
4.625000
0.000000
25.625000
13.375000
10.875000
-14.375000
-11.875000
-8.625000
10.250000
11.250000
0.625000
-26.125000
-14.125000
8.000000
27.000000
1.375000
-12.375000
-12.125000
11.875000
30.875000
36.000000
13.250000
5.125000
12.500000
35.125000
45.875000
38.625000
23.750000
25.125000
39.500000
60.250000
29.875000
31.750000
20.250000
53.500000
49.250000
34.875000
12.875000
8.125000
28.750000
35.625000
24.250000
9.500000
-1.750000
0.750000
18.125000
17.500000
-4.375000
-18.125000
-9.500000
10.500000
13.375000
-5.000000
-28.875000
-28.875000
3.375000
17.750000
7.250000
-10.250000
-4.750000
5.125000
25.250000
3.125000
6.250000
4.375000
37.000000
36.250000
26.500000
5.500000
1.000000
19.250000
32.625000
41.125000
15.625000
3.750000
-3.375000
5.625000
24.125000
16.500000
24.250000
-6.500000
-7.250000
2.000000
34.125000
-69.375000
-16.875000
27.625000
43.375000
19.375000
-50.625000
-21.375000
-25.000000
29.875000
29.625000
51.375000
-69.875000
11.125000
60.500000
15.125000
58.750000
72.750000
44.250000
-103.250000
88.625000
-1.750000
202.500000
-12.875000
21.875000
-84.125000
4.625000
103.625000
57.125000
86.750000
-71.125000
0.625000
-32.250000
77.625000
26.625000
-8.375000
-10.125000
-31.125000
52.500000
-21.000000
8.375000
-35.625000
50.500000
58.625000
32.250000
-22.625000
-66.000000
26.125000
46.875000
92.625000
16.625000
-5.875000
-9.625000
21.500000
56.625000
39.250000
35.875000
10.625000
31.125000
27.250000
30.625000
14.875000
12.000000
30.500000
40.750000
37.250000
-3.875000
-19.875000
-9.250000
31.750000
45.500000
16.500000
-25.250000
-30.625000
-0.250000
12.500000
2.125000
-12.125000
-9.375000
3.125000
17.125000
-1.125000
-18.750000
-21.625000
16.000000
27.375000
6.250000
-15.250000
-18.625000
20.500000
37.375000
26.875000
-9.125000
-21.875000
25.875000
41.875000
38.875000
5.375000
-15.000000
8.375000
16.500000
29.625000
0.875000
-0.875000
2.625000
30.875000
18.250000
-11.875000
-11.750000
-3.750000
31.875000
22.500000
-7.125000
-26.750000
-11.000000
19.750000
22.125000
7.125000
-8.875000
9.625000
13.125000
21.000000
0.875000
-4.250000
5.500000
27.375000
43.125000
30.375000
12.125000
-10.875000
7.250000
36.125000
44.625000
35.875000
13.250000
27.375000
27.750000
34.875000
43.375000
16.875000
11.875000
45.500000
15.250000
40.375000
-16.625000
26.375000
29.625000
56.250000
25.750000
-5.875000
-2.250000
6.000000
51.500000
23.250000
21.000000
9.375000
1.250000
18.500000
11.500000
23.625000
-1.125000
7.000000
9.625000
26.125000
11.875000
6.375000
-0.625000
12.125000
30.875000
5.500000
21.875000
-13.500000
14.500000
19.375000
42.250000
24.750000
-15.625000
11.375000
4.000000
43.875000
15.000000
14.000000
1.125000
-10.375000
1.375000
11.750000
30.750000
24.625000
24.875000
-37.750000
-5.125000
-6.125000
