-204
-205
-206
-208
-211
-214
-217
-220
-222
-225
-226
-229
-231
-232
-233
-234
-236
-239
-242
-245
-248
-251
-255
-259
-262
-266
-269
-273
-278
-281
-286
-290
-294
-299
-303
-309
-314
-318
-324
-329
-334
-340
-345
-351
-358
-363
-368
-375
-381
-387
-393
-400
-405
-411
-417
-423
-430
-437
-443
-451
-458
-467
-475
-483
-491
-499
-506
-515
-522
-529
-537
-543
-550
-556
-562
-568
-573
-578
-584
-589
-593
-597
-602
-606
-611
-617
-622
-629
-636
-644
-652
-660
-669
-678
-686
-695
-702
-709
-714
-720
-723
-727
-729
-730
-729
-727
-723
-718
-708
-696
-677
-654
-624
-587
-541
-488
-430
-368
-307
-252
-205
-168
-141
-118
-90
-42
49
211
473
862
1392
2047
2047
2047
2047
2047
2047
2047
2047
2047
2047
2047
2047
2047
2047
2047
2047
2047
2047
2047
2047
2047
2047
2047
2047
2047
2047
2047
2047
2047
2047
2047
2047
2047
2047
2047
2047
2047
2047
2047
2047
2047
2047
2047
2047
2047
2047
2047
2047
2047
2047
2047
2047
2047
2047
1880
1242
706
288
-18
-227
-362
-447
-505
-550
-593
-639
-691
-747
-806
-864
-918
-966
-1006
-1039
-1064
-1083
-1095
-1104
-1107
-1109
-1109
-1106
-1102
-1097
-1090
-1082
-1074
-1064
-1054
-1043
-1033
-1021
-1011
-1001
-991
-982
-973
-966
-958
-953
-948
-942
-938
-935
-932
-929
-927
-925
-923
-922
-922
-921
-922
-923
-924
-925
-927
-929
-932
-935
-937
-942
-946
-952
-958
-965
-972
-979
-986
-993
-999
-1003
-1007
-1008
-1008
-1006
-1004
-1000
-995
-990
-986
-983
-980
-979
-979
-979
-982
-985
-989
-993
-997
-1001
-1004
-1008
-1012
-1015
-1018
-1021
-1024
-1028
-1031
-1035
-1039
-1042
-1045
-1049
-1053
-1057
-1060
-1063
-1066
-1070
-1073
-1077
-1080
-1084
-1088
-1092
-1097
-1101
-1105
-1108
-1111
-1113
-1116
-1118
-1119
-1118
-1119
-1118
-1117
-1114
-1113
-1110
-1107
-1105
-1101
-1099
-1096
-1093
-1090
-1088
-1086
-1083
-1081
-1078
-1076
-1072
-1070
-1067
-1063
-1059
-1054
-1050
-1045
-1040
-1035
-1030
-1026
-1020
-1016
-1014
-1013
-1008
-1008
-1007
-1007
-1008
-1010
-1011
-1013
-1016
-1017
-1019
-1021
-1021
-1022
-1022
-1022
-1023
-1023
-1024
-1023
-1023
-1023
-1023
-1023
-1022
-1022
-1020
-1019
-1017
-1015
-1011
-1008
-1005
-1002
-999
-995
-992
-990
-988
-987
-986
-985
-984
-984
-985
-985
-986
-986
-988
-988
-988
-989
-988
-988
-987
-985
-982
-979
-976
-971
-967
-962
-957
-953
-949
-944
-940
-936
-932
-928
-924
-921
-917
-913
-909
-906
-900
-896
-892
-888
-883
-880
-876
-872
-868
-865
-861
-857
-852
-847
-842
-836
-828
-821
-813
-805
-796
-787
-778
-769
-761
-752
-745
-738
-730
-723
-716
-709
-702
-696
-689
-683
-677
-672
-668
-664
-663
-662
-663
-665
-668
-671
-675
-678
-683
-686
-687
-689
-688
-687
-686
-683
-682
-679
-675
-671
-667
-662
-655
-648
-640
-630
-621
-610
-600
-590
-581
-571
-563
-556
-550
-545
-541
-538
-534
-532
-530
-529
-526
-524
-522
-519
-518
-516
-515
-513
-512
-511
-511
-511
-511
-511
-511
-513
-514
-515
-516
-516
-515
-515
-514
-513
-511
-509
-507
-505
-503
-502
-501
-501
-501
-503
-505
-508
-511
-515
-518
-521
-524
-527
-528
-530
-531
-532
-532
-533
-534
-534
-534
-534
-534
-534
-533
-532
-531
-530
-528
-525
-522
-519
-515
-510
-504
-498
-490
-482
-473
-465
-456
-447
-438
-429
-421
-413
-406
-399
-392
-385
-377
-371
-365
-358
-352
-345
-337
-332
-326
-319
-313
-307
-300
-294
-288
-282
-276
-272
-267
-262
-259
-256
-253
-252
-250
-247
-245
-243
-241
-240
-237
-233
-231
-226
-222
-219
-215
-210
-206
-202
-198
-195
-192
-190
-187
-186
-184
-182
-180
-179
-176
-173
-171
-167
-163
-159
-154
-150
-148
-142
-138
-134
-131
-129
-127
-125
-124
-124
-123
-124
-125
-125
-126
-127
-128
-130
-132
-134
-138
-140
-144
-146
-150
-153
-157
-159
-161
-163
-164
-165
-166
-167
-168
-171
-173
-176
-180
-184
-188
-193
-198
-202
-206
-210
-213
-216
-219
-223
-226
-230
-234
-239
-244
-249
-255
-261
-266
-271
-277
-282
-288
-293
-299
-304
-309
-314
-320
-326
-331
-337
-342
-347
-353
-359
-365
-371
-377
-382
-389
-395
-402
-407
-413
-418
-423
-428
-433
-438
-443
-448
-453
-459
-464
-470
-476
-482
-489
-495
-502
-508
-514
-519
-525
-530
-534
-538
-542
-546
-550
-553
-556
-559
-562
-563
-566
-568
-571
-573
-577
-582
-587
-593
-600
-606
-614
-622
-630
-638
-646
-653
-659
-664
-668
-672
-675
-676
-677
-676
-674
-671
-666
-657
-644
-627
-603
-572
-536
-490
-438
-380
-320
-261
-208
-163
-128
-102
-80
-52
-3
92
259
529
927
1467
2047
2047
2047
2047
2047
2047
2047
2047
2047
2047
2047
2047
2047
2047
2047
2047
2047
2047
2047
2047
2047
2047
2047
2047
2047
2047
2047
2047
2047
2047
2047
2047
2047
2047
2047
2047
2047
2047
2047
2047
2047
2047
2047
2047
2047
2047
2047
2047
2047
2047
2047
2047
2047
2047
1904
1265
733
317
13
-192
-325
-410
-468
-514
-559
-606
-660
-718
-778
-837
-891
-940
-981
-1014
-1040
-1059
-1073
-1082
-1087
-1091
-1091
-1090
-1087
-1083
-1077
-1071
-1063
-1055
-1047
-1037
-1028
-1019
-1010
-1001
-992
-985
-978
-972
-967
-961
-957
-954
-950
-947
-945
-943
-941
-940
-940
-939
-938
-939
-939
-941
-942
-944
-946
-948
-950
-954
-957
-961
-965
-971
-975
-981
-987
-994
-1000
-1005
-1009
-1013
-1014
-1015
-1013
-1010
-1006
-1001
-995
-988
-983
-978
-973
-970
-968
-967
-968
-969
-971
-972
-975
-978
-981
-982
-985
-986
-988
-990
-992
-994
-995
-997
-999
-1001
-1004
-1006
-1008
-1012
-1014
-1017
-1020
-1024
-1027
-1031
-1036
-1041
-1045
-1051
-1055
-1059
-1063
-1067
-1071
-1074
-1076
-1078
-1079
-1081
-1081
-1081
-1080
-1080
-1079
-1078
-1076
-1075
-1073
-1071
-1069
-1068
-1066
-1065
-1064
-1062
-1060
-1059
-1058
-1057
-1054
-1052
-1050
-1047
-1044
-1041
-1037
-1033
-1029
-1025
-1020
-1017
-1014
-1011
-1008
-1006
-1005
-1005
-1005
-1005
-1006
-1007
-1009
-1010
-1011
-1013
-1013
-1013
-1012
-1012
-1011
-1010
-1009
-1008
-1007
-1006
-1005
-1003
-1002
-1000
-998
-996
-994
-991
-988
-985
-980
-977
-974
-969
-966
-963
-960
-958
-957
-955
-955
-953
-954
-954
-954
-955
-957
-958
-958
-960
-960
-962
-961
-961
-961
-958
-957
-955
-953
-949
-946
-943
-940
-938
-934
-932
-930
-928
-926
-925
-923
-921
-919
-917
-916
-914
-911
-910
-907
-905
-904
-902
-899
-898
-895
-894
-890
-888
-884
-879
-874
-868
-861
-854
-846
-837
-828
-820
-811
-802
-794
-786
-778
-770
-761
-754
-745
-737
-730
-721
-714
-707
-701
-696
-692
-691
-689
-690
-691
-693
-696
-698
-700
-702
-703
-702
-702
-700
-695
-693
-692
-685
-681
-676
-672
-665
-659
-652
-643
-635
-624
-614
-604
-593
-581
-570
-561
-552
-544
-537
-533
-528
-524
-521
-518
-516
-514
-513
-511
-509
-507
-505
-504
-502
-501
-500
-500
-500
-500
-500
-501
-501
-502
-504
-504
-505
-506
-507
-506
-506
-506
-505
-504
-503
-501
-500
-499
-500
-501
-502
-505
-508
-512
-516
-520
-523
-527
-531
-534
-536
-537
-539
-540
-542
-542
-542
-543
-544
-543
-543
-542
-541
-540
-539
-537
-535
-533
-530
-526
-522
-517
-511
-503
-496
-488
-479
-470
-460
-451
-441
-432
-423
-415
-407
-398
-391
-382
-375
-368
-360
-352
-345
-338
-330
-324
-316
-309
-303
-296
-289
-282
-276
-269
-263
-258
-253
-249
-245
-242
-240
-238
-236
-235
-234
-232
-231
-230
-228
-226
-224
-222
-220
-216
-213
-211
-209
-206
-205
-203
-203
-202
-202
-203
-203
-205
-205
-206
-205
-204
-203
-201
-200
-197
-194
-192
-189
-187
-185
-183
-182
-180
-179
-178
-178
-178
-177
-177
-177
-176
-176
-177
-178
-179
-180
-182
-184
-186
-189
-192
-195
-197
-198
-200
-201
-202
-202
-202
-202
-203
-203
-205
-207
-209
-211
-214
-217
-219
-222
-225
-227
-229
-230
-231
-232
-233
-234
-236
-238
-240
-244
-248
-252
-256
-260
-265
-269
-273
-278
-282
-288
-292
-297
-303
-308
-313
-319
-325
-330
-336
-342
-347
-354
-360
-366
-373
-379
-386
-392
-399
-406
-412
-417
-423
-429
-434
-440
-447
-452
-458
-464
-471
-477
-485
-492
-499
-506
-512
-519
-524
-530
-535
-540
-545
-549
-553
-557
-560
-562
-566
-567
-570
-572
-574
-576
-579
-583
-587
-591
-596
-599
-608
-615
-622
-629
-635
-642
-648
-654
-658
-662
-665
-667
-668
-668
-667
-665
-661
-655
-646
-633
-616
-592
-563
-525
-479
-426
-367
-307
-249
-195
-151
-117
-91
-70
-41
10
106
278
554
961
1508
2047
2047
2047
2047
2047
2047
2047
2047
2047
2047
2047
2047
2047
2047
2047
2047
2047
2047
2047
2047
2047
2047
2047
2047
2047
2047
2047
2047
2047
2047
2047
2047
2047
2047
2047
2047
2047
2047
2047
2047
2047
2047
2047
2047
2047
2047
2047
2047
2047
2047
2047
2047
2047
2047
1716
1101
594
206
-71
-258
-376
-453
-502
-544
-587
-635
-688
-745
-803
-860
-912
-957
-994
-1024
-1047
-1063
-1074
-1081
-1085
-1085
-1084
-1082
-1076
-1071
-1065
-1057
-1048
-1039
-1029
-1018
-1008
-998
-988
-978
-969
-960
-952
-945
-939
-934
-929
-925
-921
-919
-917
-915
-912
-911
-910
-910
-910
-911
-912
-912
-914
-916
-918
-921
-924
-928
-933
-937
-942
-948
-955
-962
-969
-976
-983
-989
-994
-997
-999
-1000
-999
-996
-992
-988
-983
-978
-973
-969
-966
-963
-962
-962
-963
-963
-965
-967
-969
-971
-972
-975
-976
-978
-979
-981
-983
-984
-986
-988
-990
-993
-994
-996
-998
-1001
-1002
-1005
-1007
-1010
-1013
-1016
-1020
-1023
-1027
-1031
-1036
-1039
-1043
-1047
-1050
-1053
-1055
-1056
-1058
-1059
-1059
-1059
-1058
-1058
-1056
-1054
-1053
-1051
-1050
-1048
-1046
-1046
-1044
-1043
-1042
-1042
-1041
-1041
-1040
-1039
-1039
-1037
-1036
-1035
-1033
-1030
-1027
-1025
-1020
-1018
-1015
-1013
-1011
-1009
-1007
-1008
-1007
-1008
-1010
-1013
-1015
-1017
-1021
-1023
-1026
-1028
-1030
-1031
-1032
-1033
-1034
-1034
-1034
-1034
-1034
-1034
-1034
-1033
-1033
-1032
-1030
-1028
-1025
-1023
-1019
-1015
-1012
-1007
-1003
-998
-995
-991
-988
-985
-983
-980
-979
-978
-977
-977
-976
-976
-977
-976
-977
-977
-976
-975
-975
-973
-971
-968
-964
-960
-956
-951
-947
-941
-937
-934
-929
-925
-922
-918
-914
-911
-908
-904
-901
-897
-894
-890
-888
-884
-882
-879
-877
-874
-872
-869
-867
-864
-861
-857
-852
-850
-840
-834
-826
-818
-810
-802
-795
-785
-778
-770
-762
-755
-748
-742
-735
-728
-720
-713
-706
-700
-692
-686
-681
-676
-672
-670
-669
-670
-673
-674
-677
-680
-682
-685
-686
-686
-686
-684
-682
-678
-674
-671
-666
-661
-656
-651
-643
-636
-627
-618
-607
-596
-585
-574
-563
-553
-543
-535
-527
-520
-515
-510
-506
-503
-500
-496
-494
-491
-489
-486
-484
-481
-478
-476
-475
-474
-473
-472
-472
-471
-472
-472
-473
-473
-474
-475
-475
-476
-475
-474
-474
-472
-472
-471
-469
-469
-469
-470
-471
-474
-476
-481
-485
-490
-495
-499
-505
-509
-512
-516
-519
-521
-525
-526
-528
-530
-532
-533
-535
-536
-536
-537
-537
-537
-537
-537
-535
-534
-531
-529
-524
-519
-514
-507
-500
-492
-485
-476
-468
-460
-452
-444
-437
-429
-422
-415
-408
-402
-395
-388
-381
-374
-367
-360
-353
-346
-339
-332
-324
-317
-309
-303
-295
-288
-282
-276
-272
-267
-263
-260
-258
-255
-253
-251
-249
-247
-244
-241
-238
-238
-232
-227
-222
-217
-213
-210
-206
-202
-200
-197
-195
-193
-192
-191
-190
-189
-188
-187
-185
-183
-180
-177
-175
-172
-169
-166
-163
-161
-160
-159
-158
-157
-157
-156
-157
-157
-157
-158
-158
-160
-160
-162
-164
-165
-168
-172
-175
-178
-181
-185
-187
-190
-192
-194
-195
-195
-196
-197
-198
-199
-201
-203
-205
-208
-211
-213
-217
-219
-222
-223
-225
-226
-226
-228
-229
-230
-231
-234
-237
-240
-243
-247
-250
-253
-257
-260
-264
-267
-271
-275
-279
-284
-288
-292
-297
-302
-307
-312
-317
-322
-327
-333
-338
-345
-351
-357
-364
-370
-376
-382
-388
-394
-400
-405
-412
-418
-425
-432
-439
-447
-454
-462
-470
-479
-487
-495
-502
-509
-516
-524
-530
-536
-542
-548
-554
-558
-564
-569
-573
-578
-582
-587
-591
-595
-600
-606
-611
-618
-625
-633
-641
-649
-658
-666
-674
-682
-688
-694
-699
-703
-706
-708
-709
-709
-707
-704
-699
-691
-679
-664
-643
-615
-581
-538
-488
-431
-371
-310
-253
-203
-162
-131
-108
-84
-47
25
157
378
717
1194
1811
2047
2047
2047
2047
2047
2047
2047
2047
2047
2047
2047
2047
2047
2047
2047
2047
2047
2047
2047
2047
2047
2047
2047
2047
2047
2047
2047
2047
2047
2047
2047
2047
2047
2047
2047
2047
2047
2047
2047
2047
2047
2047
2047
2047
2047
2047
2047
2047
2047
2047
2047
2047
2047
2047
1473
898
437
91
-150
-309
-411
-476
-523
-566
-611
-661
-716
-775
-833
-889
-939
-983
-1018
-1046
-1067
-1082
-1092
-1098
-1100
-1100
-1099
-1096
-1090
-1084
-1077
-1069
-1060
-1050
-1040
-1030
-1019
-1009
-999
-989
-980
-971
-964
-956
-949
-944
-939
-935
-931
-928
-926
-924
-922
-921
-920
-919
-919
-919
-920
-922
-923
-925
-927
-929
-931
-935
-938
-942
-948
-954
-960
-967
-974
-981
-989
-995
-1002
-1006
-1008
-1010
-1009
-1006
-1004
-999
-994
-989
-984
-979
-977
-976
-976
-977
-978
-981
-985
-989
-993
-997
-1000
-1004
-1008
-1011
-1015
-1018
-1021
-1024
-1027
-1031
-1034
-1037
-1041
-1044
-1048
-1051
-1055
-1058
-1061
-1065
-1068
-1073
-1077
-1081
-1085
-1090
-1094
-1098
-1102
-1105
-1108
-1111
-1112
-1115
-1115
-1115
-1115
-1115
-1113
-1111
-1109
-1108
-1105
-1103
-1100
-1098
-1096
-1094
-1092
-1090
-1087
-1086
-1084
-1082
-1079
-1077
-1074
-1070
-1067
-1064
-1059
-1055
-1050
-1046
-1041
-1037
-1034
-1027
-1024
-1021
-1020
-1017
-1017
-1017
-1017
-1019
-1020
-1022
-1023
-1026
-1027
-1029
-1029
-1031
-1030
-1031
-1031
-1031
-1031
-1032
-1031
-1031
-1031
-1031
-1030
-1030
-1029
-1027
-1025
-1022
-1020
-1016
-1014
-1010
-1007
-1004
-1000
-999
-997
-994
-994
-992
-992
-992
-992
-993
-993
-994
-995
-995
-997
-997
-997
-996
-995
-994
-991
-988
-984
-980
-976
-972
-967
-963
-959
-955
-951
-950
-945
-943
-939
-936
-933
-929
-926
-923
-919
-915
-911
-907
-903
-899
-896
-893
-889
-886
-883
-878
-875
-870
-864
-859
-853
-845
-838
-830
-822
-813
-804
-795
-787
-779
-770
-762
-755
-748
-741
-734
-727
-719
-712
-706
-700
-694
-689
-686
-682
-682
-681
-683
-684
-686
-690
-693
-696
-698
-700
-701
-701
-700
-698
-695
-692
-689
-685
-681
-677
-671
-665
-658
-651
-642
-632
-622
-612
-602
-593
-584
-575
-568
-562
-557
-552
-549
-546
-545
-543
-540
-539
-538
-535
-533
-532
-530
-529
-527
-525
-525
-524
-524
-524
-524
-525
-526
-526
-527
-528
-529
-529
-527
-527
-526
-524
-522
-520
-518
-516
-515
-514
-514
-514
-516
-519
-521
-524
-527
-531
-534
-536
-539
-540
-541
-543
-544
-545
-545
-546
-546
-546
-546
-546
-546
-545
-544
-544
-543
-541
-540
-537
-534
-529
-525
-520
-514
-507
-500
-492
-483
-475
-467
-459
-452
-445
-437
-432
-426
-419
-413
-407
-400
-394
-388
-382
-375
-368
-361
-354
-346
-341
-334
-327
-319
-312
-305
-298
-292
-287
-282
-278
-273
-270
-267
-264
-262
-260
-257
-255
-252
-249
-246
-242
-239
-235
-230
-227
-222
-217
-213
-209
-205
-202
-199
-195
-193
-191
-189
-187
-185
-182
-179
-177
-173
-170
-165
-161
-157
-154
-149
-147
-143
-140
-138
-136
-135
-133
-133
-132
-131
-132
-132
-132
-134
-135
-136
-138
-141
-145
-148
-152
-156
-160
-165
-169
-172
-175
-178
-180
-183
-184
-186
-189
-192
-195
-199
-203
-207
-212
-216
-220
-224
-228
-232
-234
-238
-239
-242
-245
-247
-251
-254
-258
-263
-267
-272
-277
-282
-286
-291
-296
-301
-307
-311
-316
-321
-326
-331
-336
-342
-347
-351
-357
-362
-368
-373
-379
-384
-390
-396
-401
-407
-412
-418
-422
-427
-432
-437
-442
-447
-453
-459
-465
-471
-478
-484
-491
-498
-505
-512
-518
-524
-530
-536
-541
-547
-551
-556
-562
-566
-567
-572
-574
-577
-580
-583
-586
-590
-593
-598
-602
-608
-615
-622
-629
-637
-644
-653
-660
-667
-672
-678
-682
-685
-687
-689
-690
-690
-687
-684
-678
-670
-657
-641
-619
-590
-553
-510
-458
-401
-341
-281
-225
-177
-139
-110
-89
-64
-20
61
208
449
813
1317
1956
2047
2047
2047
2047
2047
2047
2047
2047
2047
2047
2047
2047
2047
2047
2047
2047
2047
2047
2047
2047
2047
2047
2047
2047
2047
2047
2047
2047
2047
2047
2047
2047
2047
2047
2047
2047
2047
2047
2047
2047
2047
2047
2047
2047
2047
2047
2047
2047
2047
2047
2047
2047
2047
2047
1398
837
392
63
-164
-313
-407
-469
-517
-560
-607
-658
-716
-775
-835
-890
-940
-984
-1018
-1046
-1066
-1081
-1092
-1098
-1102
-1102
-1101
-1099
-1095
-1090
-1083
-1076
-1067
-1059
-1049
-1041
-1031
-1021
-1012
-1005
-997
-991
-985
-979
-974
-970
-966
-964
-961
-959
-956
-954
-953
-951
-949
-949
-949
-948
-949
-950
-952
-953
-956
-959
-961
-965
-969
-973
-978
-983
-989
-994
-1000
-1006
-1012
-1016
-1019
-1022
-1021
-1020
-1017
-1013
-1008
-1002
-996
-990
-984
-980
-976
-975
-975
-975
-976
-978
-981
-983
-986
-988
-990
-993
-995
-996
-997
-1001
-1002
-1005
-1007
-1010
-1014
-1017
-1020
-1023
-1026
-1029
-1032
-1035
-1038
-1041
-1045
-1049
-1053
-1057
-1062
-1066
-1070
-1074
-1078
-1082
-1085
-1088
-1090
-1092
-1094
-1095
-1095
-1095
-1094
-1093
-1092
-1090
-1088
-1087
-1086
-1084
-1082
-1081
-1079
-1077
-1077
-1076
-1074
-1073
-1072
-1070
-1069
-1066
-1064
-1061
-1058
-1055
-1051
-1047
-1043
-1039
-1035
-1032
-1029
-1026
-1024
-1022
-1021
-1022
-1022
-1023
-1024
-1026
-1028
-1029
-1030
-1030
-1030
-1031
-1030
-1030
-1029
-1029
-1028
-1027
-1026
-1024
-1023
-1022
-1021
-1018
-1017
-1014
-1011
-1008
-1004
-999
-995
-991
-986
-983
-978
-975
-973
-972
-971
-970
-969
-970
-971
-971
-972
-973
-974
-975
-977
-977
-977
-977
-977
-976
-975
-973
-972
-969
-967
-964
-962
-959
-957
-955
-952
-950
-948
-947
-945
-944
-942
-939
-937
-934
-932
-930
-927
-925
-923
-921
-920
-918
-915
-913
-911
-908
-905
-901
-896
-891
-884
-878
-870
-862
-853
-845
-835
-826
-817
-808
-801
-792
-784
-776
-768
-760
-752
-744
-736
-728
-721
-714
-708
-703
-699
-697
-695
-695
-696
-698
-699
-701
-703
-704
-704
-702
-701
-699
-698
-690
-688
-683
-678
-672
-667
-660
-654
-646
-637
-626
-617
-606
-596
-585
-574
-565
-557
-549
-543
-538
-533
-530
-527
-525
-523
-521
-519
-518
-515
-514
-512
-511
-511
-510
-509
-509
-509
-510
-510
-512
-512
-514
-515
-516
-517
-519
-519
-519
-519
-518
-517
-516
-514
-512
-511
-511
-510
-510
-512
-513
-516
-520
-523
-527
-530
-534
-536
-539
-541
-542
-543
-543
-542
-542
-541
-541
-540
-539
-537
-536
-533
-530
-528
-525
-522
-519
-516
-511
-507
-502
-495
-489
-482
-475
-466
-457
-448
-438
-430
-421
-414
-405
-398
-390
-384
-376
-369
-363
-356
-350
-343
-337
-331
-325
-319
-312
-306
-301
-295
-289
-283
-278
-272
-268
-264
-260
-258
-255
-254
-253
-251
-250
-250
-249
-248
-247
-246
-245
-243
-240
-236
-234
-231
-228
-224
-221
-218
-215
-212
-211
-210
-207
-207
-206
-205
-204
-202
-200
-198
-195
-193
-189
-186
-183
-179
-176
-172
-170
-169
-167
-165
-165
-163
-163
-162
-162
-162
-162
-162
-163
-163
-165
-166
-168
-171
-173
-176
-178
-182
-184
-186
-188
-190
-191
-191
-192
-192
-194
-194
-196
-198
-200
-203
-206
-208
-212
-215
-221
-221
-223
-225
-227
-228
-230
-231
-233
-235
-238
-242
-246
-250
-255
-259
-264
-269
-273
-278
-283
-288
-293
-298
-302
-308
-313
-319
-323
-329
-334
-339
-345
-350
-357
-363
-369
-375
-381
-388
-394
-401
-407
-414
-418
-424
-429
-435
-441
-447
-453
-459
-466
-472
-479
-486
-493
-499
-506
-513
-519
-525
-532
-536
-542
-547
-552
-556
-560
-564
-567
-571
-574
-576
-580
-582
-585
-589
-593
-598
-603
-608
-615
-622
-630
-636
-644
-651
-657
-662
-668
-673
-676
-678
-680
-680
-680
-678
-675
-670
-661
-651
-634
-613
-585
-549
-507
-456
-399
-339
-279
-224
-175
-137
-109
-86
-62
-22
54
193
425
779
1271
1901
2047
2047
2047
2047
2047
2047
2047
2047
2047
2047
2047
2047
2047
2047
2047
2047
2047
2047
2047
2047
2047
2047
2047
2047
2047
2047
2047
2047
2047
2047
2047
2047
2047
2047
2047
2047
2047
2047
2047
2047
2047
2047
2047
2047
2047
2047
2047
2047
2047
2047
2047
2047
2047
1986
1331
777
338
15
-208
-352
-444
-503
-548
-590
-635
-685
-740
-798
-855
-909
-955
-995
-1027
-1051
-1069
-1082
-1091
-1095
-1096
-1099
-1094
-1090
-1085
-1079
-1072
-1063
-1054
-1044
-1034
-1023
-1012
-1002
-991
-982
-973
-965
-957
-951
-946
-941
-937
-934
-932
-931
-930
-929
-929
-929
-929
-930
-931
-933
-935
-936
-940
-942
-945
-948
-952
-956
-960
-966
-972
-978
-985
-992
-1000
-1006
-1013
-1018
-1023
-1026
-1028
-1028
-1025
-1022
-1018
-1013
-1007
-1002
-997
-993
-990
-988
-987
-988
-990
-991
-992
-995
-998
-1000
-1002
-1003
-1005
-1006
-1007
-1008
-1010
-1012
-1013
-1014
-1016
-1018
-1020
-1022
-1024
-1026
-1028
-1031
-1033
-1035
-1038
-1040
-1044
-1048
-1051
-1055
-1058
-1062
-1065
-1068
-1072
-1074
-1077
-1078
-1080
-1081
-1081
-1082
-1081
-1080
-1079
-1077
-1076
-1075
-1074
-1072
-1071
-1070
-1070
-1069
-1068
-1068
-1068
-1068
-1067
-1067
-1067
-1065
-1064
-1063
-1060
-1058
-1055
-1053
-1049
-1047
-1044
-1041
-1039
-1038
-1038
-1038
-1039
-1041
-1044
-1047
-1049
-1053
-1056
-1059
-1061
-1064
-1065
-1066
-1066
-1067
-1066
-1066
-1067
-1067
-1066
-1066
-1066
-1065
-1064
-1063
-1062
-1060
-1057
-1054
-1049
-1044
-1040
-1035
-1030
-1025
-1021
-1016
-1012
-1009
-1005
-1003
-1002
-1000
-999
-999
-998
-998
-998
-998
-997
-997
-997
-995
-994
-992
-989
-986
-982
-978
-973
-969
-964
-960
-955
-951
-947
-943
-940
-937
-933
-930
-926
-924
-920
-917
-914
-912
-906
-903
-900
-896
-894
-890
-888
-885
-882
-879
-876
-871
-867
-862
-856
-850
-843
-835
-827
-819
-811
-802
-795
-786
-779
-772
-765
-758
-751
-744
-737
-730
-723
-717
-710
-704
-700
-696
-693
-691
-691
-691
-693
-695
-699
-700
-704
-705
-705
-706
-705
-703
-701
-697
-694
-689
-685
-680
-675
-668
-661
-653
-644
-635
-624
-613
-601
-590
-579
-569
-559
-550
-542
-534
-530
-525
-521
-517
-514
-511
-508
-505
-503
-500
-497
-495
-493
-491
-490
-489
-488
-487
-487
-487
-487
-489
-489
-489
-490
-491
-492
-492
-492
-491
-490
-489
-488
-488
-486
-486
-486
-487
-489
-491
-495
-499
-504
-508
-513
-517
-522
-525
-529
-531
-534
-535
-537
-539
-541
-541
-543
-544
-545
-544
-544
-545
-544
-544
-543
-542
-539
-537
-534
-530
-525
-519
-512
-505
-498
-489
-481
-472
-463
-455
-447
-439
-432
-424
-417
-410
-403
-397
-389
-383
-376
-368
-362
-355
-348
-341
-334
-326
-319
-313
-305
-299
-292
-285
-280
-276
-271
-267
-263
-260
-258
-256
-254
-252
-250
-248
-244
-242
-239
-236
-232
-228
-225
-221
-217
-214
-211
-207
-205
-202
-200
-199
-198
-198
-196
-195
-194
-192
-190
-187
-184
-181
-178
-174
-170
-167
-163
-161
-158
-156
-153
-151
-151
-149
-148
-147
-147
-146
-146
-146
-146
-147
-148
-149
-151
-154
-156
-159
-161
-164
-166
-169
-171
-172
-173
-174
-174
-175
-175
-176
-178
-180
-182
-184
-188
-191
-194
-197
-199
-201
-202
-204
-207
-207
-209
-211
-212
-215
-219
-222
-227
-231
-235
-239
-243
-247
-252
-256
-261
-266
-270
-275
-278
-283
-288
-292
-297
-302
-307
-313
-318
-324
-330
-336
-343
-349
-356
-363
-370
-376
-383
-389
-396
-402
-408
-415
-421
-428
-435
-443
-451
-459
-467
-475
-484
-491
-500
-507
-514
-522
-529
-536
-541
-548
-554
-559
-564
-569
-573
-577
-582
-586
-590
-595
-599
-605
-611
-618
-624
-632
-639
-648
-657
-664
-671
-679
-685
-690
-695
-699
-701
-703
-703
-703
-701
-698
-693
-685
-673
-658
-636
-609
-575
-532
-483
-426
-365
-303
-245
-193
-151
-119
-95
-71
-34
34
158
371
698
1163
1767
2047
2047
2047
2047
2047
2047
2047
2047
2047
2047
2047
2047
2047
2047
2047
2047
2047
2047
2047
2047
2047
2047
2047
2047
2047
2047
2047
2047
2047
2047
2047
2047
2047
2047
2047
2047
2047
2047
2047
2047
2047
2047
2047
2047
2047
2047
2047
2047
2047
2047
2047
2047
2047
2047
1572
980
500
137
-120
-291
-399
-468
-517
-559
-602
-650
-703
-760
-818
-875
-925
-970
-1006
-1034
-1055
-1071
-1080
-1086
-1089
-1088
-1086
-1082
-1077
-1070
-1064
-1055
-1046
-1036
-1025
-1014
-1004
-994
-983
-974
-964
-955
-947
-940
-934
-928
-923
-918
-914
-912
-909
-907
-905
-904
-903
-903
-903
-904
-905
-906
-908
-911
-913
-917
-920
-924
-928
-934
-939
-946
-953
-960
-968
-976
-983
-990
-996
-1001
-1004
-1005
-1006
-1003
-1001
-997
-993
-988
-984
-981
-978
-978
-977
-978
-980
-983
-986
-990
-993
-997
-1001
-1003
-1007
-1010
-1013
-1015
-1017
-1021
-1024
-1027
-1030
-1033
-1035
-1038
-1041
-1043
-1046
-1048
-1051
-1054
-1058
-1061
-1064
-1068
-1072
-1076
-1079
-1083
-1086
-1088
-1091
-1092
-1094
-1096
-1096
-1096
-1095
-1095
-1093
-1092
-1090
-1087
-1084
-1082
-1080
-1077
-1074
-1071
-1068
-1066
-1063
-1062
-1059
-1057
-1054
-1052
-1050
-1048
-1046
-1042
-1039
-1036
-1032
-1028
-1025
-1020
-1017
-1013
-1011
-1008
-1006
-1005
-1004
-1003
-1004
-1005
-1006
-1008
-1011
-1012
-1014
-1015
-1017
-1018
-1019
-1018
-1019
-1019
-1019
-1020
-1020
-1020
-1020
-1020
-1020
-1019
-1018
-1016
-1015
-1014
-1010
-1008
-1004
-1002
-998
-995
-992
-990
-988
-986
-985
-984
-983
-983
-982
-982
-982
-983
-983
-984
-983
-983
-984
-982
-981
-980
-978
-974
-971
-967
-963
-959
-954
-949
-945
-941
-937
-933
-929
-925
-922
-919
-915
-912
-909
-905
-901
-897
-894
-890
-887
-884
-881
-877
-874
-871
-868
-864
-860
-855
-850
-845
-839
-832
-824
-817
-808
-800
-792
-784
-775
-768
-759
-753
-746
-739
-732
-725
-718
-711
-705
-699
-693
-687
-682
-678
-675
-674
-674
-675
-677
-680
-683
-687
-691
-694
-695
-697
-698
-697
-695
-694
-691
-688
-685
-681
-677
-672
-668
-661
-654
-646
-636
-626
-617
-607
-597
-587
-578
-570
-564
-558
-553
-549
-546
-543
-540
-538
-536
-534
-532
-529
-527
-525
-523
-520
-519
-517
-517
-515
-515
-514
-515
-514
-514
-514
-514
-514
-513
-513
-511
-510
-508
-505
-503
-500
-498
-496
-495
-495
-494
-495
-497
-500
-503
-507
-510
-514
-517
-520
-522
-525
-526
-527
-528
-529
-530
-530
-531
-531
-532
-532
-531
-531
-530
-529
-528
-527
-525
-521
-518
-514
-509
-504
-497
-490
-482
-474
-465
-457
-449
-440
-432
-424
-416
-410
-403
-396
-390
-383
-377
-371
-365
-358
-352
-346
-340
-333
-327
-320
-313
-306
-299
-292
-286
-280
-275
-270
-265
-261
-257
-254
-251
-249
-247
-244
-242
-239
-237
-234
-230
-227
-223
-219
-214
-210
-205
-200
-196
-192
-189
-186
-183
-180
-179
-177
-175
-173
-172
-170
-167
-165
-162
-159
-155
-151
-147
-144
-141
-138
-135
-133
-131
-129
-128
-127
-126
-125
-125
-124
-124
-125
-125
-126
-128
-131
-134
-136
-140
-143
-147
-151
-156
-159
-162
-164
-167
-169
-172
-173
-176
-179
-181
-185
-189
-194
-199
-203
-208
-213
-217
-221
-226
-228
-231
-234
-236
-239
-242
-246
-249
-253
-258
-264
-268
-273
-277
-282
-286
-291
-297
-302
-307
-312
-317
-322
-327
-332
-338
-342
-347
-353
-358
-363
-368
-374
-379
-385
-391
-397
-402
-408
-414
-417
-422
-427
-432
-437
-443
-447
-453
-459
-464
-470
-478
-485
-491
-498
-504
-510
-516
-524
-531
-532
-539
-543
-547
-551
-555
-559
-561
-565
-568
-570
-574
-577
-581
-585
-590
-595
-602
-608
-617
-624
-633
-640
-649
-656
-663
-668
-674
-678
-682
-684
-687
-687
-686
-684
-680
-674
-665
-651
-633
-610
-579
-541
-495
-442
-383
-323
-264
-211
-166
-132
-105
-83
-54
-3
94
265
538
941
1484
2047
2047
2047
2047
2047
2047
2047
2047
2047
2047
2047
2047
2047
2047
2047
2047
2047
2047
2047
2047
2047
2047
2047
2047
2047
2047
2047
2047
2047
2047
2047
2047
2047
2047
2047
2047
2047
2047
2047
2047
2047
2047
2047
2047
2047
2047
2047
2047
2047
2047
2047
2047
2047
2047
1878
1240
707
292
-10
-217
-350
-435
-493
-539
-584
-632
-686
-743
-804
-863
-917
-965
-1005
-1038
-1063
-1082
-1095
-1104
-1109
-1112
-1113
-1111
-1109
-1104
-1098
-1093
-1084
-1075
-1067
-1057
-1047
-1037
-1026
-1017
-1007
-999
-990
-983
-976
-970
-965
-960
-956
-953
-950
-948
-946
-944
-943
-942
-941
-941
-940
-942
-942
-943
-945
-947
-950
-952
-955
-960
-964
-969
-975
-982
-988
-995
-1001
-1007
-1012
-1015
-1016
-1018
-1016
-1015
-1010
-1005
-999
-994
-989
-984
-980
-977
-976
-976
-977
-979
-981
-983
-987
-989
-991
-993
-996
-997
-1000
-1001
-1003
-1005
-1007
-1011
-1013
-1016
-1018
-1021
-1023
-1027
-1029
-1032
-1035
-1038
-1041
-1045
-1049
-1053
-1057
-1062
-1067
-1071
-1076
-1079
-1083
-1086
-1089
-1091
-1092
-1093
-1094
-1093
-1092
-1091
-1089
-1087
-1086
-1083
-1080
-1079
-1076
-1074
-1073
-1071
-1068
-1067
-1066
-1064
-1063
-1061
-1059
-1057
-1054
-1051
-1048
-1044
-1041
-1037
-1033
-1029
-1026
-1021
-1018
-1014
-1012
-1009
-1008
-1007
-1008
-1009
-1009
-1011
-1013
-1015
-1017
-1018
-1019
-1020
-1020
-1021
-1021
-1022
-1022
-1021
-1022
-1022
-1021
-1021
-1020
-1020
-1018
-1017
-1015
-1012
-1009
-1006
-1003
-999
-995
-991
-987
-984
-982
-980
-978
-976
-976
-974
-974
-976
-975
-976
-977
-978
-979
-980
-981
-982
-982
-981
-981
-980
-979
-977
-974
-971
-967
-964
-962
-959
-957
-954
-951
-949
-948
-946
-945
-942
-940
-938
-935
-935
-932
-929
-925
-923
-920
-918
-916
-913
-910
-907
-904
-901
-896
-891
-885
-879
-872
-864
-856
-848
-839
-830
-821
-812
-803
-795
-787
-779
-770
-763
-754
-746
-739
-730
-723
-716
-710
-704
-699
-695
-693
-691
-692
-693
-695
-697
-700
-701
-702
-701
-700
-698
-696
-693
-689
-685
-680
-675
-670
-665
-658
-651
-643
-634
-624
-614
-603
-592
-581
-571
-562
-553
-546
-540
-534
-530
-527
-524
-523
-520
-519
-516
-515
-513
-511
-510
-509
-507
-506
-505
-505
-506
-505
-506
-506
-507
-508
-509
-510
-510
-512
-512
-512
-511
-511
-509
-507
-505
-502
-501
-500
-500
-500
-500
-502
-505
-508
-512
-514
-519
-521
-525
-526
-529
-530
-531
-531
-532
-533
-533
-533
-532
-532
-531
-530
-529
-527
-526
-524
-522
-519
-516
-512
-508
-502
-496
-489
-482
-473
-465
-456
-447
-437
-428
-419
-410
-403
-395
-387
-379
-372
-365
-359
-352
-346
-340
-333
-326
-320
-314
-308
-302
-295
-289
-286
-277
-272
-267
-262
-258
-255
-250
-248
-246
-244
-243
-241
-241
-239
-239
-237
-236
-234
-232
-230
-227
-225
-221
-219
-216
-213
-211
-209
-208
-207
-206
-205
-205
-205
-205
-204
-203
-202
-199
-197
-194
-190
-187
-183
-180
-176
-174
-172
-169
-167
-166
-164
-163
-162
-162
-160
-159
-159
-158
-158
-158
-158
-159
-160
-161
-163
-165
-167
-170
-173
-175
-176
-178
-178
-179
-183
-180
-181
-182
-183
-185
-187
-189
-192
-195
-198
-201
-204
-207
-209
-210
-211
-213
-215
-215
-218
-220
-223
-227
-231
-235
-239
-244
-248
-253
-258
-263
-268
-273
-278
-283
-289
-294
-299
-304
-310
-315
-322
-327
-333
-339
-345
-351
-357
-364
-371
-376
-383
-389
-395
-400
-406
-411
-417
-422
-427
-433
-438
-444
-451
-457
-464
-471
-477
-483
-489
-496
-503
-508
-514
-519
-524
-530
-533
-538
-542
-544
-548
-552
-555
-557
-560
-563
-566
-569
-574
-579
-585
-590
-597
-604
-611
-620
-627
-634
-641
-646
-652
-656
-659
-662
-663
-665
-664
-662
-660
-654
-647
-636
-621
-600
-573
-539
-498
-448
-393
-334
-275
-218
-170
-132
-103
-81
-58
-20
52
186
409
753
1235
1855
2047
2047
2047
2047
2047
2047
2047
2047
2047
2047
2047
2047
2047
2047
2047
2047
2047
2047
2047
2047
2047
2047
2047
2047
2047
2047
2047
2047
2047
2047
2047
2047
2047
2047
2047
2047
2047
2047
2047
2047
2047
2047
2047
2047
2047
2047
2047
2047
2047
2047
2047
2047
2047
2047
1430
864
413
78
-155
-307
-402
-464
-510
-552
-598
-648
-703
-760
-818
-873
-922
-964
-998
-1025
-1043
-1057
-1067
-1073
-1075
-1075
-1074
-1070
-1065
-1059
-1051
-1044
-1035
-1024
-1015
-1005
-994
-984
-974
-965
-956
-948
-940
-933
-928
-922
-917
-914
-910
-908
-906
-903
-902
-901
-901
-900
-899
-899
-901
-902
-904
-905
-907
-910
-912
-916
-921
-925
-930
-936
-941
-949
-956
-963
-968
-974
-979
-983
-984
-984
-982
-979
-974
-970
-964
-959
-954
-948
-946
-944
-944
-945
-946
-947
-950
-952
-955
-958
-960
-963
-965
-967
-968
-971
-972
-975
-976
-978
-981
-983
-986
-987
-990
-992
-995
-998
-1000
-1003
-1006
-1008
-1012
-1015
-1019
-1022
-1026
-1028
-1033
-1036
-1038
-1042
-1043
-1045
-1047
-1047
-1048
-1047
-1046
-1046
-1045
-1043
-1042
-1040
-1038
-1037
-1037
-1035
-1035
-1034
-1034
-1034
-1033
-1033
-1033
-1033
-1032
-1030
-1029
-1027
-1026
-1023
-1021
-1018
-1015
-1012
-1009
-1007
-1005
-1004
-1003
-1003
-1003
-1005
-1006
-1008
-1010
-1013
-1016
-1018
-1020
-1021
-1023
-1024
-1024
-1025
-1025
-1024
-1024
-1024
-1023
-1022
-1022
-1020
-1019
-1018
-1016
-1014
-1010
-1007
-1003
-999
-995
-990
-986
-982
-978
-975
-972
-969
-967
-964
-963
-962
-961
-960
-960
-960
-960
-960
-960
-959
-958
-958
-956
-954
-952
-949
-945
-941
-937
-933
-928
-924
-920
-916
-915
-909
-905
-903
-899
-897
-894
-891
-889
-885
-882
-879
-879
-874
-871
-869
-866
-864
-862
-860
-857
-855
-851
-848
-843
-838
-833
-827
-820
-812
-805
-797
-788
-780
-771
-764
-757
-749
-742
-736
-728
-721
-715
-708
-701
-694
-687
-682
-676
-672
-668
-665
-664
-664
-665
-667
-668
-670
-672
-673
-673
-671
-670
-667
-665
-661
-656
-652
-647
-642
-636
-630
-623
-616
-607
-598
-587
-575
-564
-554
-543
-533
-523
-515
-507
-501
-496
-492
-488
-485
-483
-480
-478
-476
-475
-472
-470
-468
-467
-466
-466
-465
-465
-465
-466
-467
-469
-471
-472
-474
-476
-477
-479
-481
-481
-482
-481
-481
-481
-480
-479
-479
-479
-480
-482
-484
-488
-491
-496
-501
-506
-509
-514
-518
-521
-523
-526
-528
-530
-531
-533
-534
-535
-535
-536
-536
-536
-536
-536
-535
-534
-533
-530
-527
-524
-520
-516
-509
-502
-496
-488
-479
-470
-461
-452
-444
-435
-427
-419
-411
-403
-396
-389
-382
-375
-368
-361
-353
-346
-339
-332
-325
-319
-312
-305
-298
-291
-285
-278
-272
-267
-262
-258
-254
-251
-249
-246
-244
-243
-240
-239
-238
-236
-234
-232
-230
-227
-223
-221
-217
-214
-210
-208
-205
-202
-200
-199
-197
-196
-196
-195
-195
-193
-192
-190
-187
-185
-183
-179
-177
-173
-171
-167
-165
-163
-162
-160
-158
-158
-157
-156
-157
-155
-155
-156
-156
-156
-158
-159
-161
-163
-165
-168
-172
-174
-176
-179
-181
-183
-184
-186
-185
-186
-186
-187
-189
-190
-192
-194
-197
-200
-203
-206
-209
-211
-213
-215
-215
-217
-218
-218
-219
-221
-223
-226
-229
-232
-235
-240
-244
-247
-251
-255
-259
-263
-267
-272
-276
-281
-286
-291
-295
-300
-306
-312
-316
-323
-329
-335
-342
-348
-355
-362
-368
-376
-381
-389
-396
-402
-408
-414
-421
-428
-436
-443
-451
-458
-467
-475
-483
-492
-500
-509
-516
-524
-531
-538
-546
-551
-557
-564
-568
-574
-579
-583
-588
-592
-595
-600
-604
-609
-614
-620
-626
-632
-639
-648
-655
-663
-670
-678
-685
-691
-697
-703
-708
-712
-715
-719
-721
-720
-718
-714
-706
-694
-678
-657
-628
-592
-549
-497
-440
-378
-316
-258
-207
-164
-133
-108
-84
-47
24
153
371
705
1178
1789
2047
2047
2047
2047
2047
2047
2047
2047
2047
2047
2047
2047
2047
2047
2047
2047
2047
2047
2047
2047
2047
2047
2047
2047
2047
2047
2047
2047
2047
2047
2047
2047
2047
2047
2047
2047
2047
2047
2047
2047
2047
2047
2047
2047
2047
2047
2047
2047
2047
2047
2047
2047
2047
2047
1551
963
488
129
-124
-291
-398
-467
-516
-559
-602
-651
-706
-763
-821
-878
-928
-972
-1009
-1037
-1057
-1073
-1083
-1089
-1092
-1093
-1091
-1087
-1081
-1075
-1068
-1060
-1050
-1041
-1031
-1020
-1009
-999
-989
-979
-970
-961
-953
-946
-940
-934
-929
-924
-921
-918
-916
-913
-912
-911
-910
-910
-909
-910
-911
-913
-914
-917
-919
-922
-925
-928
-932
-937
-943
-949
-956
-963
-970
-977
-985
-991
-997
-1002
-1004
-1006
-1006
-1003
-1002
-998
-993
-990
-986
-983
-981
-981
-981
-983
-985
-988
-992
-996
-999
-1003
-1006
-1010
-1013
-1015
-1018
-1020
-1023
-1026
-1029
-1032
-1034
-1037
-1040
-1042
-1045
-1048
-1050
-1052
-1055
-1058
-1061
-1064
-1067
-1070
-1074
-1078
-1081
-1084
-1088
-1090
-1093
-1095
-1096
-1098
-1097
-1097
-1096
-1096
-1093
-1091
-1089
-1086
-1083
-1080
-1076
-1075
-1071
-1069
-1066
-1064
-1062
-1059
-1058
-1055
-1053
-1050
-1048
-1045
-1042
-1038
-1033
-1029
-1025
-1021
-1017
-1012
-1008
-1005
-1001
-999
-998
-996
-995
-996
-997
-999
-1001
-1003
-1005
-1007
-1009
-1011
-1012
-1014
-1014
-1014
-1015
-1015
-1016
-1017
-1016
-1016
-1016
-1016
-1015
-1014
-1014
-1011
-1009
-1007
-1003
-1001
-996
-992
-989
-985
-981
-979
-976
-974
-973
-972
-970
-970
-969
-970
-971
-971
-971
-972
-973
-972
-972
-972
-971
-970
-967
-963
-960
-956
-952
-947
-942
-937
-933
-929
-925
-921
-917
-913
-910
-906
-902
-899
-895
-892
-888
-885
-881
-878
-875
-871
-868
-866
-862
-860
-857
-854
-850
-846
-842
-837
-831
-825
-818
-810
-802
-795
-787
-779
-771
-763
-755
-749
-742
-735
-729
-722
-715
-708
-702
-696
-690
-684
-680
-677
-675
-673
-674
-674
-677
-680
-684
-687
-691
-694
-695
-696
-697
-695
-694
-692
-689
-685
-682
-678
-673
-667
-662
-655
-648
-638
-628
-618
-608
-597
-588
-578
-569
-562
-555
-549
-544
-540
-537
-533
-531
-528
-526
-524
-522
-519
-517
-514
-513
-511
-510
-507
-506
-506
-506
-506
-506
-506
-506
-506
-507
-507
-507
-506
-506
-504
-503
-501
-499
-497
-496
-494
-494
-494
-495
-497
-499
-503
-506
-509
-514
-517
-521
-523
-525
-528
-529
-531
-531
-532
-532
-533
-533
-533
-533
-532
-532
-531
-530
-529
-528
-525
-522
-520
-516
-511
-506
-499
-492
-485
-477
-469
-459
-451
-442
-433
-425
-418
-410
-403
-397
-389
-383
-376
-369
-362
-355
-349
-343
-336
-329
-323
-315
-309
-302
-294
-288
-281
-274
-269
-263
-258
-254
-251
-247
-246
-245
-242
-241
-239
-237
-235
-234
-231
-228
-225
-221
-216
-212
-208
-202
-198
-194
-191
-187
-184
-181
-179
-177
-176
-174
-173
-171
-169
-165
-162
-159
-155
-151
-147
-143
-140
-137
-134
-132
-130
-129
-128
-126
-126
-126
-125
-125
-126
-127
-127
-128
-129
-132
-134
-137
-140
-143
-147
-151
-155
-159
-163
-166
-168
-171
-173
-175
-177
-180
-182
-186
-189
-194
-198
-203
-208
-214
-218
-223
-227
-231
-233
-237
-240
-243
-246
-251
-254
-259
-263
-268
-273
-279
-283
-288
-292
-297
-302
-307
-311
-316
-320
-325
-329
-334
-339
-343
-348
-353
-358
-362
-367
-372
-377
-382
-388
-394
-398
-403
-408
-412
-417
-421
-426
-430
-435
-440
-444
-450
-456
-462
-467
-475
-482
-490
-496
-504
-510
-517
-522
-528
-533
-537
-540
-544
-546
-548
-550
-552
-553
-555
-557
-560
-563
-566
-571
-578
-585
-593
-601
-609
-617
-626
-635
-644
-652
-659
-665
-670
-674
-677
-681
-682
-682
-682
-680
-675
-669
-659
-645
-624
-598
-565
-523
-474
-418
-359
-299
-242
-193
-153
-123
-99
-76
-38
31
159
377
711
1181
1792
2047
2047
2047
2047
2047
2047
2047
2047
2047
2047
2047
2047
2047
2047
2047
2047
2047
2047
2047
2047
2047
2047
2047
2047
2047
2047
2047
2047
2047
2047
2047
2047
2047
2047
2047
2047
2047
2047
2047
2047
2047
2047
2047
2047
2047
2047
2047
2047
2047
2047
2047
2047
2047
2047
1530
946
476
123
-126
-289
-394
-462
-511
-555
-601
-653
-708
-768
-828
-885
-936
-980
-1016
-1046
-1068
-1084
-1095
-1102
-1106
-1107
-1107
-1104
-1099
-1094
-1088
-1081
-1072
-1063
-1054
-1045
-1034
-1025
-1016
-1007
-998
-991
-984
-978
-971
-966
-961
-957
-954
-951
-949
-947
-944
-943
-942
-941
-940
-939
-939
-939
-940
-940
-942
-944
-946
-949
-951
-956
-960
-965
-970
-976
-981
-987
-992
-997
-999
-1002
-1002
-1001
-998
-996
-990
-985
-980
-974
-969
-966
-963
-961
-961
-961
-963
-966
-968
-971
-973
-977
-979
-982
-984
-986
-988
-990
-993
-996
-999
-1001
-1005
-1008
-1011
-1014
-1017
-1020
-1023
-1026
-1029
-1033
-1035
-1039
-1043
-1047
-1051
-1056
-1060
-1064
-1068
-1072
-1075
-1077
-1080
-1081
-1082
-1083
-1082
-1081
-1080
-1078
-1076
-1074
-1071
-1069
-1067
-1064
-1061
-1059
-1057
-1054
-1053
-1050
-1048
-1046
-1044
-1042
-1040
-1037
-1033
-1030
-1026
-1022
-1018
-1013
-1009
-1005
-1000
-997
-993
-990
-988
-986
-985
-985
-985
-987
-988
-989
-991
-993
-995
-996
-998
-998
-999
-999
-1000
-999
-1000
-1000
-1000
-1000
-999
-1000
-999
-998
-997
-995
-993
-991
-988
-984
-981
-977
-974
-971
-968
-965
-964
-962
-962
-961
-961
-962
-963
-963
-964
-966
-968
-968
-970
-970
-971
-971
-971
-970
-969
-968
-966
-963
-959
-956
-953
-951
-948
-945
-942
-940
-937
-935
-931
-930
-927
-924
-921
-918
-915
-911
-908
-905
-901
-899
-896
-893
-890
-887
-883
-880
-877
-872
-867
-860
-854
-847
-839
-831
-823
-814
-804
-796
-787
-779
-771
-763
-754
-747
-739
-731
-724
-716
-708
-701
-693
-687
-682
-678
-674
-672
-671
-672
-673
-675
-678
-680
-683
-684
-686
-685
-684
-682
-679
-677
-673
-669
-665
-659
-655
-648
-641
-633
-624
-614
-604
-593
-583
-572
-561
-551
-542
-535
-528
-523
-517
-513
-510
-508
-505
-504
-501
-499
-497
-495
-494
-491
-490
-489
-489
-488
-488
-490
-489
-490
-492
-493
-494
-495
-497
-497
-497
-498
-498
-497
-495
-494
-492
-491
-489
-488
-489
-488
-489
-491
-493
-497
-500
-503
-507
-511
-514
-517
-518
-520
-522
-522
-524
-525
-525
-526
-528
-526
-525
-524
-524
-523
-521
-520
-517
-515
-511
-507
-502
-497
-492
-485
-477
-469
-460
-451
-442
-433
-425
-415
-407
-399
-390
-383
-375
-368
-360
-353
-346
-339
-333
-326
-319
-313
-308
-302
-296
-290
-285
-279
-273
-268
-264
-259
-255
-252
-249
-246
-245
-245
-243
-243
-242
-241
-241
-240
-239
-238
-237
-235
-233
-231
-229
-226
-224
-221
-219
-218
-216
-215
-214
-214
-213
-214
-213
-212
-210
-209
-207
-204
-202
-198
-196
-191
-188
-185
-182
-179
-177
-175
-173
-172
-170
-169
-168
-167
-165
-165
-164
-163
-164
-164
-165
-166
-168
-169
-171
-173
-176
-178
-181
-182
-184
-184
-185
-185
-186
-186
-187
-188
-190
-193
-196
-199
-202
-205
-209
-212
-215
-217
-220
-221
-224
-225
-227
-230
-232
-235
-238
-243
-248
-252
-257
-261
-266
-271
-275
-281
-285
-290
-295
-300
-306
-310
-316
-320
-326
-331
-337
-342
-348
-353
-359
-365
-371
-377
-382
-388
-394
-399
-405
-410
-415
-419
-425
-430
-436
-443
-449
-455
-463
-469
-476
-483
-490
-497
-503
-509
-514
-519
-523
-528
-531
-534
-538
-540
-543
-545
-547
-550
-552
-555
-557
-560
-564
-568
-574
-580
-587
-595
-603
-611
-619
-628
-636
-643
-650
-656
-661
-666
-669
-672
-673
-674
-673
-671
-667
-659
-648
-633
-612
-585
-550
-508
-458
-402
-342
-283
-229
-182
-145
-117
-97
-73
-31
49
194
435
800
1303
1946
2047
2047
2047
2047
2047
2047
2047
2047
2047
2047
2047
2047
2047
2047
2047
2047
2047
2047
2047
2047
2047
2047
2047
2047
2047
2047
2047
2047
2047
2047
2047
2047
2047
2047
2047
2047
2047
2047
2047
2047
2047
2047
2047
2047
2047
2047
2047
2047
2047
2047
2047
2047
2047
1912
1269
730
308
0
-210
-346
-431
-488
-532
-575
-621
-673
-730
-792
-845
-900
-947
-987
-1020
-1044
-1062
-1075
-1082
-1087
-1088
-1088
-1086
-1082
-1078
-1072
-1064
-1057
-1048
-1039
-1029
-1020
-1010
-1001
-990
-981
-973
-965
-958
-951
-945
-940
-936
-933
-930
-928
-926
-924
-923
-923
-923
-924
-924
-925
-927
-929
-931
-932
-935
-937
-941
-944
-948
-953
-957
-963
-969
-975
-982
-989
-994
-999
-1002
-1005
-1006
-1005
-1003
-999
-994
-989
-983
-978
-973
-969
-965
-964
-963
-963
-964
-965
-967
-972
-972
-974
-976
-978
-980
-981
-982
-985
-987
-988
-990
-992
-994
-996
-999
-1000
-1002
-1005
-1007
-1009
-1011
-1014
-1017
-1020
-1023
-1027
-1031
-1034
-1039
-1042
-1046
-1050
-1053
-1056
-1057
-1060
-1061
-1061
-1061
-1062
-1061
-1060
-1059
-1058
-1057
-1056
-1054
-1054
-1053
-1052
-1051
-1051
-1051
-1051
-1051
-1051
-1051
-1051
-1049
-1048
-1046
-1046
-1043
-1041
-1038
-1035
-1032
-1029
-1026
-1024
-1022
-1020
-1019
-1020
-1021
-1022
-1024
-1026
-1028
-1031
-1033
-1036
-1037
-1039
-1039
-1040
-1040
-1039
-1039
-1037
-1037
-1036
-1035
-1035
-1034
-1032
-1032
-1029
-1028
-1026
-1024
-1021
-1018
-1013
-1009
-1004
-999
-996
-992
-987
-984
-981
-977
-975
-973
-972
-970
-970
-969
-967
-968
-967
-968
-968
-967
-965
-964
-961
-958
-955
-952
-947
-942
-938
-934
-930
-926
-922
-919
-915
-913
-910
-906
-905
-901
-899
-895
-893
-890
-887
-883
-881
-878
-875
-873
-870
-868
-865
-862
-860
-856
-852
-848
-842
-836
-830
-822
-815
-806
-798
-789
-781
-773
-765
-758
-750
-742
-735
-728
-721
-714
-707
-699
-692
-686
-680
-675
-671
-668
-666
-666
-667
-668
-670
-672
-675
-677
-677
-678
-677
-676
-673
-671
-667
-662
-658
-653
-648
-642
-636
-628
-620
-610
-601
-590
-579
-567
-557
-546
-536
-527
-519
-512
-506
-501
-497
-493
-491
-488
-485
-483
-480
-478
-475
-473
-471
-469
-467
-466
-466
-466
-465
-465
-466
-467
-469
-470
-471
-473
-473
-475
-474
-474
-474
-473
-472
-471
-471
-470
-471
-472
-474
-476
-480
-486
-491
-497
-503
-508
-513
-518
-522
-526
-529
-531
-533
-535
-536
-538
-540
-540
-542
-543
-543
-543
-543
-542
-542
-540
-539
-536
-534
-530
-525
-520
-513
-507
-499
-491
-482
-473
-464
-454
-446
-438
-430
-421
-414
-406
-398
-391
-384
-376
-369
-361
-354
-347
-340
-333
-325
-318
-311
-302
-296
-289
-281
-276
-269
-264
-260
-256
-251
-248
-246
-244
-242
-239
-238
-235
-233
-230
-228
-225
-222
-218
-215
-212
-208
-204
-202
-199
-197
-195
-195
-193
-193
-192
-192
-191
-191
-189
-188
-187
-184
-182
-179
-177
-173
-171
-167
-165
-163
-161
-159
-158
