-941
-937
-933
-929
-925
-921
-917
-913
-910
-907
-906
-901
-897
-894
-891
-887
-885
-882
-878
-875
-872
-869
-866
-864
-862
-859
-857
-854
-851
-848
-844
-840
-834
-829
-823
-816
-808
-801
-793
-785
-778
-770
-763
-756
-749
-743
-737
-730
-724
-717
-711
-706
-700
-694
-690
-686
-684
-683
-682
-684
-687
-689
-692
-696
-700
-703
-704
-705
-706
-705
-703
-700
-697
-693
-690
-685
-680
-674
-668
-660
-652
-643
-633
-622
-612
-600
-589
-578
-568
-560
-551
-545
-539
-535
-530
-527
-523
-520
-517
-515
-512
-510
-507
-505
-502
-501
-499
-498
-497
-496
-496
-497
-497
-497
-499
-499
-501
-501
-502
-502
-502
-501
-500
-499
-498
-496
-495
-494
-494
-494
-495
-497
-500
-503
-506
-511
-515
-519
-524
-527
-530
-533
-535
-537
-539
-540
-542
-543
-544
-545
-545
-546
-546
-546
-546
-546
-545
-544
-543
-540
-537
-534
-530
-525
-519
-512
-504
-495
-486
-478
-468
-459
-450
-441
-432
-424
-416
-408
-400
-392
-384
-377
-369
-362
-354
-347
-339
-331
-324
-317
-309
-302
-295
-287
-279
-273
-267
-261
-255
-250
-246
-243
-239
-237
-234
-232
-230
-228
-226
-223
-220
-218
-214
-211
-207
-203
-199
-195
-192
-189
-188
-184
-182
-179
-179
-178
-177
-177
-176
-176
-174
-173
-171
-169
-167
-164
-161
-159
-156
-154
-151
-150
-149
-148
-147
-147
-147
-146
-146
-147
-148
-149
-151
-152
-154
-157
-159
-163
-166
-170
-174
-179
-184
-188
-191
-195
-198
-200
-202
-204
-206
-208
-210
-214
-216
-220
-223
-226
-230
-234
-237
-240
-243
-245
-246
-247
-248
-249
-250
-252
-254
-256
-260
-263
-266
-268
-272
-275
-278
-281
-285
-288
-292
-294
-298
-302
-305
-310
-313
-316
-322
-325
-330
-335
-340
-345
-349
-354
-359
-364
-369
-374
-379
-384
-388
-391
-396
-400
-404
-409
-414
-420
-425
-431
-437
-443
-450
-457
-463
-469
-475
-482
-488
-493
-499
-505
-509
-514
-518
-522
-526
-530
-533
-537
-540
-543
-547
-551
-555
-560
-566
-572
-579
-587
-594
-603
-611
-619
-627
-634
-640
-644
-650
-653
-656
-657
-658
-657
-655
-652
-647
-638
-626
-609
-586
-558
-522
-478
-427
-368
-308
-247
-191
-142
-104
-74
-50
-24
20
101
247
488
849
1349
1983
2047
2047
2047
2047
2047
2047
2047
2047
2047
2047
2047
2047
2047
2047
2047
2047
2047
2047
2047
2047
2047
2047
2047
2047
2047
2047
2047
2047
2047
2047
2047
2047
2047
2047
2047
2047
2047
2047
2047
2047
2047
2047
2047
2047
2047
2047
2047
2047
2047
2047
2047
2047
2047
2047
1621
1023
537
167
-96
-272
-386
-459
-512
-557
-604
-655
-712
-772
-833
-891
-943
-989
-1026
-1056
-1079
-1096
-1106
-1113
-1117
-1118
-1116
-1112
-1107
-1101
-1093
-1085
-1075
-1065
-1054
-1043
-1032
-1021
-1009
-999
-988
-980
-971
-964
-957
-951
-946
-941
-938
-934
-931
-929
-927
-925
-924
-922
-922
-921
-921
-922
-922
-923
-925
-927
-929
-931
-935
-938
-942
-947
-954
-959
-965
-972
-978
-984
-989
-993
-995
-996
-995
-993
-990
-986
-981
-976
-972
-969
-966
-964
-964
-965
-967
-970
-974
-977
-981
-985
-989
-992
-997
-999
-1002
-1005
-1008
-1012
-1014
-1018
-1021
-1024
-1028
-1030
-1034
-1037
-1039
-1042
-1045
-1048
-1051
-1054
-1058
-1062
-1065
-1070
-1074
-1077
-1080
-1085
-1088
-1090
-1094
-1095
-1096
-1097
-1097
-1096
-1096
-1094
-1093
-1090
-1087
-1085
-1082
-1080
-1076
-1074
-1071
-1069
-1066
-1064
-1062
-1060
-1057
-1055
-1052
-1050
-1047
-1043
-1039
-1035
-1031
-1027
-1022
-1018
-1013
-1010
-1005
-1002
-1000
-998
-997
-997
-997
-998
-1000
-1002
-1005
-1007
-1009
-1012
-1014
-1015
-1017
-1018
-1018
-1019
-1020
-1019
-1020
-1020
-1020
-1021
-1021
-1020
-1020
-1019
-1018
-1017
-1015
-1012
-1009
-1006
-1003
-1000
-998
-995
-992
-991
-990
-989
-989
-989
-989
-990
-991
-993
-994
-996
-998
-999
-1001
-1001
-1001
-1002
-1001
-1000
-998
-995
-992
-989
-985
-982
-978
-974
-970
-967
-964
-961
-958
-954
-951
-948
-945
-942
-938
-935
-931
-928
-924
-921
-917
-913
-909
-906
-902
-898
-894
-889
-885
-878
-872
-864
-858
-848
-841
-830
-821
-812
-802
-792
-782
-773
-764
-755
-746
-738
-730
-722
-714
-706
-698
-691
-683
-678
-672
-668
-666
-665
-664
-666
-668
-671
-674
-678
-680
-682
-684
-683
-683
-682
-680
-677
-675
-671
-668
-663
-659
-654
-648
-640
-633
-624
-615
-605
-594
-584
-575
-566
-557
-550
-544
-538
-534
-531
-528
-525
-523
-520
-518
-516
-513
-512
-510
-508
-506
-504
-503
-503
-502
-502
-503
-503
-504
-505
-506
-506
-506
-507
-508
-507
-506
-504
-502
-499
-498
-496
-494
-492
-491
-490
-491
-493
-495
-498
-501
-504
-509
-512
-515
-519
-521
-524
-525
-527
-528
-529
-530
-530
-531
-532
-532
-533
-532
-533
-532
-532
-531
-530
-528
-526
-523
-520
-515
-511
-504
-497
-491
-483
-475
-467
-459
-451
-443
-437
-430
-423
-417
-411
-405
-399
-393
-388
-382
-376
-370
-364
-359
-352
-347
-341
-334
-329
-323
-318
-312
-307
-301
-298
-294
-290
-287
-285
-282
-281
-280
-278
-276
-274
-271
-269
-266
-263
-260
-256
-252
-248
-245
-241
-237
-233
-230
-228
-225
-224
-222
-220
-218
-217
-215
-213
-210
-207
-204
-200
-197
-193
-189
-185
-181
-178
-174
-172
-170
-167
-165
-164
-163
-162
-160
-160
-159
-160
-159
-159
-161
-162
-163
-166
-169
-171
-174
-178
-180
-183
-185
-186
-189
-190
-191
-192
-193
-195
-197
-200
-203
-207
-211
-215
-219
-223
-226
-229
-233
-234
-236
-237
-239
-239
-241
-243
-245
-249
-253
-256
-260
-264
-268
-272
-275
-278
-282
-287
-290
-294
-298
-302
-305
-310
-314
-318
-323
-327
-330
-335
-340
-345
-350
-355
-360
-364
-370
-375
-379
-384
-388
-393
-397
-401
-406
-410
-415
-420
-425
-431
-438
-444
-450
-456
-462
-468
-474
-480
-484
-490
-495
-499
-504
-509
-512
-515
-519
-522
-526
-529
-532
-536
-540
-545
-549
-555
-561
-569
-577
-586
-595
-604
-614
-622
-630
-638
-645
-652
-656
-661
-664
-667
-669
-669
-668
-665
-659
-651
-638
-620
-596
-564
-526
-478
-425
-366
-306
-249
-198
-157
-125
-101
-79
-46
15
128
322
628
1066
1645
2047
2047
2047
2047
2047
2047
2047
2047
2047
2047
2047
2047
2047
2047
2047
2047
2047
2047
2047
2047
2047
2047
2047
2047
2047
2047
2047
2047
2047
2047
2047
2047
2047
2047
2047
2047
2047
2047
2047
2047
2047
2047
2047
2047
2047
2047
2047
2047
2047
2047
2047
2047
2047
2047
1845
1219
697
293
-1
-200
-329
-412
-469
-514
-559
-608
-662
-721
-780
-838
-892
-940
-979
-1012
-1037
-1055
-1068
-1075
-1081
-1084
-1083
-1082
-1079
-1073
-1068
-1060
-1053
-1044
-1034
-1024
-1014
-1005
-995
-986
-977
-969
-961
-953
-947
-942
-937
-932
-929
-926
-923
-921
-920
-918
-917
-915
-915
-915
-916
-917
-917
-919
-920
-922
-924
-927
-930
-934
-938
-942
-948
-954
-960
-966
-973
-979
-985
-989
-992
-993
-993
-991
-987
-984
-979
-973
-968
-964
-959
-957
-955
-954
-955
-956
-958
-961
-964
-967
-970
-973
-975
-978
-980
-982
-985
-989
-991
-995
-997
-1000
-1004
-1007
-1011
-1014
-1019
-1021
-1025
-1028
-1033
-1038
-1042
-1046
-1052
-1057
-1062
-1068
-1073
-1077
-1082
-1087
-1091
-1095
-1098
-1100
-1102
-1103
-1105
-1105
-1105
-1104
-1103
-1103
-1102
-1101
-1101
-1099
-1099
-1098
-1097
-1097
-1096
-1095
-1094
-1093
-1091
-1089
-1086
-1084
-1080
-1077
-1073
-1069
-1065
-1060
-1056
-1052
-1048
-1046
-1043
-1041
-1038
-1037
-1037
-1038
-1038
-1039
-1040
-1041
-1043
-1043
-1044
-1044
-1044
-1044
-1043
-1042
-1042
-1041
-1040
-1038
-1038
-1036
-1035
-1034
-1031
-1029
-1026
-1024
-1021
-1016
-1012
-1008
-1003
-999
-995
-991
-987
-984
-981
-979
-979
-976
-976
-975
-975
-976
-977
-978
-979
-979
-981
-981
-981
-982
-981
-980
-978
-976
-973
-970
-967
-963
-960
-956
-953
-950
-947
-946
-942
-940
-938
-935
-933
-931
-927
-925
-922
-920
-918
-915
-911
-909
-906
-903
-901
-898
-894
-890
-887
-883
-877
-870
-865
-858
-850
-841
-833
-823
-813
-804
-795
-785
-777
-768
-759
-751
-744
-735
-727
-719
-711
-703
-696
-688
-683
-678
-674
-671
-669
-670
-671
-672
-674
-676
-678
-680
-680
-681
-678
-676
-673
-670
-667
-662
-659
-653
-649
-643
-638
-630
-622
-612
-603
-591
-581
-570
-559
-550
-541
-533
-526
-520
-517
-513
-510
-510
-508
-508
-507
-506
-507
-506
-506
-505
-505
-505
-506
-506
-508
-509
-511
-513
-515
-518
-520
-523
-526
-527
-530
-531
-532
-533
-533
-532
-532
-531
-530
-530
-530
-530
-532
-534
-537
-539
-544
-548
-553
-556
-561
-564
-568
-570
-572
-573
-575
-576
-575
-576
-576
-576
-575
-575
-574
-573
-571
-570
-567
-565
-563
-559
-554
-549
-543
-537
-530
-522
-514
-503
-494
-484
-475
-466
-456
-448
-440
-432
-425
-417
-411
-404
-397
-389
-383
-376
-370
-362
-357
-350
-344
-338
-331
-325
-318
-312
-306
-301
-296
-291
-287
-283
-281
-278
-276
-274
-274
-272
-270
-268
-266
-264
-262
-260
-257
-254
-251
-247
-243
-241
-237
-234
-231
-229
-227
-225
-224
-222
-222
-219
-218
-216
-215
-212
-208
-205
-202
-198
-195
-191
-188
-184
-182
-180
-178
-176
-174
-172
-171
-170
-168
-168
-166
-165
-164
-164
-164
-164
-166
-167
-169
-172
-173
-176
-179
-181
-183
-184
-185
-186
-186
-187
-187
-188
-190
-192
-194
-195
-199
-202
-205
-209
-212
-215
-218
-220
-222
-224
-226
-228
-230
-233
-237
-240
-245
-249
-254
-260
-264
-270
-274
-279
-284
-288
-294
-299
-305
-310
-316
-322
-328
-334
-341
-347
-352
-359
-366
-372
-379
-386
-393
-399
-407
-413
-419
-425
-431
-436
-442
-448
-453
-459
-464
-470
-476
-482
-489
-496
-502
-509
-515
-521
-528
-534
-539
-544
-549
-554
-559
-562
-566
-569
-571
-574
-577
-579
-581
-583
-586
-589
-592
-596
-601
-606
-612
-619
-626
-633
-640
-647
-653
-660
-665
-669
-673
-675
-677
-678
-678
-676
-674
-669
-663
-654
-640
-622
-599
-567
-529
-484
-431
-373
-312
-253
-198
-153
-116
-90
-67
-39
10
102
265
527
915
1442
2047
2047
2047
2047
2047
2047
2047
2047
2047
2047
2047
2047
2047
2047
2047
2047
2047
2047
2047
2047
2047
2047
2047
2047
2047
2047
2047
2047
2047
2047
2047
2047
2047
2047
2047
2047
2047
2047
2047
2047
2047
2047
2047
2047
2047
2047
2047
2047
2047
2047
2047
2047
2047
2047
2047
1580
994
518
157
-97
-266
-374
-444
-495
-539
-585
-635
-690
-749
-808
-866
-917
-962
-999
-1028
-1051
-1067
-1079
-1086
-1090
-1092
-1091
-1089
-1086
-1082
-1076
-1068
-1061
-1053
-1044
-1035
-1026
-1016
-1008
-999
-992
-984
-977
-971
-967
-961
-958
-956
-952
-951
-949
-949
-949
-948
-949
-949
-950
-952
-954
-956
-959
-961
-964
-968
-971
-976
-981
-985
-991
-998
-1004
-1012
-1019
-1025
-1032
-1039
-1044
-1048
-1051
-1052
-1052
-1049
-1045
-1041
-1035
-1030
-1025
-1021
-1017
-1014
-1013
-1013
-1014
-1015
-1017
-1019
-1022
-1023
-1026
-1028
-1030
-1031
-1032
-1034
-1035
-1037
-1039
-1041
-1043
-1045
-1047
-1049
-1051
-1052
-1054
-1056
-1058
-1060
-1063
-1066
-1068
-1072
-1075
-1079
-1082
-1086
-1090
-1093
-1095
-1098
-1100
-1102
-1103
-1104
-1103
-1104
-1103
-1102
-1102
-1099
-1098
-1096
-1094
-1093
-1091
-1089
-1088
-1087
-1089
-1085
-1085
-1084
-1082
-1082
-1080
-1079
-1077
-1075
-1073
-1070
-1068
-1065
-1061
-1058
-1056
-1052
-1049
-1047
-1045
-1043
-1043
-1043
-1044
-1045
-1046
-1048
-1050
-1052
-1053
-1056
-1058
-1059
-1059
-1059
-1059
-1059
-1059
-1058
-1058
-1057
-1056
-1055
-1054
-1053
-1051
-1048
-1045
-1042
-1039
-1034
-1030
-1025
-1020
-1015
-1011
-1006
-1002
-998
-995
-992
-990
-988
-986
-984
-983
-983
-982
-983
-982
-982
-981
-981
-980
-979
-978
-975
-972
-969
-965
-961
-957
-953
-949
-946
-942
-938
-936
-933
-930
-928
-925
-924
-922
-919
-916
-915
-912
-911
-908
-907
-904
-903
-902
-901
-899
-898
-895
-894
-891
-889
-886
-882
-876
-870
-865
-858
-852
-844
-837
-830
-823
-815
-809
-802
-795
-789
-782
-776
-770
-763
-756
-749
-744
-738
-734
-728
-726
-723
-723
-724
-725
-727
-730
-733
-735
-738
-738
-738
-737
-735
-731
-727
-722
-718
-713
-706
-698
-689
-681
-672
-661
-649
-638
-625
-613
-601
-590
-579
-569
-560
-553
-546
-541
-536
-533
-530
-527
-525
-522
-520
-519
-517
-515
-513
-512
-510
-510
-510
-509
-510
-511
-511
-513
-514
-515
-516
-517
-518
-519
-520
-519
-519
-519
-518
-515
-515
-514
-514
-514
-514
-516
-518
-523
-527
-531
-535
-540
-543
-548
-552
-555
-558
-560
-562
-564
-565
-566
-567
-567
-568
-568
-568
-567
-567
-566
-565
-563
-561
-559
-557
-552
-548
-542
-536
-528
-521
-511
-502
-493
-482
-473
-463
-454
-444
-435
-426
-418
-410
-402
-393
-386
-378
-371
-363
-355
-348
-340
-332
-324
-317
-309
-301
-294
-286
-279
-273
-267
-260
-256
-251
-248
-245
-242
-240
-238
-235
-234
-232
-230
-226
-225
-222
-219
-215
-212
-208
-204
-201
-199
-197
-194
-193
-192
-191
-191
-192
-192
-193
-193
-193
-194
-193
-192
-191
-189
-187
-185
-183
-181
-180
-179
-178
-177
-176
-177
-176
-176
-176
-176
-177
-178
-178
-179
-181
-182
-185
-188
-191
-194
-198
-201
-206
-209
-213
-215
-217
-220
-221
-223
-224
-225
-227
-228
-231
-233
-236
-239
-240
-244
-247
-249
-250
-252
-252
-253
-253
-253
-253
-253
-254
-256
-258
-261
-263
-266
-269
-272
-276
-278
-282
-286
-289
-293
-297
-301
-305
-309
-314
-319
-323
-328
-332
-337
-341
-346
-351
-357
-363
-368
-373
-379
-384
-390
-395
-399
-405
-410
-415
-420
-425
-432
-437
-444
-450
-457
-465
-472
-478
-485
-492
-499
-505
-510
-516
-522
-527
-531
-536
-540
-544
-547
-550
-553
-555
-558
-562
-564
-568
-571
-575
-582
-587
-593
-601
-608
-615
-623
-630
-637
-643
-648
-653
-657
-659
-661
-662
-662
-661
-658
-654
-647
-638
-624
-606
-581
-550
-511
-465
-412
-354
-293
-233
-179
-134
-98
-71
-48
-20
32
128
295
565
963
1500
2047
2047
2047
2047
2047
2047
2047
2047
2047
2047
2047
2047
2047
2047
2047
2047
2047
2047
2047
2047
2047
2047
2047
2047
2047
2047
2047
2047
2047
2047
2047
2047
2047
2047
2047
2047
2047
2047
2047
2047
2047
2047
2047
2047
2047
2047
2047
2047
2047
2047
2047
2047
2047
2047
2047
1396
832
383
48
-184
-337
-433
-497
-545
-588
-634
-685
-741
-800
-858
-913
-963
-1005
-1040
-1066
-1086
-1101
-1110
-1115
-1117
-1116
-1114
-1110
-1104
-1098
-1090
-1080
-1071
-1060
-1050
-1039
-1028
-1017
-1006
-997
-988
-978
-971
-963
-958
-952
-947
-943
-939
-937
-934
-932
-931
-930
-929
-928
-928
-928
-930
-931
-933
-935
-938
-941
-944
-948
-953
-957
-963
-969
-977
-984
-991
-999
-1005
-1012
-1018
-1022
-1025
-1026
-1027
-1024
-1022
-1018
-1014
-1009
-1004
-1000
-998
-997
-997
-997
-999
-1002
-1005
-1009
-1012
-1016
-1019
-1022
-1025
-1027
-1029
-1031
-1033
-1036
-1038
-1040
-1042
-1044
-1045
-1048
-1049
-1051
-1053
-1055
-1056
-1059
-1060
-1063
-1065
-1068
-1071
-1073
-1077
-1079
-1083
-1085
-1087
-1090
-1091
-1092
-1093
-1094
-1093
-1093
-1091
-1090
-1088
-1087
-1083
-1081
-1079
-1076
-1074
-1072
-1069
-1068
-1066
-1065
-1063
-1062
-1060
-1059
-1057
-1056
-1053
-1051
-1049
-1045
-1043
-1040
-1036
-1034
-1031
-1029
-1027
-1025
-1024
-1024
-1025
-1027
-1028
-1031
-1034
-1038
-1041
-1044
-1048
-1051
-1054
-1056
-1059
-1060
-1061
-1062
-1063
-1064
-1066
-1066
-1067
-1067
-1067
-1067
-1067
-1065
-1063
-1062
-1059
-1056
-1053
-1049
-1046
-1042
-1039
-1036
-1034
-1030
-1029
-1027
-1025
-1025
-1024
-1024
-1024
-1024
-1025
-1025
-1026
-1026
-1026
-1025
-1024
-1023
-1021
-1018
-1014
-1011
-1006
-1000
-996
-991
-985
-981
-976
-971
-967
-962
-958
-954
-950
-947
-942
-939
-933
-930
-925
-923
-918
-913
-910
-905
-902
-898
-894
-891
-888
-884
-880
-875
-870
-865
-859
-853
-847
-839
-832
-825
-816
-808
-800
-792
-785
-778
-770
-762
-754
-747
-739
-732
-726
-718
-712
-707
-702
-699
-696
-695
-695
-697
-699
-701
-704
-707
-709
-711
-712
-712
-711
-709
-706
-704
-700
-697
-692
-688
-683
-678
-671
-663
-655
-645
-635
-624
-613
-603
-592
-581
-572
-564
-557
-550
-546
-541
-536
-533
-530
-527
-523
-521
-517
-515
-512
-510
-507
-505
-503
-502
-501
-500
-499
-500
-500
-500
-501
-502
-502
-503
-503
-502
-502
-501
-500
-498
-496
-494
-493
-492
-492
-492
-493
-495
-498
-502
-506
-510
-515
-519
-523
-527
-530
-532
-535
-537
-540
-541
-543
-544
-545
-546
-547
-548
-549
-550
-550
-550
-550
-549
-548
-547
-544
-541
-537
-533
-527
-521
-514
-506
-499
-491
-483
-475
-468
-463
-454
-446
-440
-434
-427
-421
-415
-409
-403
-397
-391
-384
-378
-372
-365
-358
-352
-345
-338
-332
-327
-320
-315
-310
-306
-303
-300
-298
-296
-294
-291
-289
-286
-284
-281
-277
-273
-269
-264
-259
-255
-249
-245
-239
-235
-231
-227
-223
-220
-218
-216
-214
-212
-210
-207
-204
-201
-199
-195
-191
-186
-182
-179
-175
-171
-168
-166
-164
-161
-161
-159
-158
-157
-157
-157
-156
-158
-158
-158
-158
-161
-162
-165
-167
-171
-174
-179
-182
-186
-189
-192
-194
-196
-198
-200
-202
-203
-205
-207
-209
-213
-215
-219
-223
-226
-230
-233
-236
-239
-241
-242
-243
-244
-245
-247
-248
-250
-253
-256
-259
-263
-266
-269
-272
-276
-279
-282
-285
-288
-293
-295
-299
-303
-305
-310
-314
-318
-322
-326
-330
-334
-339
-343
-349
-353
-358
-363
-368
-372
-381
-381
-385
-389
-394
-398
-403
-409
-414
-419
-426
-432
-439
-446
-452
-459
-466
-472
-479
-486
-491
-498
-504
-508
-515
-520
-525
-530
-534
-539
-543
-548
-553
-558
-562
-568
-575
-582
-590
-599
-608
-616
-626
-636
-644
-653
-660
-667
-674
-678
-683
-686
-688
-690
-690
-688
-686
-680
-671
-658
-642
-619
-589
-551
-505
-452
-394
-334
-275
-222
-177
-142
-117
-93
-64
-11
89
263
542
950
1498
2047
2047
2047
2047
2047
2047
2047
2047
2047
2047
2047
2047
2047
2047
2047
2047
2047
2047
2047
2047
2047
2047
2047
2047
2047
2047
2047
2047
2047
2047
2047
2047
2047
2047
2047
2047
2047
2047
2047
2047
2047
2047
2047
2047
2047
2047
2047
2047
2047
2047
2047
2047
2047
2047
2042
1389
835
395
67
-159
-309
-404
-467
-516
-559
-606
-658
-714
-773
-831
-888
-937
-980
-1015
-1042
-1062
-1076
-1086
-1092
-1095
-1095
-1094
-1091
-1086
-1081
-1074
-1066
-1056
-1048
-1038
-1028
-1018
-1007
-998
-989
-979
-971
-964
-956
-950
-944
-939
-935
-932
-928
-926
-923
-921
-920
-920
-918
-917
-918
-919
-920
-921
-923
-925
-928
-931
-935
-938
-943
-947
-953
-958
-964
-970
-976
-982
-988
-993
-997
-1000
-1000
-999
-997
-994
-990
-986
-981
-977
-974
-971
-969
-969
-970
-972
-975
-978
-982
-986
-990
-993
-997
-1000
-1003
-1007
-1010
-1013
-1016
-1019
-1023
-1026
-1031
-1033
-1037
-1040
-1043
-1047
-1050
-1054
-1058
-1062
-1066
-1070
-1074
-1078
-1084
-1088
-1093
-1098
-1102
-1105
-1108
-1112
-1113
-1115
-1117
-1118
-1117
-1116
-1115
-1114
-1112
-1110
-1107
-1105
-1103
-1100
-1098
-1096
-1094
-1091
-1089
-1087
-1085
-1083
-1080
-1077
-1074
-1071
-1066
-1062
-1058
-1053
-1048
-1043
-1038
-1034
-1030
-1026
-1022
-1019
-1017
-1016
-1015
-1015
-1016
-1017
-1019
-1021
-1022
-1023
-1026
-1027
-1028
-1029
-1029
-1029
-1030
-1030
-1031
-1031
-1031
-1030
-1030
-1029
-1029
-1029
-1026
-1024
-1022
-1020
-1016
-1013
-1009
-1006
-1002
-999
-996
-993
-991
-989
-987
-986
-985
-986
-986
-987
-987
-988
-988
-990
-990
-990
-991
-990
-990
-988
-987
-984
-982
-978
-975
-971
-967
-962
-958
-954
-950
-946
-942
-937
-933
-929
-925
-920
-916
-912
-907
-903
-898
-894
-889
-886
-881
-877
-872
-869
-864
-860
-854
-850
-844
-838
-831
-823
-815
-807
-798
-789
-780
-771
-762
-753
-744
-737
-729
-721
-713
-705
-698
-691
-683
-677
-669
-663
-658
-654
-650
-648
-646
-646
-648
-650
-654
-657
-660
-663
-666
-668
-668
-669
-667
-665
-663
-661
-659
-655
-651
-647
-642
-635
-629
-621
-613
-604
-594
-584
-574
-564
-555
-547
-539
-533
-528
-523
-521
-518
-516
-514
-512
-511
-509
-509
-507
-506
-505
-504
-504
-504
-504
-503
-505
-506
-507
-508
-510
-511
-513
-514
-515
-515
-516
-516
-515
-514
-513
-511
-510
-508
-507
-507
-507
-508
-509
-512
-515
-518
-522
-526
-529
-533
-535
-537
-539
-541
-542
-542
-543
-543
-545
-544
-543
-543
-543
-542
-541
-540
-539
-536
-534
-532
-529
-525
-521
-516
-509
-503
-496
-489
-480
-471
-462
-453
-445
-436
-427
-419
-410
-403
-395
-389
-381
-374
-368
-361
-355
-348
-342
-335
-330
-324
-318
-311
-304
-299
-292
-287
-281
-277
-272
-268
-265
-263
-260
-259
-258
-256
-255
-253
-251
-250
-248
-245
-242
-238
-234
-230
-226
-222
-217
-213
-210
-206
-203
-199
-197
-194
-193
-191
-189
-187
-184
-181
-178
-175
-171
-167
-162
-158
-154
-150
-147
-143
-140
-138
-135
-134
-132
-131
-129
-129
-127
-126
-126
-126
-127
-127
-128
-129
-132
-134
-136
-139
-142
-145
-148
-150
-153
-155
-156
-157
-159
-161
-163
-165
-168
-172
-176
-180
-185
-190
-194
-199
-202
-207
-209
-213
-215
-218
-221
-224
-227
-230
-237
-240
-245
-250
-256
-261
-266
-271
-276
-281
-285
-291
-296
-301
-306
-311
-317
-322
-327
-333
-338
-344
-349
-354
-360
-366
-372
-377
-383
-389
-394
-400
-405
-410
-413
-418
-423
-428
-433
-438
-443
-448
-455
-461
-466
-472
-478
-484
-490
-495
-500
-505
-510
-514
-517
-521
-524
-528
-531
-534
-536
-539
-540
-544
-546
-548
-551
-556
-560
-566
-572
-578
-585
-593
-601
-608
-616
-623
-629
-635
-640
-644
-647
-649
-651
-651
-651
-648
-644
-638
-628
-615
-595
-571
-540
-500
-454
-400
-341
-281
-223
-169
-124
-90
-64
-42
-12
43
144
321
602
1010
1558
2047
2047
2047
2047
2047
2047
2047
2047
2047
2047
2047
2047
2047
2047
2047
2047
2047
2047
2047
2047
2047
2047
2047
2047
2047
2047
2047
2047
2047
2047
2047
2047
2047
2047
2047
2047
2047
2047
2047
2047
2047
2047
2047
2047
2047
2047
2047
2047
2047
2047
2047
2047
2047
2047
2047
1480
913
459
119
-118
-274
-374
-439
-487
-532
-579
-631
-687
-747
-805
-862
-913
-956
-992
-1019
-1040
-1055
-1065
-1072
-1076
-1077
-1075
-1073
-1069
-1064
-1058
-1051
-1042
-1033
-1024
-1016
-1007
-996
-988
-979
-971
-963
-957
-951
-947
-942
-938
-936
-935
-932
-932
-931
-930
-930
-932
-932
-933
-934
-936
-938
-940
-944
-946
-948
-951
-955
-959
-964
-969
-974
-980
-987
-994
-1001
-1007
-1013
-1017
-1021
-1024
-1024
-1023
-1020
-1016
-1011
-1006
-1001
-996
-992
-988
-986
-986
-986
-987
-989
-991
-994
-998
-1001
-1003
-1005
-1009
-1010
-1012
-1013
-1015
-1017
-1020
-1022
-1025
-1027
-1030
-1032
-1035
-1036
-1039
-1041
-1044
-1047
-1049
-1053
-1056
-1060
-1064
-1068
-1072
-1075
-1079
-1083
-1086
-1088
-1091
-1092
-1095
-1095
-1096
-1096
-1095
-1094
-1093
-1091
-1090
-1087
-1085
-1083
-1081
-1080
-1078
-1076
-1075
-1073
-1071
-1070
-1068
-1067
-1065
-1063
-1060
-1057
-1054
-1051
-1048
-1044
-1040
-1037
-1032
-1029
-1026
-1023
-1020
-1018
-1017
-1017
-1018
-1019
-1019
-1021
-1024
-1025
-1027
-1029
-1030
-1031
-1032
-1032
-1032
-1032
-1031
-1032
-1032
-1031
-1031
-1030
-1029
-1029
-1027
-1025
-1023
-1020
-1017
-1014
-1009
-1005
-1000
-996
-991
-988
-984
-982
-979
-977
-976
-975
-977
-978
-979
-981
-982
-984
-986
-989
-990
-992
-992
-992
-991
-989
-986
-983
-980
-975
-971
-966
-961
-956
-952
-949
-945
-942
-939
-935
-932
-929
-927
-924
-922
-919
-918
-915
-913
-911
-910
-908
-907
-905
-903
-902
-901
-897
-895
-891
-887
-883
-877
-870
-864
-856
-847
-839
-831
-822
-814
-805
-798
-790
-782
-774
-767
-759
-752
-744
-736
-730
-722
-716
-711
-707
-704
-702
-702
-703
-704
-707
-709
-711
-713
-715
-715
-714
-712
-710
-707
-703
-698
-694
-690
-684
-678
-672
-664
-656
-648
-636
-626
-615
-604
-593
-582
-572
-563
-555
-548
-542
-537
-534
-529
-527
-525
-523
-520
-519
-517
-516
-514
-512
-511
-509
-509
-509
-510
-509
-511
-512
-513
-514
-516
-518
-519
-521
-523
-523
-524
-523
-523
-522
-521
-520
-519
-519
-519
-521
-521
-524
-527
-530
-534
-539
-543
-546
-550
-552
-554
-556
-558
-558
-560
-559
-561
-562
-562
-562
-563
-562
-562
-561
-560
-559
-557
-554
-551
-547
-543
-537
-530
-523
-514
-506
-496
-485
-474
-464
-453
-443
-433
-423
-413
-404
-396
-388
-380
-371
-364
-357
-349
-342
-335
-328
-321
-314
-307
-300
-294
-288
-281
-275
-268
-264
-258
-255
-251
-247
-245
-243
-242
-241
-239
-239
-239
-237
-237
-236
-234
-233
-231
-230
-227
-225
-223
-221
-220
-218
-217
-216
-216
-216
-217
-217
-219
-219
-219
-219
-218
-217
-216
-214
-211
-209
-205
-202
-200
-198
-196
-192
-190
-189
-188
-187
-185
-184
-184
-183
-182
-183
-182
-182
-183
-184
-185
-188
-189
-191
-194
-195
-198
-200
-202
-203
-204
-205
-205
-206
-206
-207
-207
-209
-211
-212
-216
-218
-220
-223
-226
-227
-229
-230
-230
-232
-232
-233
-235
-236
-238
-241
-244
-249
-252
-256
-260
-264
-268
-272
-277
-282
-286
-291
-295
-301
-305
-310
-316
-321
-327
-332
-338
-343
-349
-355
-361
-367
-373
-379
-385
-390
-396
-401
-406
-411
-416
-421
-425
-431
-437
-443
-449
-454
-462
-468
-474
-481
-487
-492
-499
-504
-509
-515
-520
-524
-528
-531
-535
-539
-542
-544
-547
-549
-552
-555
-557
-560
-563
-568
-573
-578
-584
-590
-598
-605
-612
-619
-625
-632
-637
-642
-646
-648
-650
-652
-652
-651
-648
-644
-639
-629
-616
-599
-575
-545
-507
-461
-409
-350
-290
-232
-179
-133
-98
-72
-50
-21
29
125
293
563
960
1496
2047
2047
2047
2047
2047
2047
2047
2047
2047
2047
2047
2047
2047
2047
2047
2047
2047
2047
2047
2047
2047
2047
2047
2047
2047
2047
2047
2047
2047
2047
2047
2047
2047
2047
2047
2047
2047
2047
2047
2047
2047
2047
2047
2047
2047
2047
2047
2047
2047
2047
2047
2047
2047
2047
2047
1399
837
389
57
-175
-327
-423
-486
-533
-576
-621
-672
-726
-784
-842
-896
-946
-989
-1022
-1049
-1069
-1082
-1091
-1096
-1098
-1098
-1095
-1090
-1084
-1078
-1070
-1061
-1050
-1040
-1029
-1018
-1006
-997
-986
-976
-966
-957
-950
-943
-936
-931
-926
-922
-918
-916
-913
-911
-910
-909
-909
-909
-910
-910
-912
-914
-917
-920
-922
-926
-929
-934
-939
-944
-950
-956
-964
-971
-979
-987
-995
-1001
-1006
-1011
-1015
-1017
-1016
-1014
-1012
-1007
-1003
-999
-994
-990
-987
-986
-985
-986
-988
-990
-992
-995
-998
-1002
-1004
-1007
-1008
-1011
-1013
-1014
-1016
-1018
-1020
-1022
-1024
-1027
-1029
-1031
-1032
-1034
-1036
-1039
-1041
-1042
-1044
-1046
-1050
-1052
-1056
-1059
-1062
-1065
-1068
-1071
-1074
-1076
-1078
-1079
-1080
-1081
-1081
-1081
-1079
-1078
-1076
-1075
-1073
-1071
-1068
-1067
-1065
-1063
-1061
-1060
-1058
-1057
-1056
-1055
-1055
-1053
-1052
-1051
-1049
-1046
-1044
-1040
-1038
-1035
-1031
-1028
-1025
-1022
-1019
-1018
-1016
-1016
-1016
-1017
-1018
-1019
-1022
-1025
-1028
-1031
-1033
-1036
-1038
-1040
-1042
-1044
-1045
-1046
-1047
-1047
-1049
-1050
-1049
-1049
-1049
-1048
-1048
-1046
-1044
-1041
-1038
-1034
-1031
-1026
-1023
-1018
-1014
-1011
-1008
-1005
-1003
-1001
-999
-997
-997
-997
-996
-996
-997
-996
-996
-997
-996
-995
-995
-993
-992
-989
-986
-983
-978
-974
-970
-965
-960
-956
-952
-947
-943
-940
-937
-933
-929
-926
-922
-919
-915
-911
-907
-903
-900
-896
-892
-890
-885
-882
-878
-876
-872
-868
-864
-859
-854
-848
-841
-834
-826
-818
-809
-801
-793
-784
-776
-768
-760
-752
-745
-738
-731
-724
-717
-710
-704
-697
-691
-685
-681
-677
-675
-674
-674
-675
-677
-680
-683
-686
-689
-690
-691
-692
-691
-689
-686
-683
-679
-675
-671
-666
-660
-654
-646
-639
-629
-620
-609
-598
-587
-575
-565
-555
-544
-536
-528
-522
-517
-512
-508
-505
-502
-499
-496
-494
-491
-489
-486
-484
-482
-480
-478
-477
-476
-476
-475
-476
-476
-478
-479
-480
-481
-482
-483
-483
-484
-484
-483
-482
-481
-480
-480
-480
-481
-481
-484
-486
-490
-494
-499
-505
-510
-515
-520
-525
-529
-533
-537
-539
-541
-543
-546
-548
-550
-551
-552
-553
-555
-555
-555
-555
-555
-554
-553
-550
-548
-544
-539
-535
-528
-522
-514
-507
-498
-490
-481
-473
-465
-458
-449
-442
-434
-427
-420
-413
-406
-398
-391
-383
-376
-369
-362
-354
-346
-338
-330
-322
-314
-306
-299
-292
-286
-280
-275
-269
-266
-262
-259
-256
-253
-250
-248
-246
-243
-240
-237
-234
-230
-226
-223
-218
-214
-210
-206
-203
-200
-198
-195
-194
-193
-192
-191
-189
-188
-187
-186
-183
-181
-179
-174
-172
-169
-166
-163
-161
-159
-158
-157
-155
-155
-155
-155
-155
-155
-156
-156
-157
-158
-159
-161
-163
-166
-168
-171
-174
-177
-180
-183
-185
-187
-189
-191
-190
-190
-191
-192
-192
-192
-194
-195
-197
-200
-202
-205
-207
-210
-211
-213
-213
-214
-214
-215
-215
-216
-217
-219
-221
-223
-227
-229
-233
-235
-239
-242
-246
-249
-253
-256
-260
-265
-269
-274
-278
-283
-287
-293
-297
-302
-307
-313
-317
-324
-330
-336
-342
-348
-354
-361
-367
-373
-379
-384
-390
-396
-401
-409
-415
-422
-429
-437
-445
-453
-460
-468
-475
-483
-490
-497
-504
-510
-516
-522
-528
-533
-538
-542
-548
-551
-555
-560
-564
-568
-572
-578
-583
-590
-597
-605
-612
-621
-630
-638
-646
-653
-661
-666
-672
-676
-679
-682
-683
-684
-682
-680
-676
-669
-660
-646
-627
-603
-571
-532
-484
-431
-372
-310
-251
-197
-151
-116
-89
-66
-35
20
123
301
586
999
1554
2047
2047
2047
2047
2047
2047
2047
2047
2047
2047
2047
2047
2047
2047
2047
2047
2047
2047
2047
2047
2047
2047
2047
2047
2047
2047
2047
2047
2047
2047
2047
2047
2047
2047
2047
2047
2047
2047
2047
2047
2047
2047
2047
2047
2047
2047
2047
2047
2047
2047
2047
2047
2047
2047
2047
1412
854
410
79
-150
-302
-399
-462
-511
-555
-601
-652
-709
-768
-826
-881
-931
-975
-1009
-1037
-1057
-1072
-1082
-1087
-1090
-1090
-1088
-1085
-1079
-1073
-1066
-1057
-1048
-1038
-1027
-1016
-1005
-994
-984
-972
-963
-954
-946
-938
-932
-925
-920
-915
-912
-909
-906
-904
-902
-901
-900
-900
-899
-899
-901
-902
-903
-905
-908
-911
-914
-918
-922
-928
-932
-938
-945
-952
-960
-967
-974
-981
-986
-990
-994
-995
-995
-994
-991
-988
-984
-980
-977
-975
-973
-972
-973
-975
-978
-982
-986
-990
-995
-999
-1004
-1007
-1012
-1016
-1019
-1023
-1026
-1030
-1033
-1037
-1041
-1044
-1049
-1052
-1055
-1059
-1062
-1065
-1069
-1071
-1076
-1080
-1083
-1087
-1091
-1095
-1099
-1103
-1107
-1110
-1114
-1117
-1118
-1120
-1120
-1121
-1121
-1121
-1119
-1118
-1116
-1113
-1111
-1108
-1106
-1103
-1099
-1096
-1094
-1092
-1089
-1088
-1085
-1084
-1081
-1079
-1076
-1073
-1070
-1065
-1061
-1056
-1050
-1045
-1038
-1033
-1028
-1023
-1019
-1016
-1012
-1010
-1009
-1008
-1010
-1011
-1013
-1014
-1016
-1017
-1019
-1021
-1023
-1024
-1024
-1025
-1025
-1025
-1025
-1027
-1028
-1028
-1029
-1030
-1031
-1031
-1031
-1030
-1030
-1028
-1027
-1024
-1021
-1018
-1016
-1012
-1009
-1007
-1005
-1003
-1001
-999
-999
-998
-998
-999
-1000
-1000
-1001
-1002
-1003
-1003
-1004
-1004
-1005
-1004
-1003
-1001
-998
-995
-992
-987
-983
-978
-973
-969
-963
-958
-955
-950
-946
-941
-938
-934
-928
-925
-920
-915
-911
-906
-901
-897
-892
-888
-884
-879
-876
-871
-867
-863
-858
-853
-847
-841
-834
-827
-818
-810
-801
-794
-784
-775
-767
-759
-751
-743
-736
-729
-722
-714
-707
-700
-694
-687
-681
-676
-672
-669
-666
-665
-665
-668
-670
-674
-678
-682
-684
-687
-689
-691
-691
-691
-690
-688
-686
-684
-681
-678
-675
-669
-664
-658
-651
-643
-633
-624
-614
-604
-595
-586
-578
-571
-564
-559
-555
-552
-549
-547
-545
-542
-540
-539
-535
-535
-532
-530
-528
-526
-525
-523
-523
-522
-521
-522
-522
-522
-522
-521
-522
-521
-521
-520
-518
-516
-514
-512
-510
-507
-505
-503
-503
-503
-502
-505
-506
-510
-513
-517
-521
-524
-527
-530
-532
-535
-537
-537
-538
-539
-541
-542
-543
-543
-543
-543
-543
-544
-543
-543
-542
-541
-539
-537
-534
-530
-526
-521
-514
-508
-500
-493
-485
-477
-468
-461
-453
-445
-438
-431
-424
-418
-411
-404
-398
-391
-385
-378
-371
-365
-358
-351
-344
-337
-330
-323
-316
-309
-301
-295
-288
-282
-277
-272
-268
-264
-261
-258
-255
-252
-249
-246
-242
-239
-235
-232
-227
-222
-218
-212
-208
-203
-198
-194
-190
-187
-185
-183
-180
-179
-177
-176
-174
-172
-170
-167
-164
-161
-157
-153
-150
-146
-143
-140
-137
-136
-134
-133
-132
-131
-131
-131
-131
-131
-132
-132
-134
-136
-138
-140
-143
-146
-150
-153
-158
-163
-167
-171
-176
-179
-182
-185
-187
-190
-193
-196
-199
-202
-206
-211
-215
-219
-224
-228
-232
-235
-239
-241
-243
-245
-246
-248
-249
-251
-254
-258
-261
-265
-269
-273
-277
-281
-285
-289
-293
-296
-301
-304
-309
-314
-317
-322
-326
-330
-335
-339
-344
-348
-353
-357
-362
-366
-372
-376
-381
-386
-390
-394
-399
-403
-407
-411
-414
-419
-423
-429
-435
-441
-446
-452
-458
-464
-470
-476
-482
-488
-493
-499
-503
-508
-513
-516
-521
-524
-527
-531
-535
-538
-540
-544
-547
-550
-555
-560
-565
-572
-579
-587
-595
-602
-611
-619
-626
-633
-639
-644
-648
-652
-654
-655
-656
-656
-653
-650
-644
-635
-623
-606
-583
-554
-516
-471
-420
-362
-301
-242
-187
-139
-103
-75
-52
-24
23
111
267
519
895
1410
2047
2047
2047
2047
2047
2047
2047
2047
2047
2047
2047
2047
2047
2047
2047
2047
2047
2047
2047
2047
2047
2047
2047
2047
2047
2047
2047
2047
2047
2047
2047
2047
2047
2047
2047
2047
2047
2047
2047
2047
2047
2047
2047
2047
2047
2047
2047
2047
2047
2047
2047
2047
2047
2047
2047
1605
1015
536
173
-83
-254
-363
-435
-487
-533
-580
-631
-689
-748
-809
-866
-919
-965
-1003
-1032
-1056
-1072
-1084
-1092
-1097
-1098
-1098
-1095
-1092
-1087
-1081
-1074
-1066
-1057
-1048
-1039
-1028
-1018
-1009
-999
-989
-981
-973
-967
-959
-954
-949
-944
-941
-938
-934
-931
-929
-927
-925
-924
-924
-922
-922
-924
-924
-925
-926
-928
-930
-932
-936
-939
-943
-948
-953
-958
-964
-970
-976
-981
-985
-988
-990
-990
-988
-984
-980
-976
-970
-965
-960
-956
-953
-951
-950
-951
-952
-954
-957
-960
-964
-968
-971
-975
-978
-981
-984
-987
-990
-994
-997
-1000
-1004
-1008
-1011
-1015
-1018
-1021
-1025
-1029
-1032
-1035
-1038
-1042
-1046
-1051
-1055
-1057
-1061
-1064
-1068
-1072
-1075
-1079
-1082
-1084
-1086
-1088
-1090
-1091
-1093
-1094
-1094
-1093
-1092
-1089
-1087
-1085
-1082
-1080
-1076
-1074
-1071
-1069
-1066
-1063
-1061
-1058
-1056
-1052
-1049
-1045
-1041
-1036
-1032
-1025
-1020
-1014
-1008
-1003
-998
-995
-991
-988
-987
-987
-986
-987
-989
-990
-992
-994
-996
-998
-999
-1000
-1000
-1000
-1001
-1001
-1001
-1000
-1000
-1000
-999
-999
-998
-998
-996
-995
-994
-992
-990
-987
-984
-981
-976
-974
-971
-967
-964
-963
-962
-961
-961
-960
-961
-962
-964
-965
-968
-970
-971
-973
-974
-976
-977
-977
-978
-977
-976
-974
-971
-969
-965
-961
-958
-955
-952
-951
-946
-944
-941
-939
-937
-934
-932
-929
-927
-924
-922
-918
-915
-913
-910
-907
-905
-901
-899
-896
-893
-889
-885
-881
-875
-869
-862
-854
-846
-838
-828
-819
-810
-801
-792
-783
-774
-765
-757
-749
-741
-732
-725
-716
-708
-701
-693
-687
-681
-676
-673
-671
-670
-670
-671
-673
-676
-677
-679
-681
-682
-680
-679
-677
-674
-670
-667
-662
-658
-653
-648
-643
-636
-628
-620
-611
-600
-591
-580
-569
-559
-551
-541
-535
-529
-524
-519
-517
-514
-512
-511
-509
-508
-507
-506
-504
-504
-503
-502
-503
-501
-502
-503
-503
-504
-506
-506
-509
-510
-512
-513
-514
-515
-515
-515
-514
-513
-512
-510
-508
-506
-505
-504
-504
-505
-506
-509
-511
-514
-518
-521
-524
-528
-530
-532
-534
-535
-536
-536
-536
-537
-537
-537
-536
-535
-535
-533
-532
-530
-528
-526
-523
-521
-517
-513
-508
-503
-496
-489
-481
-473
-464
-455
-445
-436
-428
-419
-411
-404
-397
-390
-383
-377
-371
-365
-359
-354
-348
-342
-336
-330
-325
-319
-314
-308
-303
-297
-292
-287
-283
-279
-275
-272
-270
-268
-266
-265
-265
-263
-263
-263
-262
-261
-259
-258
-255
-253
-250
-247
-244
-240
-237
-234
-231
-228
-226
-224
-222
-221
-219
-219
-218
-216
-214
-212
-210
-207
-203
-200
-195
-192
-188
-185
-181
-178
-176
-173
-171
-170
-168
-167
-166
-165
-163
-163
-162
-163
-162
-163
-164
-165
-168
-170
-171
-174
-178
-180
-182
-185
-186
-188
-189
-189
-189
-191
-192
-194
-196
-198
-202
-205
-208
-212
-215
-218
-221
-224
-226
-227
-229
-231
-233
-235
-237
-239
-243
-247
-251
-254
-258
-262
-266
-270
-274
-278
-283
-286
-291
-295
-301
-305
-310
-315
-319
-324
-328
-334
-339
-343
-349
-353
-358
-364
-369
-374
-379
-383
-388
-393
-397
-402
-405
-410
-415
-420
-425
-431
-436
-442
-448
-453
-460
-466
-473
-478
-483
-488
-493
-499
-503
-507
-511
-514
-518
-521
-525
-527
-530
-533
-536
-539
-542
-548
-551
-557
-564
-570
-578
-587
-595
-602
-610
-618
-624
-631
-637
-640
-645
-648
-649
-650
-650
-648
-645
-640
-631
-619
-602
-579
-549
-512
-466
-415
-356
-297
-237
-184
-140
-104
-78
-56
-28
22
117
284
553
950
1486
2047
2047
2047
2047
2047
2047
2047
2047
2047
2047
2047
2047
2047
2047
2047
2047
2047
2047
2047
2047
2047
2047
2047
2047
2047
2047
2047
2047
2047
2047
2047
2047
2047
2047
2047
2047
2047
2047
2047
2047
2047
2047
2047
2047
2047
2047
2047
2047
2047
2047
2047
2047
2047
2047
2047
1418
859
412
81
-150
-301
-396
-460
-507
-551
-596
-648
-703
-761
-820
-875
-924
-966
-1001
-1027
-1047
-1061
-1070
-1075
-1078
-1078
-1075
-1073
-1069
-1062
-1055
-1047
-1038
-1029
-1020
-1009
-999
-990
-980
-971
-962
-955
-948
-942
-937
-932
-928
-925
-923
-920
-919
-918
-917
-917
-916
-916
-916
-917
-919
-920
-922
-924
-926
-929
-932
-935
-939
-943
-947
-953
-960
-966
-972
-979
-985
-991
-995
-999
-1002
-1002
-1001
-998
-994
-989
-984
-978
-973
-968
-965
-963
-962
-961
-962
-963
-965
-967
-970
-973
-975
-978
-980
-983
-984
-987
-988
-990
-993
-996
-998
-1000
-1002
-1004
-1005
-1008
-1009
-1011
-1013
-1015
-1017
-1020
-1022
-1026
-1030
-1034
-1038
-1042
-1047
-1051
-1056
-1060
-1063
-1067
-1070
-1072
-1074
-1076
-1077
-1078
-1078
-1079
-1079
-1078
-1078
-1078
-1078
-1077
-1077
-1077
-1077
-1076
-1077
-1077
-1076
-1076
-1075
-1073
-1072
-1070
-1067
-1065
-1062
-1059
-1057
-1053
-1050
-1048
-1045
-1043
-1041
-1040
-1039
-1040
-1040
-1041
-1042
-1043
-1046
-1047
-1048
-1049
-1050
-1049
-1049
-1049
-1048
-1047
-1046
-1044
-1043
-1042
-1040
-1038
-1036
-1033
-1032
-1028
-1025
-1021
-1017
-1013
-1008
-1003
-998
-993
-989
-985
-981
-978
-975
-972
-971
-970
-968
-968
-968
-968
-969
-970
-970
-970
-971
-971
-970
-970
-968
-967
-964
-961
-958
-955
-951
-947
-944
-940
-937
-934
-931
-929
-927
-924
-922
-920
-918
-916
-914
-911
-909
-907
-904
-902
-900
-897
-895
-893
-891
-888
-886
-883
-879
-874
-869
-864
-857
-850
-843
-835
-826
-818
-809
-801
-792
-784
-776
-767
-759
-751
-742
-734
-727
-718
-711
-704
-696
-690
-684
-680
-677
-676
-675
-676
-677
-680
-682
-685
-686
-687
-687
-687
-685
-683
-679
-675
-671
-666
-661
-656
-649
-643
-635
-627
-617
-607
-596
-585
-574
-563
-552
-541
-533
-527
-518
-512
-507
-504
-500
-499
-496
-495
-493
-493
-491
-490
-488
-488
-487
-487
-488
-488
-489
-491
-492
-494
-496
-498
-501
-503
-505
-507
-509
-510
-511
-511
-511
-515
-510
-510
-510
-511
-512
-512
-516
-518
-522
-526
-531
-536
-541
-546
-550
-554
-557
-561
-562
-565
-567
-569
-570
-571
-571
-572
-573
-573
-573
-572
-572
-571
-570
-569
-566
-563
-560
-555
-551
-544
-537
-529
-520
-512
-502
-492
-483
-474
-465
-455
-447
-439
-431
-423
-415
-408
-400
-393
-386
-378
-371
-363
-356
-349
-342
-334
-327
-321
-313
-307
-300
-294
-288
-283
-279
-275
-272
-270
-268
-266
-264
-262
-261
-259
-258
-255
-253
-249
-247
-242
-239
-235
-231
-228
-225
-222
-220
-217
-216
-215
-215
-214
-214
-213
-212
-211
-210
-207
-205
-202
-199
-196
-192
-189
-186
-183
-181
-178
-176
-175
-173
-171
-170
-169
-168
-167
-166
-166
-165
-166
-166
-168
-170
-171
-173
-175
-178
-181
-183
-186
-187
-189
-190
-190
-192
-192
-193
-194
-195
-197
-200
-202
-204
-207
-211
-214
-216
-218
-221
-222
-223
-224
-225
-227
-227
-229
-231
-234
-237
-240
-244
-248
-252
-256
-260
-264
-268
-272
-277
-282
-286
-291
-297
-302
-307
-313
-318
-324
-330
-336
-341
-348
-355
-360
-367
-375
-381
-387
-393
-400
-405
-411
-417
-422
-428
-435
-442
-448
-455
-461
-469
-476
-484
-491
-498
-505
-511
-518
-524
-530
-536
-541
-547
-552
-555
-560
-564
-566
-571
-574
-577
-580
-583
-587
-591
-596
-602
-611
-615
-623
-630
-639
-646
-654
-662
-667
-673
-678
-681
-683
-685
-686
-684
-683
-679
-674
-666
-655
-641
-621
-595
-562
-521
-472
-415
-357
-296
-235
-183
-139
-105
-79
-54
-21
40
153
346
650
1084
1659
2047
2047
2047
2047
2047
2047
2047
2047
2047
2047
2047
2047
2047
2047
2047
2047
2047
2047
2047
2047
2047
2047
2047
2047
2047
2047
2047
2047
2047
2047
2047
2047
2047
2047
2047
2047
2047
2047
2047
2047
2047
2047
2047
2047
2047
2047
2047
2047
2047
2047
2047
2047
2047
2047
2011
1363
813
379
57
-165
-311
-404
-465
-512
-555
-602
-653
-709
-768
-826
-880
-930
-971
-1005
-1030
-1050
-1064
-1073
-1078
-1081
-1080
-1078
-1075
-1069
-1062
-1055
-1047
-1037
-1027
-1017
-1006
-996
-986
-975
-966
-957
-949
-942
-935
-930
-925
-920
-917
-914
-912
-910
-909
-908
-907
-907
-907
-908
-909
-911
-913
-915
-918
-921
-925
-930
-933
-938
-944
-952
-957
-964
-971
-979
-986
-994
-1001
-1006
-1011
-1014
-1015
-1015
-1012
-1009
-1004
-1000
-995
-992
-987
-985
-984
-985
-986
-988
-991
-994
-997
-1000
-1003
-1006
-1009
-1010
-1013
-1014
-1016
-1018
-1020
-1022
-1025
-1027
-1030
-1033
-1035
-1038
-1040
-1042
-1045
-1048
-1051
-1054
-1057
-1059
-1064
-1067
-1070
-1074
-1077
-1080
-1082
-1085
-1087
-1089
-1090
-1091
-1091
-1091
-1089
-1088
-1086
-1083
-1082
-1079
-1076
-1074
-1071
-1069
-1067
-1065
-1062
-1060
-1058
-1056
-1054
-1052
-1050
-1048
-1045
-1042
-1039
-1036
-1033
-1029
-1024
-1021
-1018
-1014
-1011
-1008
-1006
-1005
-1004
-1004
-1004
-1006
-1007
-1009
-1012
-1014
-1016
-1019
-1020
-1022
-1023
-1024
-1025
-1025
-1025
-1026
-1026
-1026
-1026
-1025
-1025
-1025
-1024
-1022
-1021
-1019
-1015
-1013
-1010
-1006
-1002
-998
-994
-990
-986
-983
-980
-978
-976
-974
-973
-972
-972
-971
-971
-971
-971
-971
-972
-971
-971
-970
-968
-966
-963
-960
-956
-952
-948
-943
-938
-934
-929
-925
-921
-918
-914
-913
-907
-903
-900
-897
-894
-890
-887
-883
-880
-877
-873
-870
-867
-864
-862
-860
-857
-855
-851
-847
-844
-839
-835
-828
-822
-814
-807
-800
-791
-782
-774
-766
-758
-750
-743
-736
-729
-722
-715
-709
-702
-696
-690
-685
-680
-677
-675
-674
-674
-676
-679
-682
-686
-691
-694
-698
-700
-702
-703
-703
-701
-699
-696
-694
-690
-686
-682
-676
-670
-663
-655
-647
-637
-627
-615
-604
-593
-583
-573
-563
-556
-549
-544
-539
-535
-531
-528
-525
-523
-520
-517
-515
-512
-509
-507
-505
-503
-501
-499
-498
-498
-498
-498
-498
-498
-499
-499
-499
-499
-500
-499
-498
-497
-495
-494
-492
-490
-489
-489
-489
-490
-492
-495
-498
-502
-507
-512
-517
-520
-525
-528
-531
-534
-537
-539
-540
-542
-544
-545
-546
-547
-548
-548
-547
-548
-547
-547
-545
-544
-542
-539
-536
-531
-526
-520
-513
-506
-498
-489
-481
-471
-462
-453
-445
-437
-427
-420
-411
-402
-395
-387
-379
-372
-365
-357
-351
-344
-337
-331
-325
-319
-311
-304
-298
-291
-284
-279
-272
-267
-261
-255
-252
-248
-244
-241
-238
-234
-231
-228
-225
-221
-217
-213
-209
-205
-201
-196
-192
-188
-185
-182
-179
-177
-176
-175
-174
-174
-174
-173
-173
-173
-171
-170
-168
-166
-165
-162
-159
-158
-155
-154
-152
-151
-150
-150
-150
-149
-150
-150
-150
-151
-152
-153
-155
-157
-159
-162
-165
-168
-172
-176
-181
-185
-189
-193
-196
-199
-202
-204
-206
-208
-211
-213
-216
-219
-226
-226
-230
-235
-239
-242
-246
-249
-250
-252
-254
-255
-256
-258
-259
-261
-263
-266
-269
-272
-276
-279
-282
-286
-289
-292
-296
-299
-302
-306
-309
-313
-317
-321
-325
-329
-334
-337
-342
-347
-351
-355
-361
-365
-370
-375
-380
-384
-389
-393
-397
-401
-406
-410
-414
-419
-425
-430
-435
-442
-448
-455
-461
-468
-473
-479
-485
-491
-496
-501
-506
-510
-515
-519
-522
-526
-530
-534
-538
-543
-546
-550
-554
-558
-564
-570
-576
-583
-590
-598
-606
-614
-622
-630
-637
-643
-648
-653
-657
-659
-661
-663
-663
-661
-658
-654
-646
-635
-620
-600
-573
-538
-497
-447
-391
-331
-271
-213
-162
-122
-90
-64
-40
-3
65
190
401
725
1185
1784
2047
2047
2047
2047
2047
2047
2047
2047
2047
2047
2047
2047
2047
2047
2047
2047
2047
2047
2047
2047
2047
2047
2047
2047
2047
2047
2047
2047
2047
2047
2047
2047
2047
2047
2047
2047
2047
2047
2047
2047
2047
2047
2047
2047
2047
2047
2047
2047
2047
2047
2047
2047
2047
2047
1801
1176
657
257
-34
-230
-359
-441
-497
-544
-589
-639
-693
-752
-812
-871
-925
-971
-1012
-1044
-1068
-1086
-1098
-1107
-1111
-1113
-1112
-1109
-1105
-1100
-1093
-1084
-1076
-1066
-1056
-1045
-1035
-1023
-1013
-1003
-992
-983
-975
-967
-960
-953
-948
-943
-938
-935
-931
-927
-925
-923
-921
-920
-919
-919
-919
-920
-921
-923
-924
-926
-928
-931
-935
-939
-943
-948
-953
-959
-965
-972
-978
-984
-989
-993
-995
-997
-997
-995
-992
-988
-983
-979
-974
-970
-967
-965
-963
-964
-965
-968
-970
-973
-978
-981
-984
-988
-991
-993
-996
-998
-1001
-1004
-1006
-1010
-1012
-1015
-1018
-1022
-1025
-1028
-1030
-1033
-1036
-1038
-1043
-1045
-1048
-1052
-1056
-1060
-1064
-1068
-1072
-1076
-1079
-1083
-1085
-1087
-1089
-1089
-1090
-1090
-1089
-1088
-1086
-1084
-1081
-1078
-1077
-1074
-1071
-1070
-1067
-1065
-1062
-1060
-1059
-1057
-1054
-1052
-1050
-1047
