2047
2047
2047
2047
2047
2047
2047
2047
2047
2047
2047
2047
2047
2047
2047
2047
2047
2047
2047
2047
2047
2047
2047
2047
2047
2047
2047
2047
2047
2047
2047
2047
2047
2047
2047
2047
2047
2047
2047
2047
2047
2047
2047
2047
2047
2047
2047
2047
2047
1635
1036
550
181
-81
-255
-366
-438
-489
-533
-578
-628
-683
-741
-800
-856
-908
-952
-988
-1016
-1038
-1053
-1063
-1070
-1072
-1073
-1072
-1069
-1064
-1059
-1052
-1043
-1034
-1025
-1016
-1005
-995
-985
-975
-965
-957
-949
-941
-934
-929
-924
-919
-916
-912
-910
-907
-906
-905
-905
-903
-903
-904
-905
-906
-908
-910
-912
-914
-917
-921
-925
-929
-933
-939
-944
-951
-958
-965
-972
-978
-984
-990
-994
-997
-998
-997
-995
-992
-987
-982
-976
-971
-967
-963
-962
-960
-960
-961
-962
-965
-967
-970
-972
-976
-977
-979
-981
-983
-984
-987
-989
-990
-993
-995
-998
-1000
-1002
-1004
-1007
-1009
-1011
-1013
-1017
-1019
-1023
-1026
-1030
-1034
-1037
-1041
-1045
-1049
-1053
-1056
-1060
-1062
-1064
-1066
-1067
-1068
-1067
-1068
-1068
-1067
-1066
-1065
-1063
-1062
-1062
-1060
-1059
-1058
-1058
-1057
-1057
-1058
-1057
-1056
-1056
-1055
-1053
-1053
-1050
-1048
-1046
-1043
-1040
-1037
-1034
-1032
-1030
-1028
-1027
-1026
-1026
-1026
-1027
-1029
-1030
-1033
-1035
-1038
-1039
-1042
-1043
-1045
-1046
-1046
-1046
-1046
-1045
-1046
-1046
-1046
-1046
-1045
-1044
-1044
-1043
-1041
-1039
-1037
-1034
-1030
-1027
-1022
-1017
-1013
-1008
-1004
-999
-995
-992
-989
-987
-985
-983
-981
-981
-979
-980
-979
-979
-979
-978
-979
-977
-977
-976
-975
-972
-970
-966
-962
-959
-955
-950
-946
-943
-939
-936
-933
-930
-929
-926
-923
-921
-918
-915
-912
-909
-907
-904
-901
-899
-895
-893
-889
-887
-885
-883
-880
-876
-873
-869
-865
-859
-853
-846
-839
-831
-823
-815
-806
-799
-791
-783
-776
-768
-761
-754
-747
-740
-733
-726
-720
-713
-707
-702
-697
-693
-691
-690
-690
-690
-692
-694
-697
-699
-700
-700
-700
-699
-697
-693
-689
-685
-681
-676
-670
-664
-658
-651
-644
-635
-625
-614
-604
-592
-580
-570
-559
-549
-540
-533
-526
-520
-516
-512
-509
-506
-505
-503
-501
-500
-498
-497
-496
-496
-494
-495
-494
-495
-495
-496
-497
-498
-499
-500
-502
-504
-505
-506
-507
-507
-508
-507
-508
-508
-508
-508
-508
-509
-511
-513
-518
-522
-526
-531
-538
-543
-549
-555
-560
-565
-569
-573
-576
-579
-581
-584
-586
-588
-589
-591
-591
-591
-592
-592
-591
-590
-589
-587
-586
-583
-579
-574
-569
-563
-556
-549
-539
-531
-522
-512
-504
-495
-486
-477
-469
-460
-452
-444
-436
-428
-419
-411
-403
-394
-386
-377
-369
-361
-353
-344
-336
-328
-319
-312
-306
-298
-292
-286
-282
-277
-275
-272
-269
-267
-264
-263
-261
-260
-257
-254
-252
-249
-246
-243
-239
-236
-232
-229
-226
-224
-222
-220
-218
-218
-217
-216
-216
-215
-213
-212
-210
-208
-205
-202
-199
-196
-193
-190
-188
-186
-183
-182
-181
-181
-180
-180
-180
-179
-180
-180
-181
-181
-183
-184
-185
-188
-190
-193
-195
-198
-201
-204
-206
-208
-209
-211
-211
-211
-212
-213
-212
-213
-213
-215
-217
-219
-221
-222
-224
-226
-227
-228
-229
-230
-229
-230
-229
-230
-230
-232
-234
-236
-239
-243
-246
-249
-252
-256
-259
-264
-266
-270
-274
-277
-282
-286
-291
-295
-299
-304
-309
-314
-319
-324
-330
-335
-341
-348
-354
-360
-366
-372
-378
-384
-390
-396
-402
-408
-414
-421
-427
-435
-443
-450
-458
-466
-475
-482
-490
-498
-505
-512
-520
-526
-533
-538
-544
-549
-554
-558
-563
-566
-570
-574
-577
-581
-585
-590
-594
-600
-607
-614
-622
-629
-637
-645
-653
-660
-667
-672
-677
-681
-684
-686
-687
-687
-686
-683
-679
-672
-662
-647
-628
-603
-571
-531
-484
-428
-368
-306
-245
-191
-144
-108
-80
-55
-23
34
140
327
618
1043
1608
2047
2047
2047
2047
2047
2047
2047
2047
2047
2047
2047
2047
2047
2047
2047
2047
2047
2047
2047
2047
2047
2047
2047
2047
2047
2047
2047
2047
2047
2047
2047
2047
2047
2047
2047
2047
2047
2047
2047
2047
2047
2047
2047
2047
2047
2047
2047
2047
2047
2047
2047
2047
2047
2047
2020
1367
814
377
55
-169
-314
-408
-470
-517
-561
-609
-661
-718
-777
-835
-889
-938
-980
-1013
-1039
-1058
-1072
-1080
-1085
-1087
-1086
-1085
-1081
-1076
-1069
-1062
-1053
-1044
-1034
-1024
-1012
-1002
-991
-982
-971
-962
-954
-946
-939
-932
-927
-922
-918
-916
-913
-911
-908
-907
-906
-905
-905
-905
-906
-908
-910
-911
-915
-917
-920
-925
-929
-934
-939
-945
-951
-958
-966
-974
-981
-988
-995
-1000
-1004
-1007
-1008
-1007
-1005
-1001
-998
-993
-989
-985
-981
-980
-979
-979
-982
-983
-987
-990
-994
-998
-1002
-1005
-1009
-1012
-1015
-1018
-1022
-1024
-1028
-1032
-1035
-1039
-1042
-1045
-1049
-1052
-1055
-1058
-1061
-1064
-1066
-1071
-1073
-1077
-1081
-1085
-1088
-1092
-1095
-1098
-1101
-1104
-1106
-1108
-1108
-1109
-1110
-1109
-1108
-1106
-1104
-1102
-1100
-1097
-1094
-1091
-1089
-1087
-1084
-1082
-1079
-1077
-1075
-1072
-1071
-1068
-1066
-1062
-1059
-1056
-1053
-1049
-1045
-1040
-1036
-1032
-1028
-1024
-1020
-1017
-1014
-1012
-1011
-1011
-1011
-1012
-1013
-1015
-1016
-1019
-1022
-1024
-1025
-1027
-1029
-1030
-1031
-1031
-1032
-1032
-1033
-1033
-1034
-1034
-1034
-1034
-1034
-1033
-1032
-1029
-1027
-1024
-1021
-1018
-1014
-1010
-1006
-1003
-999
-997
-994
-992
-991
-989
-989
-988
-989
-987
-988
-988
-988
-988
-989
-989
-988
-987
-985
-985
-982
-978
-974
-970
-966
-961
-957
-952
-948
-944
-940
-935
-932
-927
-924
-920
-917
-913
-910
-906
-902
-899
-895
-891
-889
-885
-882
-879
-876
-873
-870
-867
-863
-859
-854
-849
-843
-837
-830
-822
-815
-807
-799
-791
-783
-775
-769
-762
-755
-749
-743
-736
-730
-724
-717
-712
-707
-701
-698
-695
-693
-692
-693
-695
-697
-701
-705
-709
-713
-716
-718
-718
-719
-718
-716
-714
-712
-708
-704
-701
-695
-690
-684
-677
-668
-659
-650
-639
-628
-617
-607
-597
-589
-582
-575
-570
-566
-563
-561
-558
-556
-553
-551
-548
-546
-543
-539
-536
-533
-530
-527
-525
-523
-521
-519
-520
-519
-519
-520
-521
-521
-523
-523
-523
-522
-524
-523
-522
-522
-521
-519
-519
-520
-521
-523
-525
-528
-532
-536
-541
-546
-550
-554
-558
-561
-563
-565
-567
-568
-570
-571
-572
-574
-573
-573
-573
-574
-573
-572
-572
-571
-569
-568
-565
-562
-559
-554
-549
-543
-535
-528
-520
-512
-504
-495
-487
-479
-471
-463
-455
-448
-440
-433
-427
-418
-411
-404
-397
-389
-381
-374
-367
-359
-351
-344
-336
-328
-322
-314
-307
-302
-296
-291
-287
-282
-279
-276
-273
-270
-267
-265
-262
-259
-255
-252
-247
-243
-238
-234
-229
-224
-219
-214
-210
-206
-203
-199
-197
-195
-193
-191
-189
-188
-185
-183
-181
-178
-175
-172
-169
-165
-163
-160
-158
-156
-154
-153
-152
-152
-155
-153
-153
-154
-154
-156
-157
-160
-161
-164
-168
-171
-175
-180
-184
-189
-194
-198
-202
-205
-209
-211
-213
-216
-217
-220
-222
-225
-228
-233
-235
-239
-243
-247
-251
-254
-258
-261
-263
-264
-265
-267
-269
-270
-272
-274
-277
-280
-284
-287
-291
-294
-297
-300
-302
-305
-309
-312
-314
-318
-321
-324
-328
-332
-335
-339
-342
-346
-350
-353
-358
-361
-366
-371
-376
-381
-384
-390
-394
-398
-403
-407
-411
-416
-421
-426
-431
-437
-442
-448
-455
-461
-468
-474
-479
-486
-492
-497
-503
-508
-512
-517
-522
-525
-530
-533
-537
-540
-544
-548
-551
-556
-559
-564
-570
-576
-584
-591
-599
-608
-617
-625
-633
-641
-648
-654
-659
-664
-667
-670
-671
-671
-670
-667
-662
-657
-646
-631
-612
-585
-552
-511
-462
-406
-346
-284
-227
-175
-132
-99
-73
-48
-12
55
175
380
698
1151
1745
2047
2047
2047
2047
2047
2047
2047
2047
2047
2047
2047
2047
2047
2047
2047
2047
2047
2047
2047
2047
2047
2047
2047
2047
2047
2047
2047
2047
2047
2047
2047
2047
2047
2047
2047
2047
2047
2047
2047
2047
2047
2047
2047
2047
2047
2047
2047
2047
2047
2047
2047
2047
2047
2047
1825
1194
670
266
-27
-227
-355
-438
-497
-543
-589
-639
-695
-754
-816
-874
-928
-976
-1015
-1047
-1071
-1090
-1102
-1110
-1114
-1116
-1116
-1114
-1111
-1106
-1099
-1091
-1082
-1074
-1063
-1054
-1043
-1032
-1022
-1011
-1002
-994
-985
-977
-970
-964
-958
-954
-950
-946
-943
-940
-937
-934
-933
-931
-930
-929
-929
-929
-929
-930
-931
-933
-935
-937
-940
-943
-947
-951
-957
-962
-968
-974
-980
-986
-991
-995
-997
-997
-996
-994
-990
-986
-980
-975
-970
-966
-962
-960
-960
-959
-962
-964
-967
-970
-974
-977
-981
-984
-987
-990
-995
-996
-999
-1003
-1007
-1011
-1014
-1018
-1022
-1026
-1030
-1033
-1036
-1039
-1042
-1046
-1050
-1054
-1059
-1064
-1068
-1073
-1078
-1083
-1088
-1093
-1097
-1100
-1103
-1105
-1107
-1107
-1107
-1107
-1106
-1103
-1102
-1099
-1097
-1093
-1091
-1087
-1084
-1081
-1078
-1075
-1072
-1071
-1068
-1067
-1065
-1061
-1059
-1056
-1052
-1050
-1045
-1041
-1037
-1032
-1027
-1022
-1018
-1014
-1010
-1007
-1004
-1002
-1001
-1001
-1002
-1002
-1003
-1005
-1007
-1008
-1010
-1012
-1013
-1014
-1015
-1015
-1017
-1017
-1016
-1017
-1017
-1017
-1017
-1017
-1017
-1017
-1017
-1015
-1015
-1013
-1011
-1009
-1007
-1004
-1001
-998
-995
-994
-991
-990
-989
-989
-989
-989
-990
-991
-993
-994
-996
-998
-1000
-1002
-1003
-1005
-1006
-1006
-1007
-1007
-1005
-1003
-1001
-998
-995
-992
-988
-986
-983
-980
-977
-974
-972
-969
-967
-964
-961
-958
-955
-952
-948
-944
-940
-937
-934
-931
-927
-923
-919
-916
-911
-908
-903
-897
-891
-884
-876
-870
-861
-852
-842
-833
-823
-814
-804
-796
-787
-778
-770
-761
-753
-745
-738
-729
-721
-714
-707
-700
-696
-692
-689
-688
-688
-688
-691
-694
-697
-700
-703
-705
-706
-706
-706
-704
-702
-699
-696
-692
-689
-684
-680
-674
-667
-661
-652
-644
-634
-624
-613
-603
-594
-584
-576
-568
-562
-557
-552
-549
-547
-545
-542
-541
-539
-538
-536
-535
-534
-532
-531
-530
-529
-529
-528
-529
-529
-529
-530
-531
-533
-533
-533
-534
-534
-534
-533
-532
-530
-528
-527
-525
-523
-522
-520
-520
-521
-522
-525
-528
-531
-535
-538
-542
-545
-548
-550
-552
-554
-554
-555
-556
-557
-557
-557
-557
-557
-556
-556
-555
-554
-553
-551
-549
-547
-544
-540
-536
-530
-525
-518
-510
-502
-494
-486
-477
-468
-461
-452
-445
-437
-431
-423
-417
-411
-405
-399
-393
-386
-381
-375
-369
-364
-358
-352
-347
-341
-336
-330
-325
-320
-315
-310
-308
-304
-304
-299
-298
-297
-296
-295
-294
-292
-291
-290
-288
-286
-283
-281
-278
-274
-270
-267
-264
-261
-258
-255
-253
-251
-249
-247
-247
-245
-243
-242
-239
-237
-233
-230
-225
-220
-217
-213
-208
-204
-200
-197
-194
-192
-188
-186
-184
-182
-180
-179
-177
-178
-177
-175
-176
-176
-177
-179
-180
-182
-184
-188
-190
-192
-194
-196
-197
-198
-198
-198
-199
-200
-201
-203
-206
-208
-211
-214
-218
-221
-225
-227
-230
-231
-232
-235
-236
-237
-239
-241
-244
-247
-251
-254
-259
-263
-267
-272
-275
-279
-283
-287
-292
-296
-300
-304
-309
-313
-318
-323
-328
-332
-337
-341
-346
-351
-355
-360
-366
-370
-375
-380
-385
-389
-394
-398
-401
-406
-410
-414
-419
-424
-429
-434
-440
-445
-451
-458
-463
-470
-475
-481
-486
-491
-496
-501
-505
-509
-512
-517
-519
-523
-525
-529
-532
-535
-538
-542
-546
-554
-556
-563
-571
-579
-587
-596
-604
-614
-622
-629
-636
-642
-648
-652
-655
-658
-661
-661
-660
-658
-654
-647
-636
-621
-600
-572
-538
-495
-445
-389
-329
-270
-214
-166
-129
-100
-77
-52
-8
76
225
471
840
1349
1994
2047
2047
2047
2047
2047
2047
2047
2047
2047
2047
2047
2047
2047
2047
2047
2047
2047
2047
2047
2047
2047
2047
2047
2047
2047
2047
2047
2047
2047
2047
2047
2047
2047
2047
2047
2047
2047
2047
2047
2047
2047
2047
2047
2047
2047
2047
2047
2047
2047
2047
2047
2047
2047
2047
1528
947
479
127
-118
-281
-385
-453
-503
-547
-593
-644
-700
-759
-818
-875
-925
-969
-1005
-1032
-1054
-1069
-1079
-1085
-1088
-1088
-1088
-1085
-1081
-1075
-1069
-1061
-1053
-1044
-1035
-1025
-1015
-1006
-996
-988
-979
-970
-964
-958
-952
-947
-942
-939
-935
-933
-931
-929
-928
-926
-925
-925
-925
-926
-927
-927
-928
-930
-932
-935
-937
-941
-944
-949
-953
-959
-964
-971
-977
-983
-989
-994
-1000
-1002
-1004
-1005
-1003
-1000
-995
-989
-984
-978
-973
-968
-965
-963
-962
-963
-963
-967
-967
-970
-973
-976
-978
-979
-981
-984
-985
-987
-989
-991
-994
-997
-999
-1001
-1004
-1007
-1011
-1013
-1017
-1020
-1023
-1026
-1031
-1035
-1040
-1044
-1050
-1054
-1060
-1065
-1070
-1075
-1080
-1083
-1088
-1091
-1093
-1095
-1097
-1098
-1099
-1099
-1099
-1098
-1097
-1096
-1096
-1095
-1093
-1093
-1092
-1091
-1091
-1091
-1091
-1089
-1088
-1088
-1086
-1084
-1081
-1079
-1076
-1071
-1068
-1066
-1061
-1057
-1054
-1049
-1046
-1044
-1042
-1039
-1039
-1038
-1038
-1039
-1041
-1042
-1043
-1044
-1045
-1046
-1047
-1047
-1047
-1047
-1045
-1045
-1045
-1045
-1043
-1043
-1042
-1040
-1039
-1038
-1036
-1033
-1030
-1027
-1024
-1020
-1015
-1011
-1006
-1003
-999
-995
-992
-989
-987
-984
-984
-982
-982
-982
-982
-981
-983
-983
-983
-985
-984
-984
-984
-984
-983
-981
-980
-976
-974
-970
-967
-964
-960
-957
-954
-951
-949
-947
-944
-942
-939
-938
-935
-933
-930
-927
-924
-922
-919
-916
-913
-910
-908
-906
-903
-900
-897
-894
-889
-886
-879
-873
-866
-859
-850
-840
-830
-820
-811
-802
-792
-783
-775
-766
-758
-750
-742
-734
-727
-719
-711
-704
-697
-691
-685
-682
-679
-677
-677
-677
-679
-681
-682
-685
-686
-687
-687
-686
-684
-681
-678
-674
-670
-666
-661
-656
-650
-643
-637
-629
-620
-610
-600
-589
-579
-568
-559
-551
-543
-536
-531
-525
-523
-520
-519
-516
-515
-514
-513
-513
-512
-511
-510
-510
-509
-510
-509
-510
-512
-514
-515
-517
-520
-522
-525
-527
-530
-533
-535
-536
-537
-537
-537
-538
-538
-537
-538
-538
-540
-542
-545
-549
-553
-557
-562
-567
-572
-576
-580
-584
-587
-588
-591
-593
-593
-594
-595
-595
-595
-595
-595
-594
-593
-591
-590
-588
-585
-582
-579
-574
-569
-563
-557
-550
-541
-532
-523
-512
-502
-493
-483
-473
-464
-456
-447
-438
-430
-422
-415
-407
-399
-392
-384
-377
-370
-362
-356
-349
-342
-334
-328
-321
-314
-308
-302
-296
-292
-288
-284
-282
-280
-278
-277
-276
-275
-277
-273
-271
-270
-268
-266
-264
-262
-259
-256
-253
-250
-247
-244
-243
-241
-239
-238
-237
-236
-235
-235
-234
-233
-231
-229
-226
-223
-220
-217
-212
-209
-205
-202
-199
-196
-194
-190
-188
-186
-184
-183
-181
-180
-179
-177
-176
-176
-175
-175
-176
-176
-177
-178
-180
-181
-183
-184
-185
-186
-186
-186
-185
-186
-184
-185
-186
-187
-189
-191
-193
-196
-199
-202
-205
-207
-209
-211
-211
-213
-214
-216
-217
-219
-222
-225
-228
-233
-237
-241
-246
-249
-254
-259
-263
-268
-273
-278
-283
-289
-294
-300
-306
-312
-317
-324
-330
-336
-342
-349
-356
-362
-370
-377
-384
-390
-397
-404
-409
-415
-422
-427
-433
-440
-447
-453
-460
-467
-474
-481
-488
-495
-502
-509
-516
-521
-527
-533
-538
-543
-547
-551
-555
-559
-563
-566
-568
-571
-574
-576
-580
-583
-587
-591
-596
-602
-608
-614
-621
-629
-636
-643
-650
-655
-660
-664
-668
-670
-672
-673
-672
-670
-667
-661
-653
-643
-629
-609
-582
-549
-508
-460
-404
-343
-282
-222
-169
-126
-91
-65
-41
-6
58
175
374
687
1132
1719
2047
2047
2047
2047
2047
2047
2047
2047
2047
2047
2047
2047
2047
2047
2047
2047
2047
2047
2047
2047
2047
2047
2047
2047
2047
2047
2047
2047
2047
2047
2047
2047
2047
2047
2047
2047
2047
2047
2047
2047
2047
2047
2047
2047
2047
2047
2047
2047
2047
2047
2047
2047
2047
2047
1957
1312
770
345
33
-182
-321
-410
-469
-515
-560
-607
-659
-716
-775
-833
-887
-935
-975
-1008
-1033
-1051
-1064
-1072
-1077
-1079
-1079
-1076
-1072
-1067
-1061
-1054
-1045
-1037
-1027
-1017
-1006
-997
-987
-978
-969
-960
-952
-945
-939
-935
-930
-926
-923
-920
-919
-918
-916
-915
-915
-915
-916
-917
-918
-921
-923
-926
-929
-933
-937
-941
-946
-950
-957
-964
-970
-977
-985
-993
-1001
-1009
-1016
-1021
-1026
-1029
-1030
-1030
-1027
-1024
-1020
-1015
-1010
-1005
-1002
-1000
-998
-998
-998
-1000
-1002
-1004
-1006
-1009
-1012
-1015
-1017
-1019
-1020
-1023
-1024
-1027
-1029
-1031
-1033
-1036
-1038
-1041
-1043
-1045
-1047
-1049
-1051
-1054
-1056
-1059
-1061
-1064
-1067
-1070
-1074
-1076
-1079
-1082
-1084
-1087
-1089
-1090
-1092
-1093
-1093
-1092
-1092
-1090
-1088
-1087
-1085
-1083
-1081
-1079
-1077
-1075
-1073
-1071
-1070
-1069
-1068
-1067
-1066
-1065
-1063
-1062
-1060
-1058
-1055
-1053
-1050
-1047
-1044
-1040
-1037
-1033
-1031
-1029
-1026
-1025
-1025
-1024
-1024
-1027
-1029
-1030
-1033
-1035
-1037
-1039
-1041
-1043
-1044
-1044
-1045
-1045
-1045
-1045
-1045
-1045
-1045
-1044
-1043
-1043
-1040
-1039
-1037
-1034
-1031
-1028
-1024
-1019
-1015
-1010
-1006
-1001
-997
-994
-990
-988
-986
-984
-982
-981
-980
-980
-979
-979
-980
-979
-979
-978
-978
-977
-975
-972
-970
-966
-962
-957
-952
-947
-942
-938
-933
-929
-925
-921
-918
-915
-912
-912
-909
-907
-905
-903
-901
-898
-896
-895
-893
-890
-888
-885
-883
-882
-879
-876
-873
-869
-864
-859
-854
-848
-842
-834
-827
-818
-811
-803
-795
-789
-782
-776
-770
-764
-757
-752
-746
-740
-734
-728
-723
-719
-715
-712
-710
-710
-710
-712
-714
-717
-720
-724
-726
-728
-729
-729
-728
-725
-723
-720
-715
-711
-706
-701
-696
-690
-682
-674
-666
-656
-645
-635
-623
-612
-601
-590
-582
-574
-566
-560
-555
-551
-547
-544
-542
-539
-537
-535
-533
-532
-528
-526
-524
-523
-522
-521
-520
-520
-520
-521
-521
-522
-523
-525
-525
-527
-526
-528
-527
-529
-525
-525
-523
-522
-522
-521
-522
-524
-526
-528
-532
-536
-541
-546
-551
-556
-560
-564
-567
-570
-573
-574
-577
-578
-579
-580
-581
-582
-582
-582
-582
-581
-581
-580
-579
-579
-575
-572
-568
-564
-558
-553
-545
-537
-528
-519
-508
-499
-489
-480
-470
-461
-452
-442
-435
-426
-418
-410
-402
-395
-386
-379
-371
-363
-356
-347
-340
-332
-324
-317
-309
-301
-294
-287
-281
-275
-269
-265
-261
-257
-254
-252
-249
-247
-244
-242
-239
-236
-233
-230
-227
-223
-219
-215
-212
-208
-205
-202
-200
-198
-197
-196
-195
-195
-195
-195
-195
-194
-193
-192
-191
-189
-187
-184
-182
-180
-178
-177
-176
-175
-175
-175
-175
-176
-177
-178
-179
-180
-181
-183
-185
-187
-190
-193
-195
-199
-203
-206
-210
-214
-217
-220
-223
-224
-226
-227
-228
-228
-229
-230
-232
-233
-235
-237
-240
-242
-246
-248
-250
-252
-253
-254
-255
-255
-255
-256
-257
-258
-259
-262
-264
-267
-270
-273
-276
-279
-282
-284
-288
-291
-295
-297
-301
-305
-309
-312
-317
-320
-324
-329
-332
-338
-342
-347
-352
-358
-362
-367
-373
-379
-383
-388
-394
-398
-403
-408
-414
-419
-425
-431
-436
-444
-451
-458
-465
-472
-479
-486
-494
-500
-507
-513
-519
-525
-530
-535
-539
-543
-547
-551
-554
-557
-561
-564
-567
-571
-576
-582
-588
-594
-600
-608
-616
-624
-632
-639
-646
-651
-656
-661
-665
-667
-669
-670
-669
-667
-664
-659
-651
-640
-624
-603
-576
-541
-499
-448
-391
-330
-268
-210
-158
-117
-84
-58
-33
8
81
213
434
772
1249
1864
2047
2047
2047
2047
2047
2047
2047
2047
2047
2047
2047
2047
2047
2047
2047
2047
2047
2047
2047
2047
2047
2047
2047
2047
2047
2047
2047
2047
2047
2047
2047
2047
2047
2047
2047
2047
2047
2047
2047
2047
2047
2047
2047
2047
2047
2047
2047
2047
2047
2047
2047
2047
2047
2047
1669
1060
562
184
-87
-267
-383
-458
-512
-557
-603
-653
-709
-768
-829
-886
-938
-983
-1020
-1050
-1071
-1088
-1098
-1105
-1108
-1109
-1107
-1104
-1098
-1092
-1084
-1076
-1067
-1057
-1047
-1035
-1024
-1013
-1001
-991
-981
-971
-963
-955
-948
-942
-936
-932
-927
-925
-922
-919
-917
-916
-913
-912
-911
-911
-911
-911
-912
-913
-915
-917
-919
-923
-926
-930
-935
-940
-946
-952
-959
-966
-973
-979
-985
-988
-991
-993
-992
-990
-987
-983
-979
-974
-970
-967
-966
-965
-965
-966
-969
-972
-975
-979
-983
-987
-990
-993
-996
-999
-1001
-1005
-1007
-1010
-1013
-1015
-1019
-1021
-1024
-1027
-1030
-1033
-1035
-1037
-1040
-1042
-1046
-1049
-1051
-1054
-1057
-1061
-1065
-1068
-1071
-1073
-1076
-1078
-1081
-1082
-1082
-1082
-1081
-1081
-1080
-1077
-1076
-1072
-1070
-1067
-1064
-1060
-1058
-1055
-1053
-1051
-1048
-1046
-1044
-1042
-1040
-1038
-1036
-1033
-1030
-1028
-1025
-1020
-1017
-1013
-1009
-1005
-1002
-998
-995
-993
-991
-989
-989
-990
-990
-992
-994
-996
-999
-1002
-1004
-1007
-1009
-1010
-1011
-1013
-1014
-1015
-1016
-1017
-1017
-1018
-1018
-1018
-1019
-1019
-1019
-1018
-1017
-1015
-1013
-1011
-1009
-1005
-1002
-998
-997
-995
-992
-991
-989
-988
-987
-987
-987
-988
-988
-989
-990
-991
-992
-993
-993
-993
-993
-992
-992
-989
-986
-983
-979
-975
-971
-966
-963
-958
-954
-950
-946
-943
-939
-936
-931
-928
-925
-921
-917
-913
-909
-904
-900
-896
-893
-888
-884
-881
-878
-874
-870
-866
-861
-857
-851
-844
-836
-829
-821
-813
-804
-795
-786
-777
-768
-760
-753
-746
-738
-730
-723
-716
-709
-702
-696
-689
-682
-677
-673
-671
-669
-668
-668
-670
-673
-676
-679
-682
-685
-687
-688
-688
-688
-686
-684
-681
-678
-674
-671
-666
-661
-655
-649
-641
-632
-623
-613
-602
-591
-581
-571
-561
-553
-544
-538
-533
-529
-525
-521
-519
-516
-514
-512
-510
-507
-505
-503
-500
-499
-497
-496
-495
-494
-494
-493
-494
-495
-495
-495
-495
-497
-497
-497
-496
-495
-494
-492
-491
-488
-487
-485
-484
-483
-483
-484
-486
-489
-492
-496
-500
-505
-508
-512
-515
-518
-521
-523
-525
-527
-529
-530
-532
-533
-534
-534
-535
-536
-536
-536
-536
-535
-534
-532
-530
-528
-525
-521
-515
-509
-503
-496
-488
-480
-472
-464
-457
-450
-443
-436
-429
-423
-417
-411
-404
-398
-392
-386
-379
-373
-367
-361
-354
-348
-342
-335
-328
-322
-315
-309
-304
-298
-294
-290
-286
-283
-280
-277
-275
-274
-271
-268
-266
-263
-260
-257
-253
-248
-244
-240
-235
-230
-225
-221
-217
-214
-211
-208
-205
-203
-201
-199
-197
-195
-192
-189
-187
-185
-179
-176
-171
-168
-165
-162
-159
-157
-154
-153
-152
-151
-150
-149
-149
-149
-149
-149
-150
-151
-152
-154
-156
-159
-162
-165
-169
-172
-175
-178
-181
-183
-185
-187
-188
-189
-190
-192
-194
-196
-199
-201
-205
-208
-212
-215
-218
-221
-223
-225
-226
-227
-228
-229
-230
-230
-233
-235
-237
-240
-243
-246
-249
-252
-255
-258
-261
-264
-267
-271
-275
-279
-282
-286
-290
-293
-298
-302
-307
-310
-314
-319
-323
-327
-331
-336
-341
-345
-350
-353
-357
-361
-365
-369
-373
-378
-384
-389
-395
-401
-407
-415
-421
-428
-435
-442
-448
-454
-462
-467
-474
-480
-485
-490
-495
-501
-505
-509
-513
-517
-521
-525
-529
-535
-540
-546
-553
-561
-569
-577
-587
-596
-607
-615
-625
-632
-640
-647
-652
-657
-661
-664
-665
-666
-665
-663
-658
-650
-638
-622
-600
-570
-533
-488
-435
-377
-317
-257
-203
-156
-120
-93
-70
-40
11
108
277
549
950
1493
2047
2047
2047
2047
2047
2047
2047
2047
2047
2047
2047
2047
2047
2047
2047
2047
2047
2047
2047
2047
2047
2047
2047
2047
2047
2047
2047
2047
2047
2047
2047
2047
2047
2047
2047
2047
2047
2047
2047
2047
2047
2047
2047
2047
2047
2047
2047
2047
2047
2047
2047
2047
2047
2047
2047
1428
866
422
93
-137
-288
-383
-448
-497
-541
-589
-642
-700
-760
-819
-875
-926
-968
-1003
-1030
-1050
-1065
-1073
-1079
-1081
-1082
-1080
-1076
-1072
-1066
-1059
-1051
-1041
-1032
-1022
-1012
-1002
-992
-982
-972
-962
-954
-947
-941
-934
-929
-924
-920
-916
-913
-910
-909
-906
-904
-903
-902
-901
-901
-901
-902
-903
-905
-906
-906
-909
-911
-915
-919
-924
-928
-933
-939
-946
-951
-958
-963
-968
-971
-972
-972
-971
-968
-964
-959
-954
-949
-944
-940
-937
-936
-935
-936
-937
-940
-943
-946
-950
-953
-957
-959
-962
-965
-968
-971
-974
-978
-980
-984
-987
-992
-995
-999
-1003
-1007
-1011
-1015
-1020
-1023
-1028
-1033
-1037
-1042
-1047
-1052
-1058
-1063
-1067
-1072
-1077
-1080
-1083
-1085
-1087
-1088
-1090
-1090
-1090
-1088
-1087
-1086
-1085
-1083
-1081
-1079
-1077
-1076
-1074
-1072
-1071
-1069
-1068
-1066
-1065
-1062
-1061
-1057
-1054
-1051
-1048
-1044
-1040
-1035
-1032
-1028
-1024
-1020
-1017
-1014
-1013
-1011
-1010
-1010
-1010
-1011
-1012
-1013
-1014
-1016
-1017
-1017
-1018
-1017
-1017
-1018
-1018
-1015
-1016
-1015
-1014
-1013
-1012
-1011
-1010
-1008
-1006
-1003
-1001
-998
-994
-990
-987
-982
-978
-974
-970
-968
-965
-963
-960
-959
-958
-958
-959
-959
-959
-961
-962
-963
-965
-966
-967
-968
-968
-968
-967
-966
-964
-962
-959
-956
-952
-949
-945
-942
-938
-936
-933
-930
-928
-925
-922
-920
-917
-914
-911
-908
-905
-901
-898
-895
-892
-888
-886
-882
-879
-876
-872
-867
-863
-857
-851
-845
-837
-829
-820
-812
-803
-794
-784
-775
-766
-757
-749
-740
-732
-724
-716
-708
-700
-692
-684
-676
-670
-664
-659
-655
-652
-651
-651
-652
-654
-657
-659
-661
-663
-664
-663
-663
-662
-659
-656
-653
-649
-645
-642
-636
-631
-626
-619
-612
-603
-595
-585
-575
-565
-555
-547
-539
-533
-527
-522
-518
-515
-513
-512
-510
-509
-509
-508
-508
-508
-507
-507
-507
-506
-507
-508
-510
-510
-512
-514
-516
-519
-522
-523
-526
-528
-529
-531
-532
-532
-532
-532
-530
-530
-529
-529
-529
-529
-531
-534
-537
-539
-544
-548
-552
-557
-560
-562
-565
-566
-568
-569
-569
-569
-569
-569
-568
-568
-568
-566
-565
-564
-563
-561
-559
-557
-553
-550
-547
-543
-537
-530
-523
-515
-507
-498
-489
-480
-470
-461
-452
-444
-435
-428
-420
-413
-406
-399
-392
-386
-379
-373
-366
-360
-354
-348
-341
-335
-329
-323
-316
-311
-304
-299
-294
-290
-286
-283
-280
-278
-277
-275
-275
-273
-272
-270
-268
-267
-265
-262
-259
-255
-252
-248
-244
-240
-236
-232
-229
-227
-223
-221
-219
-217
-215
-214
-212
-210
-207
-203
-201
-197
-193
-188
-183
-180
-176
-172
-169
-166
-163
-161
-159
-158
-156
-154
-154
-152
-152
-151
-151
-152
-152
-153
-154
-156
-159
-161
-164
-166
-168
-171
-173
-175
-176
-176
-178
-178
-179
-181
-182
-185
-187
-190
-194
-198
-201
-205
-207
-212
-214
-216
-218
-219
-221
-223
-225
-229
-232
-237
-242
-247
-251
-257
-263
-268
-274
-279
-284
-289
-294
-299
-304
-309
-314
-319
-324
-328
-333
-338
-343
-348
-353
-358
-363
-368
-374
-380
-385
-392
-397
-402
-408
-413
-419
-425
-430
-437
-443
-449
-456
-463
-470
-477
-483
-490
-497
-504
-509
-515
-520
-525
-530
-535
-538
-542
-545
-549
-552
-554
-557
-558
-561
-563
-566
-570
-573
-579
-584
-590
-597
-603
-612
-619
-627
-635
-642
-648
-653
-658
-661
-664
-665
-665
-665
-664
-660
-656
-647
-637
-621
-600
-573
-538
-495
-445
-389
-328
-267
-209
-159
-118
-86
-62
-36
3
76
209
429
768
1243
1856
2047
2047
2047
2047
2047
2047
2047
2047
2047
2047
2047
2047
2047
2047
2047
2047
2047
2047
2047
2047
2047
2047
2047
2047
2047
2047
2047
2047
2047
2047
2047
2047
2047
2047
2047
2047
2047
2047
2047
2047
2047
2047
2047
2047
2047
2047
2047
2047
2047
2047
2047
2047
2047
2047
1824
1197
679
278
-12
-210
-337
-419
-475
-519
-564
-613
-667
-725
-784
-842
-895
-942
-981
-1012
-1036
-1054
-1065
-1074
-1079
-1080
-1080
-1079
-1076
-1070
-1064
-1058
-1050
-1041
-1033
-1023
-1013
-1004
-994
-987
-977
-969
-963
-957
-951
-947
-943
-939
-936
-935
-934
-932
-932
-931
-931
-931
-932
-933
-935
-936
-939
-941
-943
-948
-951
-954
-959
-964
-969
-975
-982
-988
-995
-1002
-1009
-1015
-1020
-1024
-1026
-1028
-1027
-1024
-1020
-1016
-1009
-1003
-998
-993
-989
-986
-983
-983
-983
-985
-986
-988
-990
-993
-995
-996
-998
-1000
-1002
-1003
-1005
-1007
-1009
-1011
-1013
-1016
-1019
-1021
-1023
-1026
-1029
-1031
-1034
-1036
-1039
-1043
-1046
-1049
-1054
-1058
-1062
-1065
-1069
-1073
-1077
-1080
-1083
-1085
-1087
-1088
-1089
-1090
-1090
-1089
-1088
-1087
-1085
-1084
-1083
-1081
-1080
-1078
-1077
-1076
-1075
-1074
-1073
-1072
-1071
-1070
-1069
-1067
-1065
-1063
-1060
-1057
-1053
-1050
-1047
-1044
-1039
-1036
-1033
-1030
-1027
-1026
-1024
-1024
-1025
-1025
-1027
-1028
-1031
-1032
-1034
-1035
-1036
-1037
-1037
-1038
-1038
-1037
-1037
-1036
-1036
-1035
-1035
-1034
-1032
-1031
-1029
-1027
-1024
-1022
-1018
-1014
-1009
-1005
-1001
-996
-991
-987
-982
-979
-976
-973
-972
-970
-968
-966
-966
-966
-967
-966
-967
-967
-967
-967
-967
-967
-966
-965
-963
-960
-957
-955
-950
-947
-943
-941
-938
-935
-933
-930
-928
-926
-924
-923
-920
-918
-916
-914
-911
-910
-907
-905
-903
-901
-899
-898
-896
-894
-892
-890
-888
-885
-881
-876
-871
-865
-859
-852
-845
-837
-829
-821
-814
-806
-799
-792
-785
-778
-771
-763
-757
-749
-743
-736
-729
-723
-718
-714
-711
-709
-709
-709
-712
-713
-715
-718
-720
-721
-721
-720
-719
-716
-713
-709
-705
-700
-695
-689
-683
-677
-669
-661
-652
-641
-631
-620
-607
-596
-584
-574
-565
-557
-550
-544
-539
-535
-532
-529
-527
-526
-523
-521
-519
-518
-516
-516
-514
-513
-513
-513
-514
-515
-516
-518
-519
-521
-523
-525
-527
-529
-531
-532
-533
-533
-533
-532
-532
-532
-531
-531
-532
-534
-536
-540
-543
-547
-552
-557
-562
-567
-571
-575
-578
-580
-583
-584
-587
-587
-588
-589
-589
-589
-589
-588
-587
-585
-584
-582
-580
-576
-573
-569
-564
-559
-552
-546
-537
-528
-518
-508
-497
-487
-477
-467
-457
-448
-438
-429
-421
-412
-404
-396
-387
-380
-372
-364
-357
-349
-341
-334
-327
-319
-312
-306
-299
-292
-285
-280
-274
-270
-265
-263
-260
-258
-256
-255
-253
-252
-251
-250
-248
-247
-246
-246
-242
-239
-236
-233
-230
-227
-226
-224
-222
-221
-220
-219
-220
-220
-219
-220
-219
-219
-218
-217
-214
-213
-210
-208
-205
-203
-200
-198
-196
-194
-194
-192
-191
-190
-190
-190
-190
-190
-190
-190
-191
-192
-193
-195
-196
-199
-202
-204
-207
-210
-213
-215
-217
-219
-220
-220
-220
-221
-221
-221
-221
-223
-225
-225
-228
-230
-232
-235
-237
-239
-240
-241
-242
-243
-244
-245
-245
-247
-249
-251
-254
-258
-260
-265
-267
-271
-274
-277
-281
-284
-289
-292
-296
-300
-304
-308
-313
-317
-322
-326
-331
-335
-341
-345
-351
-357
-361
-367
-372
-378
-383
-388
-393
-398
-403
-408
-413
-419
-424
-430
-438
-445
-451
-459
-465
-473
-479
-487
-494
-500
-506
-511
-517
-522
-527
-532
-535
-540
-543
-546
-549
-552
-554
-558
-560
-565
-569
-573
-579
-585
-593
-600
-608
-616
-624
-631
-638
-644
-650
-654
-657
-660
-664
-663
-662
-660
-657
-651
-643
-631
-615
-594
-565
-530
-486
-435
-378
-316
-254
-196
-145
-104
-73
-48
-21
22
99
240
472
825
1317
1948
2047
2047
2047
2047
2047
2047
2047
2047
2047
2047
2047
2047
2047
2047
2047
2047
2047
2047
2047
2047
2047
2047
2047
2047
2047
2047
2047
2047
2047
2047
2047
2047
2047
2047
2047
2047
2047
2047
2047
2047
2047
2047
2047
2047
2047
2047
2047
2047
2047
2047
2047
2047
2047
2047
1568
975
495
132
-123
-293
-401
-471
-521
-565
-611
-661
-715
-774
-831
-887
-938
-979
-1014
-1041
-1061
-1075
-1083
-1088
-1089
-1089
-1087
-1081
-1076
-1069
-1060
-1051
-1041
-1030
-1020
-1008
-996
-984
-974
-963
-953
-944
-937
-927
-920
-914
-908
-904
-900
-896
-894
-892
-890
-889
-888
-887
-887
-888
-889
-891
-893
-895
-898
-901
-905
-910
-914
-920
-926
-933
-940
-947
-956
-963
-971
-979
-983
-989
-993
-994
-994
-992
-990
-986
-981
-977
-973
-969
-967
-965
-965
-966
-968
-970
-974
-976
-980
-983
-986
-988
-991
-993
-995
-997
-999
-1002
-1003
-1006
-1008
-1011
-1013
-1015
-1017
-1019
-1020
-1022
-1024
-1026
-1028
-1030
-1032
-1035
-1037
-1040
-1043
-1046
-1049
-1052
-1054
-1056
-1058
-1058
-1059
-1059
-1058
-1056
-1055
-1052
-1049
-1046
-1043
-1040
-1037
-1035
-1032
-1029
-1027
-1025
-1023
-1022
-1020
-1020
-1018
-1017
-1015
-1013
-1012
-1008
-1007
-1004
-1001
-999
-995
-993
-990
-988
-986
-985
-984
-983
-984
-985
-987
-990
-992
-996
-998
-1002
-1005
-1008
-1010
-1012
-1015
-1016
-1017
-1019
-1019
-1020
-1021
-1022
-1022
-1023
-1023
-1023
-1023
-1021
-1020
-1019
-1016
-1013
-1010
-1006
-1002
-999
-996
-992
-989
-986
-984
-982
-980
-978
-978
-976
-976
-976
-976
-976
-976
-975
-974
-973
-972
-972
-969
-966
-963
-959
-954
-949
-945
-939
-935
-931
-926
-922
-919
-915
-911
-908
-904
-901
-898
-894
-891
-887
-883
-879
-876
-872
-868
-865
-862
-859
-856
-853
-849
-845
-840
-836
-830
-825
-818
-810
-803
-795
-787
-778
-770
-762
-754
-746
-739
-732
-725
-719
-711
-705
-698
-692
-685
-678
-674
-669
-665
-662
-660
-660
-661
-663
-666
-670
-673
-676
-678
-681
-681
-682
-680
-677
-675
-672
-668
-664
-659
-654
-647
-642
-635
-626
-617
-607
-596
-586
-574
-564
-554
-544
-535
-527
-520
-515
-510
-506
-502
-500
-496
-494
-491
-489
-486
-483
-481
-479
-477
-475
-474
-473
-473
-472
-473
-474
-474
-475
-476
-478
-479
-480
-481
-482
-482
-482
-481
-481
-480
-480
-480
-480
-481
-482
-485
-489
-493
-498
-503
-508
-513
-518
-522
-526
-530
-532
-536
-538
-540
-542
-544
-546
-547
-547
-550
-550
-551
-551
-551
-551
-551
-550
-549
-547
-544
-540
-536
-531
-525
-519
-512
-504
-495
-488
-479
-472
-463
-455
-448
-441
-434
-427
-420
-413
-405
-398
-392
-385
-377
-370
-363
-355
-348
-340
-334
-326
-319
-311
-304
-299
-293
-288
-283
-278
-275
-272
-269
-266
-264
-262
-259
-256
-253
-250
-247
-244
-240
-236
-231
-227
-223
-219
-215
-212
-210
-206
-205
-203
-202
-201
-201
-200
-199
-197
-195
-193
-191
-187
-183
-180
-176
-173
-169
-165
-162
-159
-158
-156
-156
-155
-154
-154
-154
-155
-155
-156
-158
-159
-161
-163
-167
-170
-173
-176
-180
-183
-187
-189
-191
-193
-195
-196
-197
-198
-200
-201
-203
-205
-209
-212
-215
-217
-221
-223
-225
-227
-228
-226
-230
-230
-231
-232
-233
-234
-236
-239
-242
-245
-248
-251
-254
-257
-260
-263
-267
-270
-273
-277
-281
-284
-288
-291
-295
-299
-302
-307
-311
-315
-319
-323
-327
-332
-336
-342
-345
-350
-355
-360
-364
-368
-373
-378
-383
-388
-395
-401
-408
-415
-423
-430
-437
-445
-452
-459
-467
-474
-480
-487
-492
-499
-505
-510
-516
-521
-525
-530
-534
-538
-543
-548
-554
-559
-565
-572
-580
-589
-597
-607
-616
-625
-635
-643
-650
-657
-663
-669
-673
-676
-678
-679
-679
-677
-674
-668
-659
-646
-628
-604
-572
-533
-486
-432
-372
-310
-251
-197
-152
-117
-90
-65
-32
27
135
323
619
1048
1619
2047
2047
2047
2047
2047
2047
2047
2047
2047
2047
2047
2047
2047
2047
2047
2047
2047
2047
2047
2047
2047
2047
2047
2047
2047
2047
2047
2047
2047
2047
2047
2047
2047
2047
2047
2047
2047
2047
2047
2047
2047
2047
2047
2047
2047
2047
2047
2047
2047
2047
2047
2047
2047
2047
1981
1334
789
360
45
-173
-314
-405
-468
-515
-561
-609
-663
-722
-781
-841
-896
-944
-986
-1018
-1044
-1062
-1076
-1085
-1090
-1091
-1091
-1087
-1084
-1079
-1071
-1063
-1054
-1043
-1033
-1022
-1011
-999
-988
-976
-966
-956
-947
-938
-930
-923
-917
-911
-907
-903
-900
-896
-893
-891
-889
-887
-886
-885
-885
-885
-886
-887
-889
-891
-894
-896
-900
-905
-910
-915
-921
-927
-935
-942
-949
-957
-963
-968
-972
-975
-976
-975
-973
-970
-966
-962
-958
-954
-952
-950
-950
-951
-953
-956
-959
-963
-968
-972
-976
-980
-982
-987
-990
-994
-998
-1001
-1004
-1009
-1012
-1017
-1020
-1025
-1029
-1032
-1036
-1040
-1043
-1047
-1051
-1055
-1058
-1063
-1067
-1072
-1075
-1079
-1083
-1087
-1090
-1093
-1095
-1096
-1097
-1099
-1099
-1099
-1098
-1096
-1094
-1092
-1090
-1086
-1084
-1081
-1078
-1075
-1073
-1071
-1068
-1065
-1063
-1060
-1058
-1056
-1053
-1049
-1046
-1042
-1038
-1034
-1028
-1024
-1019
-1015
-1010
-1006
-1002
-998
-995
-992
-991
-991
-990
-991
-991
-993
-995
-996
-998
-1000
-1001
-1002
-1003
-1003
-1004
-1004
-1004
-1005
-1005
-1005
-1006
-1006
-1006
-1005
-1004
-1004
-1002
-1001
-999
-997
-993
-990
-988
-984
-981
-978
-976
-974
-973
-971
-971
-970
-971
-972
-972
-974
-974
-975
-977
-979
-979
-980
-980
-980
-979
-978
-976
-973
-970
-966
-962
-958
-954
-950
-946
-941
-937
-934
-931
-927
-923
-920
-915
-912
-908
-904
-899
-895
-891
-887
-882
-879
-874
-871
-866
-863
-859
-855
-850
-845
-839
-832
-825
-818
-810
-800
-792
-782
-772
-763
-754
-745
-736
-729
-721
-713
-705
-698
-691
-684
-678
-672
-666
-660
-657
-653
-651
-650
-651
-652
-653
-657
-660
-663
-667
-668
-671
-671
-670
-670
-669
-666
-664
-661
-658
-655
-652
-647
-642
-636
-630
-622
-614
-606
-597
-587
-579
-571
-564
-558
-552
-548
-545
-543
-541
-539
-538
-537
-536
-535
-534
-532
-531
-530
-529
-527
-527
-527
-526
-527
-527
-527
-527
-528
-529
-530
-531
-531
-531
-530
-530
-528
-526
-524
-522
-521
-518
-517
-516
-516
-516
-519
-521
-523
-527
-530
-534
-538
-541
-544
-547
-549
-551
-552
-553
-555
-555
-556
-557
-557
-557
-557
-557
-556
-555
-555
-554
-552
-550
-548
-545
-541
-537
-530
-525
-518
-511
-503
-495
-487
-478
-472
-463
-456
-449
-442
-436
-429
-422
-417
-411
-404
-398
-391
-385
-378
-372
-365
-359
-352
-345
-339
-332
-326
-319
-313
-307
-303
-297
-293
-290
-286
-282
-278
-275
-271
-269
-266
-262
-259
-256
-252
-249
-246
-243
-241
-239
-235
-232
-229
-226
-224
-222
-220
-217
-216
-213
-211
-208
-205
-202
-198
-194
-189
-184
-178
-173
-168
-164
-160
-157
-153
-151
-149
-148
-146
-146
-145
-146
-145
-146
-146
-148
-150
-152
-154
-157
-161
-165
-168
-171
-176
-180
-184
-187
-190
-191
-194
-195
-197
-199
-201
-204
-206
-210
-213
-218
-222
-227
-230
-235
-239
-242
-245
-247
-249
-252
-255
-258
-263
-266
-270
-275
-280
-285
-290
-295
-299
-304
-308
-314
-317
-322
-326
-331
-335
-340
-344
-349
-352
-358
-361
-365
-371
-376
-379
-384
-389
-394
-399
-404
-408
-412
-416
-420
-424
-428
-432
-436
-441
-446
-451
-457
-462
-468
-473
-480
-486
-491
-497
-502
-507
-512
-517
-522
-526
-529
-532
-535
-538
-541
-543
-545
-547
-550
-553
-556
-560
-564
-568
-575
-582
-588
-597
-605
-613
-621
-629
-636
-643
-648
-652
-657
-659
-661
-663
-663
-662
-659
-655
-647
-637
-621
-599
-571
-537
-493
-443
-385
-325
-265
-210
-161
-123
-94
-71
-45
0
84
234
480
848
1355
1999
2047
2047
2047
2047
2047
2047
2047
2047
2047
2047
2047
2047
2047
2047
2047
2047
2047
2047
2047
2047
2047
2047
2047
2047
2047
2047
2047
2047
2047
2047
2047
2047
2047
2047
2047
2047
2047
2047
2047
2047
2047
2047
2047
2047
2047
2047
2047
2047
2047
2047
2047
2047
2047
2047
1633
1035
548
180
-82
-257
-370
-442
-496
-541
-589
-639
-696
-756
-817
-874
-926
-972
-1009
-1039
-1061
-1078
-1090
-1097
-1102
-1103
-1104
-1101
-1097
-1093
-1088
-1080
-1073
-1064
-1055
-1046
-1036
-1027
-1017
-1009
-999
-992
-985
-979
-972
-968
-963
-959
-956
-953
-951
-949
-947
-945
-944
-943
-943
-944
-945
-945
-946
-947
-949
-952
-954
-957
-960
-964
-969
-974
-979
-985
-991
-997
-1003
-1008
-1013
-1016
-1018
-1018
-1017
-1013
-1009
-1003
-997
-991
-986
-981
-978
-975
-974
-975
-975
-977
-979
-982
-985
-988
-991
-993
-995
-997
-999
-1002
-1003
-1006
-1008
-1010
-1014
-1016
-1020
-1023
-1026
-1029
-1031
-1035
-1038
-1042
-1046
-1049
-1053
-1058
-1062
-1066
-1071
-1075
-1079
-1083
-1087
-1091
-1094
-1096
-1097
-1099
-1100
-1100
-1099
-1098
-1098
-1096
-1094
-1093
-1091
-1090
-1087
-1086
-1084
-1083
-1082
-1080
-1079
-1078
-1076
-1075
-1072
-1071
-1068
-1065
-1062
-1058
-1055
-1051
-1046
-1041
-1037
-1033
-1029
-1026
-1023
-1021
-1020
-1018
-1019
-1019
-1020
-1022
-1023
-1024
-1025
-1027
-1027
-1027
-1027
-1027
-1027
-1027
-1026
-1025
-1025
-1024
-1023
-1023
-1021
-1020
-1019
-1017
-1014
-1012
-1008
-1005
-1001
-997
-993
-989
-985
-982
-979
-977
-975
-973
-972
-971
-971
-972
-972
-973
-973
-974
-976
-977
-978
-979
-980
-980
-980
-979
-978
-976
-974
-971
-969
-966
-965
-962
-960
-958
-956
-955
-953
-952
-950
-948
-946
-944
-942
-940
-938
-935
-932
-930
-928
-926
-924
-922
-919
-917
-915
-911
-907
-902
-896
-891
-884
-876
-868
-860
-851
-842
-832
-824
-815
-806
-798
-789
-782
-773
-766
-757
-749
-740
-734
-726
-719
-713
-707
-703
-701
-699
-699
-699
-701
-703
-705
-708
-709
-710
-709
-706
-705
-702
-699
-694
-690
-685
-680
-675
-668
-662
-655
-646
-637
-627
-616
-605
-595
-584
-574
-565
-557
-551
-545
-541
-536
-534
-532
-530
-530
-528
-526
-525
-524
-523
-524
-520
-520
-520
-521
-521
-522
-522
-523
-526
-528
-529
-532
-533
-535
-537
-538
-539
-540
-539
-538
-537
-536
-536
-535
-533
-534
-535
-537
-538
-542
-545
-548
-551
-554
-557
-561
-562
-563
-564
-565
-566
-566
-566
-566
-566
-565
-565
-564
-563
-562
-560
-558
-557
-554
-552
-548
-545
-540
-535
-529
-521
-515
-506
-497
-488
-478
-470
-460
-451
-443
-435
-427
-420
-413
-406
-398
-392
-385
-379
-372
-366
-359
-352
-346
-339
-332
-325
-317
-311
-304
-298
-291
-285
-279
-274
-270
-267
-264
-263
-261
-260
-259
-259
-259
-257
-257
-256
-255
-253
-251
-249
-247
-244
-242
-240
-237
-236
-235
-233
-233
-232
-232
-231
-231
-231
-230
-228
-227
-224
-221
-219
-214
-211
-208
-205
-201
-199
-197
-195
-194
-192
-190
-190
-189
-189
-188
-188
-188
-188
-188
-188
-190
-191
-192
-194
-196
-198
-201
-203
-204
-205
-206
-207
-207
-206
-206
-205
-206
-206
-207
-209
-211
-212
-215
-218
-220
-223
-226
-227
-228
-229
-231
-231
-232
-233
-235
-238
-240
-245
-248
-252
-256
-259
-264
-267
-271
-276
-280
-284
-288
-293
-297
-302
-307
-311
-316
-321
-327
-332
-337
-343
-348
-353
-359
-365
-371
-377
-382
-387
-393
-397
-403
-407
-412
-416
-421
-427
-431
-438
-444
-450
-456
-462
-468
-474
-480
-486
-491
-498
-502
-507
-512
-516
-520
-523
-527
-530
-532
-535
-537
-539
-541
-543
-546
-549
-554
-558
-564
-570
-577
-584
-592
-600
-608
-615
-622
-627
-633
-637
-641
-643
-645
-645
-645
-643
-639
-633
-623
-610
-592
-568
-536
-498
-451
-397
-338
-277
-218
-165
-120
-85
-60
-36
-4
53
160
345
638
1064
1631
2047
2047
2047
2047
2047
2047
2047
2047
2047
2047
2047
2047
2047
2047
2047
2047
2047
2047
2047
2047
2047
2047
2047
2047
2047
2047
2047
2047
2047
2047
2047
2047
2047
2047
2047
2047
2047
2047
2047
2047
2047
2047
2047
2047
2047
2047
2047
2047
2047
2047
2047
2047
2047
2047
1886
1249
718
304
4
-201
-333
-416
-473
-519
-563
-611
-665
-721
-780
-838
-891
-938
-978
-1006
-1031
-1048
-1060
-1068
-1071
-1073
-1072
-1069
-1066
-1060
-1054
-1045
-1038
-1028
-1018
-1009
-998
-988
-978
-968
-958
-951
-943
-936
-930
-925
-919
-917
-912
-909
-907
-906
-905
-903
-903
-902
-903
-903
-904
-906
-907
-909
-911
-914
-918
-921
-926
-930
-934
-940
-947
-954
-961
-967
-975
-981
-987
-991
-995
-996
-996
-994
-991
-987
-982
-977
-971
-967
-963
-960
-960
-959
-960
-961
-963
-966
-969
-972
-974
-977
-979
-981
-983
-985
-987
-989
-991
-993
-995
-999
-1001
-1003
-1006
-1008
-1011
-1014
-1016
-1018
-1021
-1024
-1027
-1030
-1034
-1038
-1042
-1046
-1049
-1053
-1056
-1059
-1062
-1064
-1066
-1067
-1068
-1068
-1067
-1067
-1067
-1066
-1064
-1062
-1061
-1060
-1059
-1058
-1058
-1057
-1056
-1055
-1056
-1056
-1054
-1054
-1053
-1052
-1051
-1050
-1047
-1044
-1042
-1039
-1036
-1034
-1031
-1029
-1026
-1024
-1022
-1022
-1022
-1022
-1023
-1024
-1027
-1030
-1032
-1035
-1037
-1039
-1041
-1042
-1044
-1044
-1045
-1044
-1045
-1044
-1044
-1044
-1043
-1042
-1041
-1040
-1039
-1037
-1034
-1031
-1028
-1024
-1020
-1015
-1011
-1006
-1001
-998
-995
-990
-987
-984
-983
-981
-980
-979
-978
-978
-979
-979
-979
-980
-979
-980
-978
-976
-975
-973
-970
-966
-962
-957
-952
-948
-943
-940
-936
-931
-928
-925
-922
-919
-916
-914
-911
-907
-904
-901
-898
-896
-892
-889
-888
-884
-882
-879
-878
-875
-873
-870
-867
-863
-859
-854
-849
-843
-835
-827
-821
-812
-804
-796
-788
-781
-773
-766
-759
-751
-744
-737
-730
-723
-715
-709
-703
-697
-692
-687
-685
-682
-682
-683
-683
-686
-687
-690
-692
-693
-693
-692
-690
-687
-683
-679
-674
-670
-664
-659
-652
-645
-638
-629
-619
-609
-598
-586
-576
-564
-552
-541
-532
-523
-517
-510
-505
-501
-497
-494
-492
-490
-488
-487
-485
-483
-482
-480
-480
-479
-479
-479
-480
-480
-482
-483
-486
-488
-490
-493
-495
-497
-499
-501
-502
-503
-503
-504
-503
-504
-504
-505
-506
-508
-511
-514
-519
-524
-530
-535
-541
-546
-551
-556
-560
-564
-567
-569
-572
-574
-576
-577
-578
-580
-581
-582
-582
-583
-582
-581
-581
-580
-577
-575
-571
-566
-561
-554
-547
-540
-531
-523
-514
-505
-496
-487
-478
-470
-462
-453
-446
-438
-429
-421
-412
-405
-397
-389
-381
-373
-365
-357
-349
-342
-336
-327
-320
-314
-308
-302
-297
-293
-288
-284
-281
-278
-275
-274
-272
-270
-268
-266
-263
-261
-257
-254
-250
-246
-243
-238
-235
-230
-227
-224
-221
-218
-216
-215
-213
-212
-211
-210
-209
-207
-205
-203
-201
-197
-194
-191
-188
-184
-182
-179
-177
-175
-174
-172
-171
-170
-169
-168
-168
-168
-168
-169
-168
-169
-171
-172
-174
-176
-179
-181
-184
-186
-189
-191
-192
-193
-195
-195
-195
-196
-196
-196
-198
-199
-201
-204
-206
-209
-212
-214
-217
-219
-220
-222
-222
-224
-224
-225
-226
-227
-229
-231
-234
-238
-240
-244
-246
-249
-252
-255
-259
-262
-265
-269
-273
-277
-280
-285
-290
-293
-299
-304
-307
-313
-319
-324
-330
-337
-343
-348
-355
-361
-368
-373
-379
-385
-391
-397
-403
-410
-417
-424
-431
-439
-448
-456
-464
-471
-479
-487
-494
-502
-509
-515
-522
-527
-533
-538
-544
-548
